53927 200203  1.001  -97.1082   36.1346 -9999.0 -9999.0 -9999.0 -9999.0 -9999.0 -9999.0 U -9999.0 -9999.0 -9999.0
53927 200204  1.001  -97.1082   36.1346    21.7     9.9    15.8    15.9 -9999.0    16.6 R -9999.0 -9999.0    16.9
53927 200205  1.001  -97.1082   36.1346    24.0    12.7    18.3    18.7   116.6    18.7 R -9999.0 -9999.0    20.3
53927 200206  1.001  -97.1082   36.1346    30.2    18.5    24.3    24.5 -9999.0    24.3 R -9999.0 -9999.0    26.7
53927 200207  1.001  -97.1082   36.1346    32.8    20.5    26.6    26.8 -9999.0    22.3 R -9999.0 -9999.0    28.8
53927 200208  1.001  -97.1082   36.1346    33.4    20.9    27.1    27.0   116.4    21.1 R -9999.0 -9999.0    28.4
53927 200209  1.001  -97.1082   36.1346    29.6    15.3    22.4    22.3   104.4    19.3 R -9999.0 -9999.0    23.7
53927 200210  1.001  -97.1082   36.1346    17.2     7.8    12.5    12.4 -9999.0     8.5 R -9999.0 -9999.0    13.1
53927 200211  1.001  -97.1082   36.1346    14.7     0.0     7.4     7.3     4.8    10.1 R -9999.0 -9999.0     7.2
53927 200212  1.001  -97.1082   36.1346    11.0    -2.2     4.4     4.5 -9999.0     7.4 R -9999.0 -9999.0     3.7
53927 200301  1.001  -97.1082   36.1346     8.6    -5.4     1.6     1.4     2.1     9.5 R -9999.0 -9999.0     1.3
53927 200302  1.001  -97.1082   36.1346     8.5    -4.9     1.8     2.0 -9999.0     9.5 R -9999.0 -9999.0     2.2
53927 200303  1.002  -97.1082   36.1346    16.1     1.0     8.6     8.9 -9999.0    15.3 R -9999.0 -9999.0     9.4
53927 200304  1.002  -97.1082   36.1346    22.8     7.7    15.3    15.6    32.9    20.6 R -9999.0 -9999.0    16.7
53927 200305  1.002  -97.1082   36.1346    26.5    12.1    19.3    19.9    75.8    20.8 R -9999.0 -9999.0    21.7
53927 200306  1.002  -97.1082   36.1346    28.9    16.3    22.6    22.9   105.4    22.4 R -9999.0 -9999.0    24.8
53927 200307  1.100  -97.1082   36.1346    35.9    21.4    28.6    29.1    17.9    25.4 R -9999.0 -9999.0    30.6
53927 200308  1.100  -97.1082   36.1346    35.2    20.7    27.9    28.0    87.0    19.9 R -9999.0 -9999.0    30.1
53927 200309  1.100  -97.1082   36.1346    25.9    13.4    19.6    19.7    62.9    15.8 R -9999.0 -9999.0    20.7
53927 200310  1.100  -97.1082   36.1346    23.5     8.1    15.8    15.7    77.4    13.6 R -9999.0 -9999.0    16.0
53927 200311  1.100  -97.1082   36.1346    14.8     3.0     8.9     9.2    53.8     6.7 R -9999.0 -9999.0     8.9
53927 200312  1.100  -97.1082   36.1346    11.5    -1.4     5.0     5.1    37.9     8.2 R -9999.0 -9999.0     3.9
53927 200401  1.100  -97.1082   36.1346     9.1    -3.7     2.7     2.5    60.2     8.2 R -9999.0 -9999.0     2.2
53927 200402  1.201  -97.1082   36.1346     9.5    -3.1     3.2     3.1    45.5    11.5 R -9999.0 -9999.0     3.0
53927 200403  1.201  -97.1082   36.1346    18.1     5.0    11.6    12.0   116.7    15.2 R -9999.0 -9999.0    11.7
53927 200404  1.201  -97.1082   36.1346    21.4     8.3    14.8    15.1    77.5    18.4 R -9999.0 -9999.0    14.5
53927 200405  1.201  -97.1082   36.1346    28.0    14.9    21.5    21.7     4.6    22.8 R -9999.0 -9999.0    22.3
53927 200406  1.201  -97.1082   36.1346    28.4    17.9    23.1    23.1   221.7    19.8 R -9999.0 -9999.0    25.1
53927 200407  1.201  -97.1082   36.1346    30.7    19.3    25.0    25.2   118.2    22.0 R -9999.0 -9999.0    25.8
53927 200408  1.201  -97.1082   36.1346    30.0    17.6    23.8    23.9    43.9    20.8 R -9999.0 -9999.0    24.3
53927 200409  1.201  -97.1082   36.1346    30.5    14.7    22.6    22.5    30.8    19.3 R -9999.0 -9999.0    22.5
53927 200410  1.201  -97.1082   36.1346    23.1     9.9    16.5    16.6   117.0    10.7 R -9999.0 -9999.0    16.5
53927 200411  1.201  -97.1082   36.1346    14.5     4.6     9.6     9.6   112.3     6.7 R -9999.0 -9999.0     9.4
53927 200412  1.201  -97.1082   36.1346    12.2    -2.9     4.6     4.1    24.8     9.3 R -9999.0 -9999.0     2.7
53927 200501  1.201  -97.1082   36.1346     8.4    -2.8     2.8     2.2    65.5     7.1 R -9999.0 -9999.0     2.0
53927 200502  1.201  -97.1082   36.1346    12.8     0.4     6.6     6.5    32.3     9.7 R -9999.0 -9999.0     6.4
53927 200503  1.201  -97.1082   36.1346    16.6     2.3     9.5     9.8    18.2    15.0 R -9999.0 -9999.0    10.4
53927 200504  1.201  -97.1082   36.1346    22.2     7.4    14.8    15.3    10.2    19.5 R -9999.0 -9999.0    16.2
53927 200505  1.201  -97.1082   36.1346    26.2    13.5    19.8    20.0    88.1    19.9 R -9999.0 -9999.0    21.1
53927 200506  1.201  -97.1082   36.1346    31.6    18.7    25.2    25.4    99.1    24.9 R -9999.0 -9999.0    29.1
53927 200507  1.201  -97.1082   36.1346    33.1    19.1    26.1    26.3    97.4    25.7 R -9999.0 -9999.0    27.8
53927 200508  1.201  -97.1082   36.1346    32.8    20.3    26.6    26.1   210.0    20.4 R -9999.0 -9999.0    29.2
53927 200509  1.201  -97.1082   36.1346    30.8    16.4    23.6    23.4    90.5    19.3 R -9999.0 -9999.0    25.9
53927 200510  1.201  -97.1082   36.1346    23.0     8.9    15.9    15.5    55.0    13.1 R -9999.0 -9999.0    16.0
53927 200511  1.201  -97.1082   36.1346    19.3     1.1    10.2    10.4     0.2    11.4 R -9999.0 -9999.0     8.6
53927 200512  1.201  -97.1082   36.1346     9.5    -6.2     1.7     1.9     2.9     8.6 R -9999.0 -9999.0     0.7
53927 200601  1.201  -97.1082   36.1346    15.9    -2.1     6.9     7.2    17.2    10.2 R -9999.0 -9999.0     5.0
53927 200602  1.201  -97.1082   36.1346    11.6    -4.4     3.6     3.8     3.4    12.7 R -9999.0 -9999.0     3.3
53927 200603  1.201  -97.1082   36.1346    18.3     3.1    10.7    11.3    50.5    14.3 R -9999.0 -9999.0    10.9
53927 200604  1.301  -97.1082   36.1346    26.3     9.9    18.1    18.4   130.4    20.5 R -9999.0 -9999.0    19.1
53927 200605  1.301  -97.1082   36.1346    27.5    14.1    20.8    21.2    91.3    22.8 R    39.4    12.8    22.6
53927 200606  1.301  -97.1082   36.1346    32.6    17.6    25.1    25.5    63.3    26.2 R    52.5    16.7    29.5
53927 200607  1.301  -97.1082   36.1346    35.5    20.9    28.2    28.4    87.5    25.3 R    46.8    19.7    29.4
53927 200608  1.301  -97.1082   36.1346    36.1    22.5    29.3    28.9    50.5    21.9 R    49.8    21.4    30.8
53927 200609  1.301  -97.1082   36.1346    29.3    12.5    20.9    21.0    33.4    19.1 R    41.2    11.4    22.3
53927 200610  1.301  -97.1082   36.1346    23.0     8.0    15.5    15.4    42.6    13.3 R    31.3     7.0    16.1
53927 200611  1.301  -97.1082   36.1346    17.5     2.2     9.9     9.5    44.8    10.0 R    23.0     1.7    10.0
53927 200612  1.301  -97.1082   36.1346    11.1    -2.6     4.3     4.1    57.2     8.5 R    12.5    -4.1     3.0
53927 200701  1.301  -97.1082   36.1346     6.9    -4.5     1.2     0.8    39.2     8.8 R    10.6    -4.5     1.3
53927 200702  1.301  -97.1082   36.1346    10.3    -3.0     3.7     3.8     9.5    12.5 R    18.8    -3.9     4.7
53927 200703  1.301  -97.1082   36.1346    21.0     6.9    14.0    14.2   133.5    14.6 R    31.2     5.7    15.0
53927 200704  1.302  -97.1082   36.1346    19.3     6.2    12.8    13.1   105.2    18.4 R    26.9     6.0    14.3
53927 200705  1.302  -97.1082   36.1346    25.3    15.8    20.5    20.3   291.6    17.4 R    30.1    15.7    20.9
53927 200706  1.302  -97.1082   36.1346    28.6    19.1    23.9    23.3   448.3    19.0 R    33.3    19.4    24.1
53927 200707  1.302  -97.1082   36.1346    31.2    20.5    25.9    25.5   148.8    23.5 R    34.6    20.9    25.9
53927 200708  1.302  -97.1082   36.1346    34.0    21.6    27.8    27.6    33.1    23.2 R    36.2    20.9    27.0
53927 200709  1.302  -97.1082   36.1346    29.1    16.9    23.0    22.6   118.8    17.3 R    34.0    16.6    23.1
53927 200710  1.302  -97.1082   36.1346    23.9     9.3    16.6    16.7    95.0    15.0 R    27.2     8.5    16.4
53927 200711  1.302  -97.1082   36.1346    17.6     1.3     9.4     9.3    21.9    11.3 R    19.4    -0.2     8.2
53927 200712  1.302  -97.1082   36.1346     8.2    -4.0     2.1     1.9    49.1     6.9 R     9.0    -5.1     1.2
53927 200801  1.302  -97.1082   36.1346     9.9    -5.2     2.4     2.5    18.5    10.1 R    11.9    -7.1     1.3
53927 200802  1.302  -97.1082   36.1346    10.7    -3.7     3.5     3.1    58.8    11.9 R    14.1    -4.8     2.8
53927 200803  1.302  -97.1082   36.1346    16.7     1.4     9.0     9.4   106.6    16.9 R    22.4     0.2     9.3
53927 200804  1.302  -97.1082   36.1346    21.1     6.3    13.7    14.0   149.1    20.7 R    28.1     5.1    14.4
53927 200805  1.302  -97.1082   36.1346    26.6    13.3    19.9    20.1   184.9    24.0 R    36.0    12.8    21.6
53927 200806  1.302  -97.1082   36.1346    30.8    19.5    25.2    25.3   126.3    24.2 R    46.4    19.5    28.9
53927 200807  1.302  -97.1082   36.1346    33.2    20.7    27.0    27.2   122.5    24.4 R    47.1    20.8    30.3
53927 200808  1.302  -97.1082   36.1346    31.9    19.5    25.7    25.3    31.5    19.4 R    42.5    19.3    27.2
53927 200809  1.302  -97.1082   36.1346    27.6    13.6    20.6    20.2    50.1    17.5 R    36.1    13.3    21.5
53927 200810  1.302  -97.1082   36.1346    23.2     7.0    15.1    14.7    51.4    14.3 R    30.1     6.1    15.2
53927 200811  1.302  -97.1082   36.1346    16.5     1.4     9.0     8.6    57.0    11.4 R    20.5     0.1     8.3
53927 200812  1.302  -97.1082   36.1346    10.3    -4.5     2.9     2.6    15.0     8.2 R    12.9    -5.6     2.4
53927 200901  1.302  -97.1082   36.1346     9.3    -6.8     1.3     0.8     3.5    10.3 R    14.2    -8.3     0.7
53927 200902  1.302  -97.1082   36.1346    15.1    -0.2     7.4     7.6    63.3    14.6 R    23.1    -1.9     8.0
53927 200903  1.302  -97.1082   36.1346    18.1     4.1    11.1    11.1   108.8    15.0 R    26.0     2.3    11.6
53927 200904  1.302  -97.1082   36.1346    21.4     6.8    14.1    14.5   122.2    18.0 R    27.5     5.9    14.8
53927 200905  2.402  -97.1082   36.1346    24.2    12.1    18.2    18.4    75.7    20.4 R    29.3    11.3    18.9
53927 200906  2.402  -97.1082   36.1346    32.7    19.8    26.3    26.5    47.9    25.3 R    52.0    19.5    31.5
53927 200907  2.402  -97.1082   36.1346    33.0    19.5    26.3    26.4   130.3    23.5 R    42.9    19.6    28.7
53927 200908  2.402  -97.1082   36.1346    30.7    19.2    25.0    24.9   222.6    23.2 R    36.1    19.3    26.4
53927 200909  2.402  -97.1082   36.1346    26.2    15.4    20.8    20.4    82.6    15.1 R    30.9    15.5    21.7
53927 200910  2.402  -97.1082   36.1346    17.4     6.5    11.9    12.2   157.8    10.1 R    21.0     6.6    13.2
53927 200911  2.402  -97.1082   36.1346    18.3     4.5    11.4    11.0    32.8     9.7 R    20.9     4.4    11.6
53927 200912  2.402  -97.1082   36.1346     6.9    -5.8     0.5     0.5    24.8     7.9 R     9.5    -7.0     0.9
53927 201001  2.402  -97.1082   36.1346     5.9    -4.5     0.7     0.4    49.1     8.5 R     8.5    -5.5     0.7
53927 201002  2.402  -97.1082   36.1346     6.4    -3.2     1.6     1.5    44.0     9.5 R    10.9    -4.0     2.6
53927 201003  2.402  -97.1082   36.1346    15.8     2.2     9.0     9.2    57.8    14.3 R    21.6     1.7    10.4
53927 201004  2.402  -97.1082   36.1346    22.9     9.8    16.3    16.7    87.5    20.2 R    29.2     9.9    18.6
53927 201005  2.402  -97.1082   36.1346    25.6    13.1    19.4    19.6   168.1    19.9 R    36.9    12.8    22.4
53927 201006  2.402  -97.1082   36.1346    31.7    21.7    26.7    26.8   152.2    24.5 R    40.9    22.0    29.5
53927 201007  2.402  -97.1082   36.1346    33.0    22.5    27.8    27.5    84.8    23.4 R    42.1    22.8    30.1
53927 201008  2.402  -97.1082   36.1346    35.1    20.6    27.8    27.8    56.1    23.3 R    47.0    20.0    30.4
53927 201009  2.402  -97.1082   36.1346    29.9    16.5    23.2    22.9    75.0    18.6 R    38.7    14.9    23.9
53927 201010  2.402  -97.1082   36.1346    25.5     6.5    16.0    15.6    40.2    15.4 R    32.7     3.8    15.0
53927 201011  2.402  -97.1082   36.1346    17.0     2.0     9.5     9.6    48.4    10.7 R    20.0    -0.7     8.0
53927 201012  2.402  -97.1082   36.1346    10.0    -3.6     3.2     2.8    15.0     7.9 R    12.8    -5.3     2.0
53927 201101  2.402  -97.1082   36.1346     8.0    -7.7     0.1    -0.3    10.1     9.9 R    10.5    -9.2    -1.1
53927 201102  2.402  -97.1082   36.1346    11.0    -5.3     2.9     3.0    78.5    12.1 R    11.5    -8.3     0.8
53927 201103  2.402  -97.1082   36.1346    17.3     3.9    10.6    10.7    16.3    13.6 R    25.2     1.2    10.2
53927 201104  2.402  -97.1082   36.1346    24.5     8.0    16.2    17.2    45.2    19.6 R    34.6     4.8    17.3
53927 201105  2.402  -97.1082   36.1346    26.1    13.5    19.8    19.9   105.6    21.6 R    34.8    11.2    20.4
53927 201106  2.402  -97.1082   36.1346    35.7    20.7    28.2    28.7    44.5    26.2 R    45.1    18.6    29.9
53927 201107  2.402  -97.1082   36.1346    40.0    24.1    32.1    32.3     6.2    25.3 R    54.9    21.1    34.2
53927 201108  2.402  -97.1082   36.1346    39.2    22.3    30.8    30.5    46.7    21.6 R    52.8    20.7    31.8
53927 201109  2.402  -97.1082   36.1346    29.2    12.2    20.7    20.6    70.1    19.4 R    41.2    11.3    22.5
53927 201110  2.402  -97.1082   36.1346    24.3     8.0    16.2    15.9    53.2    15.1 R    30.3     7.2    16.2
53927 201111  2.402  -97.1082   36.1346    16.1     1.9     9.0     9.2    68.5     9.7 R    19.0     1.1     9.0
53927 201112  2.402  -97.1082   36.1346    10.3    -2.8     3.8     3.6    51.2     7.3 R    13.1    -3.3     3.5
53927 201201  2.402  -97.1082   36.1346    13.5    -4.4     4.5     4.4    25.7    11.0 R    17.5    -5.5     3.8
53927 201202  2.402  -97.1082   36.1346    12.3    -1.0     5.6     5.7    75.3    10.8 R    17.8    -2.1     6.0
53927 201203  2.412  -97.1082   36.1346    22.4     8.1    15.2    15.2    98.1    15.5 C    28.1     6.0    14.6
53927 201204  2.412  -97.1082   36.1346    23.7    11.2    17.4    17.8   157.0    18.8 C    27.9     9.6    17.6
53927 201205  2.412  -97.1082   36.1346    29.0    15.7    22.3    22.7    28.8    23.5 C    32.5    14.5    22.8
53927 201206  2.412  -97.1082   36.1346    32.4    18.5    25.5    26.0    55.3    24.2 C    38.3    17.3    26.4
53927 201207  2.412  -97.1082   36.1346    38.7    22.1    30.4    30.7     2.3    26.0 C    52.2    20.9    33.5
53927 201208  2.412  -97.1082   36.1346    35.7    19.7    27.7    27.7    68.1    21.9 C    46.8    18.6    29.7
53927 201209  2.412  -97.1082   36.1346    30.9    15.7    23.3    23.1    28.5    17.2 C    38.2    14.7    23.7
53927 201210  2.412  -97.1082   36.1346    22.9     6.7    14.8    15.0    11.9    13.4 C    28.9     4.7    14.8
53927 201211  2.412  -97.1082   36.1346    19.7     1.0    10.3    10.2    11.0    11.7 C    24.0    -0.7     9.1
53927 201212  2.412  -97.1082   36.1346    12.4    -3.8     4.3     4.5    11.6     8.0 C    15.1    -5.5     3.5
53927 201301  2.412  -97.1082   36.1346    11.5    -3.9     3.8     3.3    28.6     8.8 C    14.9    -5.2     2.6
53927 201302  2.412  -97.1082   36.1346    11.0    -3.5     3.8     4.2    77.1    12.3 C    16.6    -5.0     4.0
53927 201303  2.412  -97.1082   36.1346    15.4     0.5     7.9     8.2    40.8    15.7 C    24.2    -1.3     8.7
53927 201304  2.422  -97.1082   36.1346    18.3     6.0    12.2    12.2   125.6    15.6 C    25.6     4.7    12.9
53927 201305  2.422  -97.1082   36.1346    24.5    12.5    18.5    18.7   165.8    16.9 C    29.5    10.9    18.6
53927 201306  2.422  -97.1082   36.1346    30.8    19.4    25.1    25.2   127.3    25.0 C    35.3    17.7    25.2
53927 201307  2.422  -97.1082   36.1346    32.0    19.9    26.0    26.0   158.2    21.9 C    35.0    18.7    25.9
53927 201308  2.422  -97.1082   36.1346    31.9    20.0    25.9    25.9    56.4    21.2 C    32.8    19.1    25.4
53927 201309  2.422  -97.1082   36.1346    31.1    15.1    23.1    23.1    47.2    18.3 C    33.4    14.1    22.7
53927 201310  2.422  -97.1082   36.1346    21.8     8.0    14.9    15.0    51.2    12.6 C    23.8     6.5    14.2
53927 201311  2.422  -97.1082   36.1346    14.2     0.1     7.2     7.4    44.1     9.0 C    16.2    -1.4     6.1
53927 201312  2.422  -97.1082   36.1346     8.0    -6.7     0.6     0.1    20.3     7.5 C     7.9    -8.3    -1.2
53927 201401  2.422  -97.1082   36.1346     9.2    -8.0     0.6     1.0     4.6    10.2 C    11.2   -10.2    -1.0
53927 201402  2.422  -97.1082   36.1346     8.4    -6.7     0.9     1.2    13.8    11.6 C    13.5    -8.8     0.8
53927 201403  2.422  -97.1082   36.1346    15.5    -1.8     6.8     7.0    35.5    16.5 C    23.3    -4.9     6.9
53927 201404  2.422  -97.1082   36.1346    22.9     5.8    14.3    15.3    26.3    20.1 C    34.6     2.4    15.9
53927 201405  2.422  -97.1082   36.1346    28.6    13.2    20.9    21.0    15.2    22.4 C    47.3     9.8    23.8
53927 201406  2.422  -97.1082   36.1346    30.4    19.9    25.1    25.2   187.2    22.7 C    40.7    18.6    26.6
53927 201407  2.422  -97.1082   36.1346    30.9    19.0    24.9    25.1   107.0    22.1 C    33.0    17.8    24.8
53927 201408  2.422  -97.1082   36.1346    33.9    20.1    27.0    27.1    59.0    23.8 C    36.5    18.8    26.9
53927 201409  2.422  -97.1082   36.1346    29.0    16.2    22.6    22.4   106.5    17.3 C    32.2    15.3    22.4
53927 201410  2.422  -97.1082   36.1346    25.4     9.9    17.6    17.5    71.7    14.5 C    29.4     8.5    17.1
53927 201411  2.422  -97.1082   36.1346    13.3    -0.6     6.3     6.5    58.2    10.2 C    16.3    -2.3     5.6
53927 201412  2.422  -97.1082   36.1346     9.0     0.0     4.5     4.8    12.0     5.0 C    12.1    -1.0     4.8
53927 201501  2.422  -97.1082   36.1346     9.8    -5.5     2.2     2.3    27.2     8.8 C    13.3    -6.9     1.3
53927 201502  2.422  -97.1082   36.1346     9.2    -5.4     1.9     1.3    22.5    12.0 C    15.4    -6.7     1.4
53927 201503  2.422  -97.1082   36.1346    17.9     2.1    10.0    10.2    27.0    15.2 C    27.1     0.3    10.7
53927 201504  2.422  -97.1082   36.1346    22.2     9.6    15.9    16.0    98.4    17.1 C    32.6     7.6    17.2
53927 201505  2.422  -97.1082   36.1346    23.8    13.6    18.7    18.7   260.4    16.5 C    31.3    12.7    19.7
53927 201506  2.422  -97.1082   36.1346    31.7    19.9    25.8    25.9    69.2    24.2 C    34.2    18.5    25.4
53927 201507  2.422  -97.1082   36.1346    33.1    22.0    27.5    27.6    88.2    22.7 C    32.4    20.7    26.4
53927 201508  2.422  -97.1082   36.1346    32.6    18.5    25.6    25.6    86.7    20.0 C    34.8    17.3    25.4
53927 201509  2.422  -97.1082   36.1346    30.7    17.6    24.2    24.0    68.4    18.7 C    30.7    16.4    23.1
53927 201510  2.422  -97.1082   36.1346    23.7     9.0    16.3    16.0    91.8    13.1 C    24.8     7.5    15.2
53927 201511  2.422  -97.1082   36.1346    17.1     3.5    10.3    10.1   127.0     9.3 C    18.4     2.4     9.5
53927 201512  2.422  -97.1082   36.1346    13.3    -1.0     6.2     6.0    71.8     7.9 C    14.5    -3.0     4.6
53927 201601  2.422  -97.1082   36.1346     8.6    -4.4     2.1     1.9     3.6     8.8 C    11.4    -6.2     0.9
53927 201602  2.422  -97.1082   36.1346    15.7    -0.7     7.5     7.7    28.2    14.8 C    21.0    -3.6     6.6
53927 201603  2.422  -97.1082   36.1346    19.7     3.7    11.7    12.2    70.5    16.4 C    25.7     0.9    11.6
53927 201604  2.422  -97.1082   36.1346    22.8     7.6    15.2    15.7   137.7    19.2 C    28.7     5.7    15.7
53927 201605  2.422  -97.1082   36.1346    24.8    12.6    18.7    18.8    83.4    20.2 C    32.7    10.6    19.5
53927 201606  2.422  -97.1082   36.1346    32.9    20.0    26.5    26.4    59.5    23.5 C    37.8    18.2    26.6
53927 201607  2.422  -97.1082   36.1346    33.5    22.3    27.9    27.9   143.2    21.4 C    36.5    21.1    27.6
53927 201608  2.422  -97.1082   36.1346    33.5    20.6    27.0    26.7   114.6    19.8 C    38.8    19.1    27.1
53927 201609  2.422  -97.1082   36.1346    30.1    17.3    23.7    23.3    56.9    17.2 C    31.9    16.0    22.8
53927 201610  2.422  -97.1082   36.1346    26.4    12.0    19.2    19.1    93.1    12.7 C    27.4    10.6    18.1
53927 201611  2.422  -97.1082   36.1346    20.0     4.5    12.3    12.0     8.4     9.7 C    21.0     2.7    10.7
53927 201612  2.422  -97.1082   36.1346     9.6    -4.9     2.3     2.5    11.6     6.7 C    11.1    -6.8     1.4
53927 201701  2.422  -97.1082   36.1346    11.3    -2.9     4.2     4.2    68.4     8.4 C    13.0    -5.3     2.9
53927 201702  2.422  -97.1082   36.1346    17.3     1.2     9.3     9.4    56.0    11.1 C    21.0    -1.9     8.1
53927 201703  2.422  -97.1082   36.1346    20.0     4.5    12.2    12.6    48.9    14.4 C    25.8     1.8    12.2
53927 201704  2.422  -97.1082   36.1346    22.0     9.7    15.9    15.9   231.4    16.1 C    24.0     8.2    15.4
53927 201705  2.422  -97.1082   36.1346    26.3    11.8    19.1    19.4    61.1    29.8 C    38.1     8.8    20.6
53927 201706  2.422  -97.1082   36.1346    31.2    18.9    25.0    25.3    67.5    34.9 C    38.8    16.2    25.8
53927 201707  2.422  -97.1082   36.1346    33.9    21.9    27.9    27.9   111.6    32.5 C    33.9    20.3    26.7
