63895 200608  5.001  -87.7104   34.4535 -9999.0 -9999.0 -9999.0 -9999.0 -9999.0 -9999.0 U -9999.0 -9999.0 -9999.0
63895 200609  5.001  -87.7104   34.4535    27.3    13.4    20.3    20.3   129.5 -9999.0 U -9999.0 -9999.0 -9999.0
63895 200610  5.001  -87.7104   34.4535    21.5     6.7    14.1    14.1   125.9 -9999.0 U -9999.0 -9999.0 -9999.0
63895 200611  5.001  -87.7104   34.4535    17.0     2.5     9.7     9.5   159.5 -9999.0 U -9999.0 -9999.0 -9999.0
63895 200612  5.001  -87.7104   34.4535    13.7     1.0     7.3     7.4    98.1 -9999.0 U -9999.0 -9999.0 -9999.0
63895 200701  5.001  -87.7104   34.4535    11.0     0.4     5.7     5.9    92.6 -9999.0 U -9999.0 -9999.0 -9999.0
63895 200702  5.001  -87.7104   34.4535    11.0    -2.7     4.1     4.7    49.2 -9999.0 U -9999.0 -9999.0 -9999.0
63895 200703  5.001  -87.7104   34.4535    22.5     6.8    14.6    14.9    18.9 -9999.0 U -9999.0 -9999.0 -9999.0
63895 200704  5.001  -87.7104   34.4535 -9999.0 -9999.0 -9999.0 -9999.0    74.4 -9999.0 U -9999.0 -9999.0 -9999.0
63895 200705  5.001  -87.7104   34.4535    28.4    12.3    20.3    20.8    25.2 -9999.0 U -9999.0 -9999.0 -9999.0
63895 200706  5.001  -87.7104   34.4535    32.1    16.9    24.5    24.5    54.3 -9999.0 U -9999.0 -9999.0 -9999.0
63895 200707  5.001  -87.7104   34.4535    30.4    19.6    25.0    24.4   175.4 -9999.0 U -9999.0 -9999.0 -9999.0
63895 200708  5.001  -87.7104   34.4535    35.0    20.7    27.8    27.5    58.4 -9999.0 U -9999.0 -9999.0 -9999.0
63895 200709  5.001  -87.7104   34.4535    29.6    15.8    22.7    22.4    53.2 -9999.0 U -9999.0 -9999.0 -9999.0
63895 200710  5.001  -87.7104   34.4535    24.5     9.9    17.2    17.2    97.3 -9999.0 U -9999.0 -9999.0 -9999.0
63895 200711  5.001  -87.7104   34.4535    17.3     2.5     9.9    10.0   106.0 -9999.0 U -9999.0 -9999.0 -9999.0
63895 200712  5.001  -87.7104   34.4535 -9999.0 -9999.0 -9999.0 -9999.0 -9999.0 -9999.0 U -9999.0 -9999.0 -9999.0
63895 200801  5.001  -87.7104   34.4535     8.9    -2.5     3.2     3.6    67.8 -9999.0 U -9999.0 -9999.0 -9999.0
63895 200802  5.001  -87.7104   34.4535    14.0     0.6     7.3     7.6    92.2 -9999.0 U -9999.0 -9999.0 -9999.0
63895 200803  5.001  -87.7104   34.4535    18.6     4.2    11.4    11.5   125.5 -9999.0 U -9999.0 -9999.0 -9999.0
63895 200804  5.001  -87.7104   34.4535    21.6     7.9    14.8    15.0   117.2 -9999.0 U -9999.0 -9999.0 -9999.0
63895 200805  5.001  -87.7104   34.4535    25.6    12.7    19.1    19.4   173.0 -9999.0 U -9999.0 -9999.0 -9999.0
63895 200806  5.001  -87.7104   34.4535    30.5    17.8    24.2    24.1   105.3 -9999.0 U -9999.0 -9999.0 -9999.0
63895 200807  5.001  -87.7104   34.4535    32.0    18.5    25.3    25.0    88.9 -9999.0 U -9999.0 -9999.0 -9999.0
63895 200808  5.001  -87.7104   34.4535    30.5    18.0    24.2    23.9   111.1 -9999.0 U -9999.0 -9999.0 -9999.0
63895 200809  5.001  -87.7104   34.4535    27.7    15.4    21.6    21.1    38.8 -9999.0 U -9999.0 -9999.0 -9999.0
63895 200810  5.001  -87.7104   34.4535    22.1     7.1    14.6    14.4    72.2 -9999.0 U -9999.0 -9999.0 -9999.0
63895 200811  5.001  -87.7104   34.4535    15.3     0.5     7.9     7.9    84.7 -9999.0 U -9999.0 -9999.0 -9999.0
63895 200812  5.001  -87.7104   34.4535    12.0     0.8     6.4     6.5   297.4 -9999.0 U -9999.0 -9999.0 -9999.0
63895 200901  5.001  -87.7104   34.4535    10.3    -1.8     4.2     4.4    82.4 -9999.0 U -9999.0 -9999.0 -9999.0
63895 200902  5.001  -87.7104   34.4535    13.8     0.3     7.0     7.1    82.5 -9999.0 U -9999.0 -9999.0 -9999.0
63895 200903  5.001  -87.7104   34.4535    18.0     5.9    12.0    11.8   158.8 -9999.0 U -9999.0 -9999.0 -9999.0
63895 200904  5.001  -87.7104   34.4535    21.9     7.5    14.7    15.1   102.2 -9999.0 U -9999.0 -9999.0 -9999.0
63895 200905  5.101  -87.7104   34.4535    24.8    14.5    19.7    19.5   128.2 -9999.0 U -9999.0 -9999.0 -9999.0
63895 200906  5.101  -87.7104   34.4535    30.8    17.5    24.2    24.2   156.7 -9999.0 U -9999.0 -9999.0 -9999.0
63895 200907  5.101  -87.7104   34.4535    29.9    17.6    23.7    23.7   107.8 -9999.0 U -9999.0 -9999.0 -9999.0
63895 200908  5.101  -87.7104   34.4535    29.9    17.9    23.9    23.5    76.5 -9999.0 U -9999.0 -9999.0 -9999.0
63895 200909  5.101  -87.7104   34.4535    26.6    16.9    21.7    21.2   348.3 -9999.0 U -9999.0 -9999.0 -9999.0
63895 200910  5.101  -87.7104   34.4535    19.7     8.4    14.1    14.3   297.1 -9999.0 U -9999.0 -9999.0 -9999.0
63895 200911  5.101  -87.7104   34.4535    17.5     3.0    10.2     9.8    47.8 -9999.0 U -9999.0 -9999.0 -9999.0
63895 200912  5.101  -87.7104   34.4535     9.7    -0.2     4.7     4.7   139.0 -9999.0 U -9999.0 -9999.0 -9999.0
63895 201001  5.101  -87.7104   34.4535     6.8    -4.1     1.4     1.5   138.0 -9999.0 U -9999.0 -9999.0 -9999.0
63895 201002  5.101  -87.7104   34.4535     7.6    -3.3     2.1     2.0    97.1 -9999.0 U -9999.0 -9999.0 -9999.0
63895 201003  5.101  -87.7104   34.4535    15.0     2.2     8.6     8.8   106.5 -9999.0 U -9999.0 -9999.0 -9999.0
63895 201004  5.101  -87.7104   34.4535    24.2     8.1    16.2    16.5    53.8 -9999.0 U -9999.0 -9999.0 -9999.0
63895 201005  5.101  -87.7104   34.4535    26.6    14.6    20.6    20.5   199.3 -9999.0 U -9999.0 -9999.0 -9999.0
63895 201006  5.101  -87.7104   34.4535    31.3    19.9    25.6    25.2   180.1 -9999.0 U -9999.0 -9999.0 -9999.0
63895 201007  5.101  -87.7104   34.4535    32.3    20.9    26.6    26.1   113.3 -9999.0 U -9999.0 -9999.0 -9999.0
63895 201008  5.101  -87.7104   34.4535    32.8    20.9    26.9    26.3    76.7 -9999.0 U -9999.0 -9999.0 -9999.0
63895 201009  5.101  -87.7104   34.4535    31.2    14.1    22.7    22.4    48.1 -9999.0 U -9999.0 -9999.0 -9999.0
63895 201010  5.101  -87.7104   34.4535    24.9     5.5    15.2    14.9   141.7 -9999.0 U -9999.0 -9999.0 -9999.0
63895 201011  5.101  -87.7104   34.4535    17.6     2.8    10.2    10.1   142.1 -9999.0 U -9999.0 -9999.0 -9999.0
63895 201012  5.101  -87.7104   34.4535     8.3    -2.8     2.7     2.6    64.2 -9999.0 U -9999.0 -9999.0 -9999.0
63895 201101  5.101  -87.7104   34.4535     7.7    -3.1     2.3     2.4   106.4 -9999.0 U -9999.0 -9999.0 -9999.0
63895 201102  5.101  -87.7104   34.4535    14.0     1.1     7.6     8.0    60.0 -9999.0 U -9999.0 -9999.0 -9999.0
63895 201103  5.101  -87.7104   34.4535    17.5     5.3    11.4    11.6   229.8 -9999.0 U -9999.0 -9999.0 -9999.0
63895 201104  5.101  -87.7104   34.4535    23.8    10.2    17.0    17.4   320.9 -9999.0 U -9999.0 -9999.0 -9999.0
63895 201105  5.101  -87.7104   34.4535    25.7    12.8    19.2    19.4    84.7 -9999.0 U -9999.0 -9999.0 -9999.0
63895 201106  5.101  -87.7104   34.4535    32.0    18.5    25.3    25.1   142.5 -9999.0 U -9999.0 -9999.0 -9999.0
63895 201107  5.101  -87.7104   34.4535    32.6    21.0    26.8    26.3    47.7 -9999.0 U -9999.0 -9999.0 -9999.0
63895 201108  5.101  -87.7104   34.4535    32.7    18.7    25.7    25.2   124.0 -9999.0 U -9999.0 -9999.0 -9999.0
63895 201109  5.101  -87.7104   34.4535    26.0    12.9    19.5    19.3   181.7 -9999.0 U -9999.0 -9999.0 -9999.0
63895 201110  5.101  -87.7104   34.4535    21.8     5.8    13.8    13.5    28.6 -9999.0 U -9999.0 -9999.0 -9999.0
63895 201111  5.101  -87.7104   34.4535    17.3     4.8    11.0    11.3   108.3 -9999.0 U -9999.0 -9999.0 -9999.0
63895 201112  5.101  -87.7104   34.4535    13.1     0.7     6.9     7.0   174.3 -9999.0 U -9999.0 -9999.0 -9999.0
63895 201201  5.101  -87.7104   34.4535    14.6     1.1     7.8     8.2   172.7 -9999.0 U -9999.0 -9999.0 -9999.0
63895 201202  5.101  -87.7104   34.4535    14.7     1.3     8.0     8.4    97.1 -9999.0 U -9999.0 -9999.0 -9999.0
63895 201203  5.101  -87.7104   34.4535    23.2     9.5    16.4    16.6    98.2 -9999.0 U -9999.0 -9999.0 -9999.0
63895 201204  5.101  -87.7104   34.4535    23.5     9.2    16.4    16.4    43.2 -9999.0 U -9999.0 -9999.0 -9999.0
63895 201205  5.101  -87.7104   34.4535    27.8    14.3    21.1    20.9    76.3 -9999.0 U -9999.0 -9999.0 -9999.0
63895 201206  5.101  -87.7104   34.4535    30.9    15.6    23.2    23.5    69.9 -9999.0 U -9999.0 -9999.0 -9999.0
63895 201207  5.101  -87.7104   34.4535    32.8    20.8    26.8    26.1   163.0 -9999.0 U -9999.0 -9999.0 -9999.0
63895 201208  5.101  -87.7104   34.4535    29.7    18.4    24.0    23.6   105.0 -9999.0 U -9999.0 -9999.0 -9999.0
63895 201209  5.101  -87.7104   34.4535    27.2    13.7    20.4    20.3   180.3 -9999.0 U -9999.0 -9999.0 -9999.0
63895 201210  5.101  -87.7104   34.4535    21.1     7.9    14.5    14.1    75.6 -9999.0 U -9999.0 -9999.0 -9999.0
63895 201211  5.101  -87.7104   34.4535    16.8    -0.3     8.2     8.0    30.5 -9999.0 U -9999.0 -9999.0 -9999.0
63895 201212  5.101  -87.7104   34.4535    14.5     3.1     8.8     8.7   180.5 -9999.0 U -9999.0 -9999.0 -9999.0
63895 201301  5.101  -87.7104   34.4535    12.1     1.8     7.0     6.8   216.5 -9999.0 U -9999.0 -9999.0 -9999.0
63895 201302  5.101  -87.7104   34.4535    12.4     0.3     6.4     6.6    82.6 -9999.0 U -9999.0 -9999.0 -9999.0
63895 201303  5.101  -87.7104   34.4535    14.0     0.9     7.5     7.8   171.9 -9999.0 U -9999.0 -9999.0 -9999.0
63895 201304  5.101  -87.7104   34.4535    21.4     7.9    14.6    14.8   164.0 -9999.0 U -9999.0 -9999.0 -9999.0
63895 201305  5.101  -87.7104   34.4535    24.6    12.5    18.6    18.7   110.3 -9999.0 U -9999.0 -9999.0 -9999.0
63895 201306  5.101  -87.7104   34.4535    29.5    17.8    23.7    23.5   109.3 -9999.0 U -9999.0 -9999.0 -9999.0
63895 201307  5.101  -87.7104   34.4535    28.8    18.8    23.8    23.6   259.8 -9999.0 U -9999.0 -9999.0 -9999.0
63895 201308  5.101  -87.7104   34.4535    29.5    18.5    24.0    23.6    46.6 -9999.0 U -9999.0 -9999.0 -9999.0
63895 201309  5.101  -87.7104   34.4535    28.5    15.1    21.8    21.6   116.7 -9999.0 U -9999.0 -9999.0 -9999.0
63895 201310  5.101  -87.7104   34.4535    22.4     9.4    15.9    15.8    47.5 -9999.0 U -9999.0 -9999.0 -9999.0
63895 201311  5.101  -87.7104   34.4535    14.3     1.1     7.7     7.7    79.0 -9999.0 U -9999.0 -9999.0 -9999.0
63895 201312  5.101  -87.7104   34.4535    11.1     0.3     5.7     5.8   157.9 -9999.0 U -9999.0 -9999.0 -9999.0
63895 201401  5.101  -87.7104   34.4535     7.7    -6.8     0.4     0.9    63.0 -9999.0 U -9999.0 -9999.0 -9999.0
63895 201402  5.101  -87.7104   34.4535    11.2    -0.8     5.2     5.3   134.0 -9999.0 U -9999.0 -9999.0 -9999.0
63895 201403  5.101  -87.7104   34.4535    16.4     1.1     8.8     9.0    60.1 -9999.0 U -9999.0 -9999.0 -9999.0
63895 201404  5.101  -87.7104   34.4535    22.2     7.5    14.8    15.4   140.0 -9999.0 U -9999.0 -9999.0 -9999.0
63895 201405  5.101  -87.7104   34.4535    26.3    13.7    20.0    19.9    78.7 -9999.0 U -9999.0 -9999.0 -9999.0
63895 201406  5.101  -87.7104   34.4535    29.2    18.8    24.0    23.5   191.0 -9999.0 U -9999.0 -9999.0 -9999.0
63895 201407  5.101  -87.7104   34.4535    28.5    16.9    22.7    22.7   130.5 -9999.0 U -9999.0 -9999.0 -9999.0
63895 201408  5.101  -87.7104   34.4535    30.2    18.4    24.3    23.8   132.3 -9999.0 U -9999.0 -9999.0 -9999.0
63895 201409  5.101  -87.7104   34.4535    28.6    16.1    22.4    21.8    53.4 -9999.0 U -9999.0 -9999.0 -9999.0
63895 201410  5.101  -87.7104   34.4535    23.3     9.7    16.5    16.2   205.1 -9999.0 U -9999.0 -9999.0 -9999.0
63895 201411  5.101  -87.7104   34.4535    13.6     0.7     7.1     7.2    81.3 -9999.0 U -9999.0 -9999.0 -9999.0
63895 201412  5.101  -87.7104   34.4535    12.0     2.2     7.1     7.1   170.8 -9999.0 U -9999.0 -9999.0 -9999.0
63895 201501  5.101  -87.7104   34.4535     9.7    -2.1     3.8     3.9   132.1 -9999.0 U -9999.0 -9999.0 -9999.0
63895 201502  5.101  -87.7104   34.4535     7.4    -4.0     1.7     1.6 -9999.0 -9999.0 U -9999.0 -9999.0 -9999.0
63895 201503  5.101  -87.7104   34.4535    17.4     5.2    11.3    11.4 -9999.0 -9999.0 U -9999.0 -9999.0 -9999.0
63895 201504  5.101  -87.7104   34.4535    22.5    10.4    16.5    16.8   175.3 -9999.0 U -9999.0 -9999.0 -9999.0
63895 201505  5.101  -87.7104   34.4535    26.4    13.3    19.9    19.8   195.7 -9999.0 U -9999.0 -9999.0 -9999.0
63895 201506  5.101  -87.7104   34.4535    30.8    18.6    24.7    24.5     6.3 -9999.0 U -9999.0 -9999.0 -9999.0
63895 201507  5.101  -87.7104   34.4535    31.5    20.9    26.2    25.7   183.1 -9999.0 U -9999.0 -9999.0 -9999.0
63895 201508  5.101  -87.7104   34.4535    29.7    17.8    23.7    23.2    95.2 -9999.0 U -9999.0 -9999.0 -9999.0
63895 201509  5.101  -87.7104   34.4535    28.3    14.8    21.6    21.0    24.9 -9999.0 U -9999.0 -9999.0 -9999.0
63895 201510  5.101  -87.7104   34.4535    23.1     8.8    16.0    16.0    68.8 -9999.0 U -9999.0 -9999.0 -9999.0
63895 201511  5.101  -87.7104   34.4535    19.0     7.2    13.1    13.0   139.7 -9999.0 U -9999.0 -9999.0 -9999.0
63895 201512  5.101  -87.7104   34.4535    16.1     4.1    10.1    10.1 -9999.0 -9999.0 U -9999.0 -9999.0 -9999.0
63895 201601  5.101  -87.7104   34.4535     9.3    -2.4     3.5     3.7    96.9 -9999.0 U -9999.0 -9999.0 -9999.0
63895 201602  5.101  -87.7104   34.4535    13.3     1.2     7.2     7.3   114.8 -9999.0 U -9999.0 -9999.0 -9999.0
63895 201603  5.101  -87.7104   34.4535    19.9     6.0    12.9    13.4   186.9 -9999.0 U -9999.0 -9999.0 -9999.0
63895 201604  5.101  -87.7104   34.4535    22.7     8.2    15.4    15.7    64.7 -9999.0 U -9999.0 -9999.0 -9999.0
63895 201605  5.101  -87.7104   34.4535    25.8    12.3    19.1    19.0    22.0 -9999.0 U -9999.0 -9999.0 -9999.0
63895 201606  5.101  -87.7104   34.4535    31.8    18.0    24.9    24.5   132.5 -9999.0 U -9999.0 -9999.0 -9999.0
63895 201607  5.101  -87.7104   34.4535    32.0    20.9    26.5    25.9   128.6 -9999.0 U -9999.0 -9999.0 -9999.0
63895 201608  5.101  -87.7104   34.4535    31.3    21.0    26.1    25.4    83.9 -9999.0 U -9999.0 -9999.0 -9999.0
63895 201609  5.101  -87.7104   34.4535    31.3    15.9    23.6    23.3     1.6 -9999.0 U -9999.0 -9999.0 -9999.0
63895 201610  5.101  -87.7104   34.4535    27.8    10.0    18.9    18.7     4.4 -9999.0 U -9999.0 -9999.0 -9999.0
63895 201611  5.101  -87.7104   34.4535    20.6     3.4    12.0    12.0    90.3 -9999.0 U -9999.0 -9999.0 -9999.0
63895 201612  5.101  -87.7104   34.4535    13.2     1.1     7.2     7.1   138.0 -9999.0 U -9999.0 -9999.0 -9999.0
63895 201701  5.101  -87.7104   34.4535    14.3     4.2     9.3     9.6    98.2 -9999.0 U -9999.0 -9999.0 -9999.0
63895 201702  5.101  -87.7104   34.4535    17.4     4.4    10.9    11.3    66.7 -9999.0 U -9999.0 -9999.0 -9999.0
63895 201703  5.101  -87.7104   34.4535    18.7     5.3    12.0    12.4   163.7 -9999.0 U -9999.0 -9999.0 -9999.0
63895 201704  5.101  -87.7104   34.4535    25.2    11.2    18.2    18.3   176.6 -9999.0 U -9999.0 -9999.0 -9999.0
63895 201705  5.101  -87.7104   34.4535    25.8    12.5    19.1    19.3    94.3 -9999.0 U -9999.0 -9999.0 -9999.0
63895 201706  5.101  -87.7104   34.4535    28.3    17.1    22.7    22.6   115.9 -9999.0 U -9999.0 -9999.0 -9999.0
63895 201707  5.101  -87.7104   34.4535    31.1    20.1    25.6    25.3   148.9 -9999.0 U -9999.0 -9999.0 -9999.0
