23802 200801  5.001  -87.7367   31.8814 -9999.0 -9999.0 -9999.0 -9999.0 -9999.0 -9999.0 U -9999.0 -9999.0 -9999.0
23802 200802  5.001  -87.7367   31.8814    18.4     3.0    10.7    10.5    89.6 -9999.0 U -9999.0 -9999.0 -9999.0
23802 200803  5.001  -87.7367   31.8814    21.2     6.4    13.8    13.9    65.5 -9999.0 U -9999.0 -9999.0 -9999.0
23802 200804  5.001  -87.7367   31.8814    24.0    10.7    17.3    17.3   132.9 -9999.0 U -9999.0 -9999.0 -9999.0
23802 200805  5.001  -87.7367   31.8814    28.4    15.2    21.8    22.0    64.7 -9999.0 U -9999.0 -9999.0 -9999.0
23802 200806  5.001  -87.7367   31.8814    32.5    19.3    25.9    25.2    76.8 -9999.0 U -9999.0 -9999.0 -9999.0
23802 200807  5.001  -87.7367   31.8814    32.9    20.4    26.6    26.0    88.3 -9999.0 U -9999.0 -9999.0 -9999.0
23802 200808  5.001  -87.7367   31.8814    30.3    20.3    25.3    24.7   356.8 -9999.0 U -9999.0 -9999.0 -9999.0
23802 200809  5.001  -87.7367   31.8814    28.9    18.4    23.6    23.0    25.4 -9999.0 U -9999.0 -9999.0 -9999.0
23802 200810  5.001  -87.7367   31.8814    23.1    10.1    16.6    16.4    28.2 -9999.0 U -9999.0 -9999.0 -9999.0
23802 200811  5.001  -87.7367   31.8814    18.7     3.8    11.2    11.1   140.8 -9999.0 U -9999.0 -9999.0 -9999.0
23802 200812  5.001  -87.7367   31.8814    16.6     5.3    11.0    10.8    82.2 -9999.0 U -9999.0 -9999.0 -9999.0
23802 200901  5.001  -87.7367   31.8814    14.8     2.4     8.6     8.4    94.8 -9999.0 U -9999.0 -9999.0 -9999.0
23802 200902  5.001  -87.7367   31.8814    17.5     2.9    10.2    10.3    48.4 -9999.0 U -9999.0 -9999.0 -9999.0
23802 200903  5.001  -87.7367   31.8814    21.4     8.4    14.9    14.7   327.1 -9999.0 U -9999.0 -9999.0 -9999.0
23802 200904  5.001  -87.7367   31.8814    24.4     9.8    17.1    17.2 -9999.0 -9999.0 U -9999.0 -9999.0 -9999.0
23802 200905  5.101  -87.7367   31.8814    27.2    17.2    22.2    21.6   244.7 -9999.0 U -9999.0 -9999.0 -9999.0
23802 200906  5.101  -87.7367   31.8814    32.9    19.8    26.4    26.1    12.1 -9999.0 U -9999.0 -9999.0 -9999.0
23802 200907  5.101  -87.7367   31.8814    32.4    19.7    26.0    25.5   103.3 -9999.0 U -9999.0 -9999.0 -9999.0
23802 200908  5.101  -87.7367   31.8814    30.6    19.9    25.2    24.6   122.9 -9999.0 U -9999.0 -9999.0 -9999.0
23802 200909  5.101  -87.7367   31.8814    28.8    19.6    24.2    23.3   241.1 -9999.0 U -9999.0 -9999.0 -9999.0
23802 200910  5.101  -87.7367   31.8814    23.3    12.2    17.8    17.7    83.5 -9999.0 U -9999.0 -9999.0 -9999.0
23802 200911  5.101  -87.7367   31.8814    18.5     4.7    11.6    11.3   122.0 -9999.0 U -9999.0 -9999.0 -9999.0
23802 200912  5.101  -87.7367   31.8814    12.5     2.4     7.5     7.5   322.0 -9999.0 U -9999.0 -9999.0 -9999.0
23802 201001  5.101  -87.7367   31.8814    11.5    -1.2     5.1     4.6   122.8 -9999.0 U -9999.0 -9999.0 -9999.0
23802 201002  5.101  -87.7367   31.8814    11.3    -0.6     5.3     5.2   157.0 -9999.0 U -9999.0 -9999.0 -9999.0
23802 201003  5.101  -87.7367   31.8814    17.6     4.2    10.9    10.9    76.8 -9999.0 U -9999.0 -9999.0 -9999.0
23802 201004  5.101  -87.7367   31.8814    25.5    10.2    17.8    18.0    37.7 -9999.0 U -9999.0 -9999.0 -9999.0
23802 201005  5.101  -87.7367   31.8814    29.4    17.7    23.5    23.1   207.3 -9999.0 U -9999.0 -9999.0 -9999.0
23802 201006  5.101  -87.7367   31.8814    33.2    21.1    27.1    26.5    74.6 -9999.0 U -9999.0 -9999.0 -9999.0
23802 201007  5.101  -87.7367   31.8814    33.9    22.0    27.9    27.1    60.3 -9999.0 U -9999.0 -9999.0 -9999.0
23802 201008  5.101  -87.7367   31.8814    34.4    22.5    28.5    27.2    62.9 -9999.0 U -9999.0 -9999.0 -9999.0
23802 201009  5.101  -87.7367   31.8814    33.3    17.3    25.3    24.9     2.1 -9999.0 U -9999.0 -9999.0 -9999.0
23802 201010  5.101  -87.7367   31.8814    27.4     9.4    18.4    18.2    47.1 -9999.0 U -9999.0 -9999.0 -9999.0
23802 201011  5.101  -87.7367   31.8814    21.0     6.3    13.7    13.1   188.9 -9999.0 U -9999.0 -9999.0 -9999.0
23802 201012  5.101  -87.7367   31.8814    12.7    -0.2     6.3     5.9    33.8 -9999.0 U -9999.0 -9999.0 -9999.0
23802 201101  5.101  -87.7367   31.8814    12.0     0.0     6.0     5.9    85.0 -9999.0 U -9999.0 -9999.0 -9999.0
23802 201102  5.101  -87.7367   31.8814    17.4     3.4    10.4    10.2    89.5 -9999.0 U -9999.0 -9999.0 -9999.0
23802 201103  5.101  -87.7367   31.8814    22.0     8.0    15.0    15.0   244.2 -9999.0 U -9999.0 -9999.0 -9999.0
23802 201104  5.101  -87.7367   31.8814    26.6    12.4    19.5    19.6    69.3 -9999.0 U -9999.0 -9999.0 -9999.0
23802 201105  5.101  -87.7367   31.8814    28.8    14.2    21.5    21.4    17.8 -9999.0 U -9999.0 -9999.0 -9999.0
23802 201106  5.101  -87.7367   31.8814    34.8    20.6    27.7    27.1    75.8 -9999.0 U -9999.0 -9999.0 -9999.0
23802 201107  5.101  -87.7367   31.8814    32.9    22.0    27.4    26.3   227.3 -9999.0 U -9999.0 -9999.0 -9999.0
23802 201108  5.101  -87.7367   31.8814    34.2    20.5    27.4    26.8    44.9 -9999.0 U -9999.0 -9999.0 -9999.0
23802 201109  5.101  -87.7367   31.8814    28.7    16.7    22.7    22.1   145.0 -9999.0 U -9999.0 -9999.0 -9999.0
23802 201110  5.101  -87.7367   31.8814    24.2     7.8    16.0    15.4     5.5 -9999.0 U -9999.0 -9999.0 -9999.0
23802 201111  5.101  -87.7367   31.8814    19.9     6.2    13.1    13.0    92.2 -9999.0 U -9999.0 -9999.0 -9999.0
23802 201112  5.101  -87.7367   31.8814    16.5     4.3    10.4    10.1   105.8 -9999.0 U -9999.0 -9999.0 -9999.0
23802 201201  5.101  -87.7367   31.8814    18.1     4.2    11.1    11.3    91.6 -9999.0 U -9999.0 -9999.0 -9999.0
23802 201202  5.101  -87.7367   31.8814    17.1     7.1    12.1    12.0   128.4 -9999.0 U -9999.0 -9999.0 -9999.0
23802 201203  5.101  -87.7367   31.8814    24.8    11.9    18.3    18.1   152.2 -9999.0 U -9999.0 -9999.0 -9999.0
23802 201204  5.101  -87.7367   31.8814    25.2    11.5    18.3    18.2    36.1 -9999.0 U -9999.0 -9999.0 -9999.0
23802 201205  5.101  -87.7367   31.8814    29.7    15.5    22.6    22.3    98.3 -9999.0 U -9999.0 -9999.0 -9999.0
23802 201206  5.101  -87.7367   31.8814    31.3    18.9    25.1    25.0    51.5 -9999.0 U -9999.0 -9999.0 -9999.0
23802 201207  5.101  -87.7367   31.8814    32.8    21.4    27.1    26.1   139.7 -9999.0 U -9999.0 -9999.0 -9999.0
23802 201208  5.101  -87.7367   31.8814    30.9    20.4    25.7    24.9    92.4 -9999.0 U -9999.0 -9999.0 -9999.0
23802 201209  5.101  -87.7367   31.8814    29.1    16.9    23.0    22.5   131.4 -9999.0 U -9999.0 -9999.0 -9999.0
23802 201210  5.101  -87.7367   31.8814    24.4     8.9    16.6    16.3    43.3 -9999.0 U -9999.0 -9999.0 -9999.0
23802 201211  5.101  -87.7367   31.8814    19.2     2.6    10.9    10.4    29.0 -9999.0 U -9999.0 -9999.0 -9999.0
23802 201212  5.101  -87.7367   31.8814    17.4     4.2    10.8    10.7   203.6 -9999.0 U -9999.0 -9999.0 -9999.0
23802 201301  5.101  -87.7367   31.8814    16.3     5.0    10.7    10.5   133.8 -9999.0 U -9999.0 -9999.0 -9999.0
23802 201302  5.101  -87.7367   31.8814    16.4     3.0     9.7    10.0   334.3 -9999.0 U -9999.0 -9999.0 -9999.0
23802 201303  5.101  -87.7367   31.8814    17.7     3.3    10.5    10.6    72.5 -9999.0 U -9999.0 -9999.0 -9999.0
23802 201304  5.101  -87.7367   31.8814    24.0    10.3    17.2    17.1   167.4 -9999.0 U -9999.0 -9999.0 -9999.0
23802 201305  5.101  -87.7367   31.8814    26.4    13.5    20.0    20.0    74.8 -9999.0 U -9999.0 -9999.0 -9999.0
23802 201306  5.101  -87.7367   31.8814 -9999.0 -9999.0 -9999.0 -9999.0 -9999.0 -9999.0 U -9999.0 -9999.0 -9999.0
23802 201307  5.101  -87.7367   31.8814    29.9    20.8    25.4    24.6   285.7 -9999.0 U -9999.0 -9999.0 -9999.0
23802 201308  5.101  -87.7367   31.8814    30.6    20.3    25.4    24.7 -9999.0 -9999.0 U -9999.0 -9999.0 -9999.0
23802 201309  5.101  -87.7367   31.8814    29.9    17.6    23.8    23.3    49.1 -9999.0 U -9999.0 -9999.0 -9999.0
23802 201310  5.101  -87.7367   31.8814    24.9    12.4    18.7    18.2    26.3 -9999.0 U -9999.0 -9999.0 -9999.0
23802 201311  5.101  -87.7367   31.8814    17.6     4.8    11.2    10.9   100.7 -9999.0 U -9999.0 -9999.0 -9999.0
23802 201312  5.101  -87.7367   31.8814    14.9     3.7     9.3     9.1   176.7 -9999.0 U -9999.0 -9999.0 -9999.0
23802 201401  5.101  -87.7367   31.8814    11.0    -3.6     3.7     3.8    48.0 -9999.0 U -9999.0 -9999.0 -9999.0
23802 201402  5.101  -87.7367   31.8814    16.3     3.2     9.8     9.2   156.8 -9999.0 U -9999.0 -9999.0 -9999.0
23802 201403  5.101  -87.7367   31.8814    18.9     4.7    11.8    11.8   158.1 -9999.0 U -9999.0 -9999.0 -9999.0
23802 201404  5.101  -87.7367   31.8814    23.9    10.9    17.4    17.3   241.3 -9999.0 U -9999.0 -9999.0 -9999.0
23802 201405  5.101  -87.7367   31.8814    27.6    14.3    21.0    20.8   189.3 -9999.0 U -9999.0 -9999.0 -9999.0
23802 201406  5.101  -87.7367   31.8814    31.0    19.9    25.5    24.8    71.2 -9999.0 U -9999.0 -9999.0 -9999.0
23802 201407  5.101  -87.7367   31.8814    31.1    19.6    25.4    25.0   116.8 -9999.0 U -9999.0 -9999.0 -9999.0
23802 201408  5.101  -87.7367   31.8814    32.6    20.3    26.5    25.7    87.6 -9999.0 U -9999.0 -9999.0 -9999.0
23802 201409  5.101  -87.7367   31.8814    30.3    19.0    24.6    23.8    78.0 -9999.0 U -9999.0 -9999.0 -9999.0
23802 201410  5.101  -87.7367   31.8814    25.9    11.3    18.6    18.0   179.0 -9999.0 U -9999.0 -9999.0 -9999.0
23802 201411  5.101  -87.7367   31.8814    17.3     2.7    10.0     9.6    44.8 -9999.0 U -9999.0 -9999.0 -9999.0
23802 201412  5.101  -87.7367   31.8814    16.5     4.6    10.6    10.5   129.8 -9999.0 U -9999.0 -9999.0 -9999.0
23802 201501  5.101  -87.7367   31.8814    13.6     0.8     7.2     7.0   108.1 -9999.0 U -9999.0 -9999.0 -9999.0
23802 201502  5.101  -87.7367   31.8814    12.7    -0.1     6.3     6.2   108.9 -9999.0 U -9999.0 -9999.0 -9999.0
23802 201503  5.101  -87.7367   31.8814    21.3     9.6    15.4    15.2   121.0 -9999.0 U -9999.0 -9999.0 -9999.0
23802 201504  5.101  -87.7367   31.8814    25.2    13.8    19.5    19.3   165.5 -9999.0 U -9999.0 -9999.0 -9999.0
23802 201505  5.101  -87.7367   31.8814    28.5    15.3    21.9    21.5   166.8 -9999.0 U -9999.0 -9999.0 -9999.0
23802 201506  5.101  -87.7367   31.8814    30.9    19.8    25.4    24.8   113.0 -9999.0 U -9999.0 -9999.0 -9999.0
23802 201507  5.101  -87.7367   31.8814    33.2    21.6    27.4    26.8    81.7 -9999.0 U -9999.0 -9999.0 -9999.0
23802 201508  5.101  -87.7367   31.8814    32.8    19.9    26.4    25.5    88.6 -9999.0 U -9999.0 -9999.0 -9999.0
23802 201509  5.101  -87.7367   31.8814    30.1    17.6    23.8    23.2    77.9 -9999.0 U -9999.0 -9999.0 -9999.0
23802 201510  5.102  -87.7367   31.8814    25.1    12.1    18.6    18.3    90.0 -9999.0 U -9999.0 -9999.0 -9999.0
23802 201511  5.102  -87.7367   31.8814    20.8     9.7    15.3    15.0   109.6 -9999.0 U -9999.0 -9999.0 -9999.0
23802 201512  5.102  -87.7367   31.8814    19.5     8.8    14.1    14.0   263.2 -9999.0 U -9999.0 -9999.0 -9999.0
23802 201601  5.102  -87.7367   31.8814    13.2     0.9     7.0     6.8    97.2 -9999.0 U -9999.0 -9999.0 -9999.0
23802 201602  5.102  -87.7367   31.8814    17.6     4.3    10.9    10.5   270.9 -9999.0 U -9999.0 -9999.0 -9999.0
23802 201603  5.102  -87.7367   31.8814    22.0     9.6    15.8    15.7   209.7 -9999.0 U -9999.0 -9999.0 -9999.0
23802 201604  5.102  -87.7367   31.8814    24.3    11.3    17.8    17.8   105.8 -9999.0 U -9999.0 -9999.0 -9999.0
23802 201605  5.102  -87.7367   31.8814    27.4    14.9    21.1    21.0    52.3 -9999.0 U -9999.0 -9999.0 -9999.0
23802 201606  5.102  -87.7367   31.8814    32.2    19.8    26.0    25.3   138.5 -9999.0 U -9999.0 -9999.0 -9999.0
23802 201607  5.102  -87.7367   31.8814    33.1    21.8    27.4    26.4    65.7 -9999.0 U -9999.0 -9999.0 -9999.0
23802 201608  5.102  -87.7367   31.8814    32.7    21.9    27.3    26.2   151.7 -9999.0 U -9999.0 -9999.0 -9999.0
23802 201609  5.102  -87.7367   31.8814    31.8    19.2    25.5    24.5    69.7 -9999.0 U -9999.0 -9999.0 -9999.0
23802 201610  5.102  -87.7367   31.8814    28.8    11.6    20.2    19.3     0.0 -9999.0 U -9999.0 -9999.0 -9999.0
23802 201611  5.102  -87.7367   31.8814    23.6     5.8    14.7    14.1    52.4 -9999.0 U -9999.0 -9999.0 -9999.0
23802 201612  5.102  -87.7367   31.8814    17.0     5.3    11.2    10.8   149.1 -9999.0 U -9999.0 -9999.0 -9999.0
23802 201701  5.102  -87.7367   31.8814    18.5     5.8    12.2    11.9 -9999.0 -9999.0 U -9999.0 -9999.0 -9999.0
23802 201702  5.102  -87.7367   31.8814    21.0     6.1    13.5    13.4    76.3 -9999.0 U -9999.0 -9999.0 -9999.0
23802 201703  5.102  -87.7367   31.8814    22.5     8.8    15.7    15.9    86.3 -9999.0 U -9999.0 -9999.0 -9999.0
23802 201704  5.102  -87.7367   31.8814    27.1    11.1    19.1    18.9   116.5 -9999.0 U -9999.0 -9999.0 -9999.0
23802 201705  5.102  -87.7367   31.8814    27.4    14.3    20.9    20.7   126.4 -9999.0 U -9999.0 -9999.0 -9999.0
23802 201706  5.102  -87.7367   31.8814 -9999.0 -9999.0 -9999.0 -9999.0   459.8 -9999.0 U -9999.0 -9999.0 -9999.0
23802 201707  5.102  -87.7367   31.8814 -9999.0 -9999.0 -9999.0 -9999.0 -9999.0 -9999.0 U -9999.0 -9999.0 -9999.0
