53961 200301  1.001  -92.1165   32.8833 -9999.0 -9999.0 -9999.0 -9999.0 -9999.0 -9999.0 U -9999.0 -9999.0 -9999.0
53961 200302  1.001  -92.1165   32.8833    11.7     1.5     6.6     6.7 -9999.0     7.2 R -9999.0 -9999.0     7.5
53961 200303  1.001  -92.1165   32.8833    18.6     5.1    11.9    11.9    56.6    14.7 R -9999.0 -9999.0    12.4
53961 200304  1.001  -92.1165   32.8833    24.8     9.7    17.2    17.5   111.6    19.2 R -9999.0 -9999.0    18.0
53961 200305  1.001  -92.1165   32.8833    28.1    16.5    22.3    22.4    94.4    19.1 R -9999.0 -9999.0    24.3
53961 200306  1.001  -92.1165   32.8833    29.8    18.5    24.1    24.0   131.7    19.6 R -9999.0 -9999.0    27.1
53961 200307  1.001  -92.1165   32.8833    32.7    20.4    26.5    26.0   102.7    20.2 R -9999.0 -9999.0    29.6
53961 200308  1.101  -92.1165   32.8833    33.4    20.7    27.1    26.3    96.2    19.1 R -9999.0 -9999.0    29.4
53961 200309  1.101  -92.1165   32.8833    28.9    15.2    22.1    21.4   112.6    18.8 R -9999.0 -9999.0    24.0
53961 200310  1.101  -92.1165   32.8833    25.6     9.6    17.6    17.0    12.2    14.1 R -9999.0 -9999.0    18.8
53961 200311  1.101  -92.1165   32.8833    21.3     6.6    13.9    13.7    99.6    10.3 R -9999.0 -9999.0    14.5
53961 200312  1.101  -92.1165   32.8833    14.2    -1.4     6.4     6.3    78.2     9.8 R -9999.0 -9999.0     6.4
53961 200401  1.101  -92.1165   32.8833    13.5     0.9     7.2     7.1   120.9     8.8 R -9999.0 -9999.0     7.8
53961 200402  1.101  -92.1165   32.8833    12.1     0.4     6.3     6.2   227.6     9.6 R -9999.0 -9999.0     7.2
53961 200403  1.101  -92.1165   32.8833    21.6     8.2    14.9    14.9    98.2    16.5 R -9999.0 -9999.0    15.3
53961 200404  1.101  -92.1165   32.8833    24.4     9.1    16.7    16.6    69.7    19.7 R -9999.0 -9999.0    18.3
53961 200405  1.101  -92.1165   32.8833    27.7    16.1    21.9    21.7   218.4    20.7 R -9999.0 -9999.0    24.0
53961 200406  1.201  -92.1165   32.8833    29.7    20.0    24.8    24.5   317.9    19.0 R -9999.0 -9999.0    27.5
53961 200407  1.201  -92.1165   32.8833    31.7    20.4    26.0    25.8   242.3    21.7 R -9999.0 -9999.0    29.6
53961 200408  1.201  -92.1165   32.8833    30.7    17.6    24.2    23.7   137.3    20.9 R -9999.0 -9999.0    27.6
53961 200409  1.201  -92.1165   32.8833    30.8    15.2    23.0    22.3     4.8    18.6 R -9999.0 -9999.0    26.3
53961 200410  1.201  -92.1165   32.8833    26.8    15.2    21.0    20.6   277.7    11.2 R -9999.0 -9999.0    22.1
53961 200411  1.201  -92.1165   32.8833    18.7     8.1    13.4    13.4   320.0     7.6 R -9999.0 -9999.0    14.6
53961 200412  1.201  -92.1165   32.8833    14.5     0.1     7.3     6.6   117.2     9.9 R -9999.0 -9999.0     7.6
53961 200501  1.201  -92.1165   32.8833    14.5     4.2     9.3     9.1   138.1     7.7 R -9999.0 -9999.0     9.7
53961 200502  1.201  -92.1165   32.8833    15.8     5.2    10.5    10.6 -9999.0     8.6 R -9999.0 -9999.0    11.7
53961 200503  1.201  -92.1165   32.8833    19.0     5.5    12.3    12.1    97.4    14.7 R -9999.0 -9999.0    13.6
53961 200504  1.201  -92.1165   32.8833    24.1     8.4    16.3    16.5    97.1    20.1 R -9999.0 -9999.0    19.2
53961 200505  1.201  -92.1165   32.8833    27.7    12.1    19.9    19.9   117.4    22.3 R -9999.0 -9999.0    24.6
53961 200506  1.201  -92.1165   32.8833    32.2    17.9    25.1    24.9    25.0    23.6 R -9999.0 -9999.0    29.7
53961 200507  1.201  -92.1165   32.8833    32.9    21.0    27.0    26.2   203.0    20.7 R -9999.0 -9999.0    30.4
53961 200508  1.201  -92.1165   32.8833    35.3    20.8    28.1    27.3    33.3    21.1 R -9999.0 -9999.0    31.7
53961 200509  1.201  -92.1165   32.8833    33.8    16.8    25.3    24.7    91.1    17.9 R -9999.0 -9999.0    28.9
53961 200510  1.201  -92.1165   32.8833    25.8     7.4    16.6    15.6    11.8    16.3 R -9999.0 -9999.0    19.5
53961 200511  1.201  -92.1165   32.8833    21.6     4.2    12.9    12.8    27.7    11.3 R -9999.0 -9999.0    14.4
53961 200512  1.201  -92.1165   32.8833    14.5    -1.3     6.6     6.4    52.8     9.0 R -9999.0 -9999.0     7.6
53961 200601  1.301  -92.1165   32.8833    17.7     2.2     9.9    10.0   169.3     9.2 R -9999.0 -9999.0    10.4
53961 200602  1.301  -92.1165   32.8833    13.2    -0.1     6.5     6.3 -9999.0    10.5 R    17.3     1.9     7.8
53961 200603  1.301  -92.1165   32.8833    20.6     6.0    13.3    13.7   144.8    14.5 R    29.6     7.6    15.4
53961 200604  1.301  -92.1165   32.8833    26.9    12.4    19.7    19.6   127.6    19.8 R    39.8    13.7    22.7
53961 200605  1.301  -92.1165   32.8833    28.5    14.7    21.6    21.4   167.5    21.2 R    41.6    16.6    25.5
53961 200606  1.301  -92.1165   32.8833    31.9    17.2    24.6    24.2    61.6    24.0 R    46.2    19.2    29.0
53961 200607  1.301  -92.1165   32.8833    34.7    20.1    27.4    27.0    34.6    22.4 R    53.4    21.6    32.6
53961 200608  1.301  -92.1165   32.8833    35.6    20.8    28.2    27.5    83.0    20.3 R    53.8    22.4    32.5
53961 200609  1.301  -92.1165   32.8833    30.2    13.4    21.8    21.5    85.4    19.6 R    42.8    15.4    25.3
53961 200610  1.301  -92.1165   32.8833    25.0     8.6    16.8    16.3   159.0    14.0 R    32.3    10.5    18.8
53961 200611  1.301  -92.1165   32.8833    19.9     3.0    11.5    10.6    64.1    11.3 R    23.5     5.3    12.4
53961 200612  1.301  -92.1165   32.8833    15.1     1.7     8.4     8.0   197.5     8.6 R    18.4     3.5     9.3
53961 200701  1.302  -92.1165   32.8833    12.2     0.9     6.6     6.4   187.0     7.7 R    15.8     3.0     8.0
53961 200702  1.302  -92.1165   32.8833    14.6     0.6     7.6     7.4    36.9    11.5 R    19.0     2.7     8.9
53961 200703  1.302  -92.1165   32.8833    23.7     6.8    15.2    15.0    44.1    15.3 R    31.9     9.1    17.2
53961 200704  1.302  -92.1165   32.8833    22.8     8.2    15.5    15.5   131.3    18.7 R    34.4    11.2    19.6
53961 200705  1.302  -92.1165   32.8833    28.7    14.7    21.7    21.2    94.1    20.3 R    40.6    17.4    25.3
53961 200706  1.302  -92.1165   32.8833    32.5    18.8    25.7    25.1    59.6    21.9 R    46.4    20.4    29.3
53961 200707  1.302  -92.1165   32.8833    30.9    20.4    25.6    24.8   318.2    18.1 R    41.9    21.5    28.1
53961 200708  1.302  -92.1165   32.8833    35.7    20.5    28.1    27.5    19.4    22.8 R    55.1    21.6    33.2
53961 200709  1.302  -92.1165   32.8833    30.5    17.6    24.1    23.3    96.0    15.7 R    42.7    18.6    26.3
53961 200710  1.302  -92.1165   32.8833    25.9    10.0    17.9    17.3    63.6    13.7 R    35.4    11.4    19.7
53961 200711  1.302  -92.1165   32.8833    19.4     5.0    12.2    11.9    74.8    10.0 R    25.8     7.0    13.7
53961 200712  1.302  -92.1165   32.8833    16.5     2.7     9.6     9.3   101.2     7.9 R    19.5     4.5    10.5
53961 200801  1.302  -92.1165   32.8833    11.6    -0.8     5.4     5.6    66.1     8.6 R    15.4     1.4     7.2
53961 200802  1.302  -92.1165   32.8833    17.7     1.8     9.7     9.5   120.7    12.1 R    20.5     4.3    11.0
53961 200803  1.302  -92.1165   32.8833    21.6     5.9    13.7    13.8    54.7    16.0 R    27.6     7.6    15.5
53961 200804  1.302  -92.1165   32.8833    24.2     8.7    16.5    16.5    76.2    19.4 R    33.6    10.5    19.5
53961 200805  1.302  -92.1165   32.8833    28.1    14.4    21.2    21.4   118.2    21.3 R    37.5    15.8    24.3
53961 200806  1.302  -92.1165   32.8833    32.5    18.9    25.7    25.3    97.9    23.5 R    43.7    19.8    28.6
53961 200807  1.302  -92.1165   32.8833    35.5    19.6    27.5    27.1    37.8    23.8 R    45.9    20.6    30.1
53961 200808  1.302  -92.1165   32.8833    31.9    20.1    26.0    25.3   223.3    17.2 R    42.6    20.8    28.2
53961 200809  1.302  -92.1165   32.8833    27.9    16.4    22.2    21.5   390.3    16.1 R    37.1    17.1    24.1
53961 200810  1.302  -92.1165   32.8833    24.0     7.7    15.8    15.2    51.3    15.8 R    35.8     8.8    18.5
53961 200811  1.302  -92.1165   32.8833    17.4     2.6    10.0     9.5    65.4    10.0 R    23.7     3.9    11.5
53961 200812  1.302  -92.1165   32.8833    14.3     1.8     8.0     7.8   159.8     7.6 R    17.2     3.1     9.0
53961 200901  1.302  -92.1165   32.8833    13.7    -0.4     6.7     6.2    81.9     9.7 R    18.3     0.9     7.8
53961 200902  1.302  -92.1165   32.8833    17.5     2.4    10.0    10.1    32.9    12.7 R    23.7     3.5    11.6
53961 200903  1.302  -92.1165   32.8833    19.9     6.4    13.2    12.9   119.2    14.4 R    26.9     7.5    14.9
53961 200904  1.302  -92.1165   32.8833    23.9     9.2    16.6    16.7    54.9    20.5 R    33.5    10.4    19.3
53961 200905  1.302  -92.1165   32.8833    26.8    16.0    21.4    21.1   254.6    18.2 R    34.5    17.0    23.5
53961 200906  2.402  -92.1165   32.8833    33.2    18.8    26.0    25.8     4.4    25.2 R    46.1    19.1    30.0
53961 200907  2.402  -92.1165   32.8833    33.2    19.9    26.5    26.2   143.0    20.7 R    46.1    20.8    30.2
53961 200908  2.402  -92.1165   32.8833    32.1    19.0    25.6    24.9    86.6    21.1 R    41.2    19.4    28.0
53961 200909  2.402  -92.1165   32.8833    28.6    18.0    23.3    22.5   290.0    15.0 R    35.8    18.0    24.7
53961 200910  2.402  -92.1165   32.8833    21.4    10.1    15.8    15.7   457.3    10.1 R    26.2     9.1    16.6
53961 200911  2.402  -92.1165   32.8833    19.4     5.4    12.4    11.7    55.6    11.1 R    25.8     3.7    12.6
53961 200912  2.402  -92.1165   32.8833    11.3     1.1     6.2     5.9   206.4     7.5 R    13.9    -0.3     5.8
53961 201001  2.402  -92.1165   32.8833    10.0    -1.3     4.3     4.1   149.1     9.5 R    13.6    -1.4     4.8
53961 201002  2.402  -92.1165   32.8833     9.8    -0.9     4.4     4.2    63.3     9.9 R    14.9     0.9     6.3
53961 201003  2.402  -92.1165   32.8833    18.5     3.9    11.2    11.0    45.8    16.3 R    25.4     5.7    13.1
53961 201004  2.402  -92.1165   32.8833    25.4    10.1    17.8    17.8    68.7    20.3 R    34.0    11.5    20.1
53961 201005  2.402  -92.1165   32.8833    30.5    16.0    23.2    23.0    58.1    21.3 R    42.2    16.4    25.6
53961 201006  2.402  -92.1165   32.8833    35.0    21.6    28.3    27.7    48.9    20.6 R    51.8    21.5    30.8
53961 201007  2.402  -92.1165   32.8833    33.7    22.3    28.0    27.2   103.7    19.6 R    46.6    22.9    29.8
53961 201008  2.402  -92.1165   32.8833    35.6    22.5    29.1    28.2    79.7    20.7 R    46.5    22.8    30.6
53961 201009  2.402  -92.1165   32.8833    34.1    16.1    25.1    24.5     9.6    18.8 R    49.4    16.1    27.4
53961 201010  2.402  -92.1165   32.8833    28.2     7.0    17.6    17.0    43.1    16.0 R    40.7     7.2    19.2
53961 201011  2.402  -92.1165   32.8833    19.0     4.5    11.7    11.4   159.6     8.6 R    23.5     5.3    12.5
53961 201012  2.402  -92.1165   32.8833    13.4    -0.3     6.5     6.4    20.3     8.2 R    18.4     0.2     7.3
53961 201101  2.402  -92.1165   32.8833    11.1    -0.3     5.4     5.1   119.4     8.0 R    15.3     0.5     6.2
53961 201102  2.402  -92.1165   32.8833    15.6     1.9     8.7     8.7    72.1    10.8 R    20.2     2.6     9.6
53961 201103  2.402  -92.1165   32.8833    20.9     5.8    13.4    13.4    23.8    14.5 R    29.3     7.5    15.6
53961 201104  2.402  -92.1165   32.8833    27.3    11.3    19.3    19.9   124.5    19.9 R    38.1    12.4    22.1
53961 201105  2.402  -92.1165   32.8833    28.3    14.6    21.4    21.5    73.3    22.4 R    43.4    15.9    25.4
53961 201106  2.402  -92.1165   32.8833    35.6    21.0    28.3    28.1    53.0    23.6 R    55.0    22.0    33.6
53961 201107  2.402  -92.1165   32.8833    35.6    22.5    29.0    28.2    91.8    21.8 R    50.2    23.8    32.2
53961 201108  2.402  -92.1165   32.8833    36.9    21.7    29.3    28.5    85.4    21.1 R    48.9    22.4    31.5
53961 201109  2.402  -92.1165   32.8833    30.6    14.3    22.5    22.0    50.6    17.3 R    42.0    14.6    24.4
53961 201110  2.402  -92.1165   32.8833    25.9     5.9    15.9    15.2    56.1    15.5 R    37.3     6.3    17.3
53961 201111  2.402  -92.1165   32.8833    20.0     5.9    12.9    12.7    94.6     9.8 R    26.6     6.3    13.8
53961 201112  2.402  -92.1165   32.8833    13.6     1.9     7.8     7.4   273.9     5.0 R    16.8     3.3     8.6
53961 201201  2.402  -92.1165   32.8833    17.4     2.1     9.7     9.7    58.2     9.2 R    21.5     3.4    10.5
53961 201202  2.402  -92.1165   32.8833    16.5     4.1    10.3    10.6   146.4    11.0 R    22.5     5.8    12.3
53961 201203  2.402  -92.1165   32.8833    24.8    11.2    18.0    17.8   194.3    15.2 R    32.0    12.4    19.4
53961 201204  2.402  -92.1165   32.8833    25.8    12.2    19.0    18.6   108.9    19.7 R    35.3    13.7    21.4
53961 201205  2.402  -92.1165   32.8833    30.8    15.9    23.3    23.0    11.3    21.9 R    47.0    16.4    27.2
53961 201206  2.402  -92.1165   32.8833    34.0    18.3    26.1    25.9    84.1    23.4 R    52.0    18.8    30.7
53961 201207  2.402  -92.1165   32.8833    34.9    22.1    28.5    27.7    61.2    19.9 R    55.2    22.8    32.7
53961 201208  2.402  -92.1165   32.8833    34.0    21.0    27.5    26.7   257.5    18.7 R    48.8    22.0    30.4
53961 201209  2.402  -92.1165   32.8833    29.7    17.2    23.5    22.8   225.3    17.2 R    38.4    18.5    25.5
53961 201210  2.402  -92.1165   32.8833    23.9     8.8    16.3    15.5    42.9    13.6 R    29.2    10.2    17.3
53961 201211  2.412  -92.1165   32.8833    19.5     1.8    10.7     9.6    61.0    12.0 R    26.4     3.0    11.3
53961 201212  2.412  -92.1165   32.8833    16.8     3.9    10.4    10.1   141.7     8.0 C    18.7     5.2    11.1
53961 201301  2.412  -92.1165   32.8833    13.8     3.1     8.5     8.0   213.4     6.9 C    16.1     4.2     9.4
53961 201302  2.412  -92.1165   32.8833    15.3     2.4     8.9     8.5   135.9    11.2 C    20.0     3.0    10.3
53961 201303  2.412  -92.1165   32.8833    17.8     2.5    10.2    10.4    98.7    16.2 C    23.2     3.6    12.5
53961 201304  2.412  -92.1165   32.8833    23.5     8.8    16.2    16.2   136.5    18.9 C    29.1    10.7    18.6
53961 201305  2.412  -92.1165   32.8833    27.0    14.2    20.6    20.6   111.0    20.0 C    33.5    15.8    23.1
53961 201306  2.412  -92.1165   32.8833    31.6    19.4    25.5    25.1   113.0    22.5 C    42.1    20.0    28.9
53961 201307  2.412  -92.1165   32.8833    32.8    19.0    25.9    25.4   111.1    22.5 C    44.1    18.9    29.3
53961 201308  2.412  -92.1165   32.8833    34.4    19.3    26.8    26.4    20.7    22.2 C    48.6    19.7    31.1
53961 201309  2.412  -92.1165   32.8833    33.6    17.1    25.4    24.9   121.0    18.3 C    45.1    16.3    26.7
53961 201310  2.412  -92.1165   32.8833    24.4    11.0    17.7    17.0   150.6    12.3 C    30.1    11.8    19.0
53961 201311  2.422  -92.1165   32.8833    16.2     2.9     9.6     9.2   117.7    10.0 C    19.9     4.6    11.1
53961 201312  2.422  -92.1165   32.8833    12.8     1.0     6.9     6.4   101.0     6.8 C    14.7     2.9     7.7
53961 201401  2.422  -92.1165   32.8833    11.9    -3.9     4.0     4.2    31.2    10.8 C    14.6    -1.5     4.8
53961 201402  2.422  -92.1165   32.8833    12.4     0.6     6.5     6.4   108.7     8.4 C    15.7     2.5     7.8
53961 201403  2.422  -92.1165   32.8833    18.1     3.0    10.5    10.7   151.7    15.0 C    23.2     5.3    12.8
53961 201404  2.422  -92.1165   32.8833    23.5     9.2    16.3    16.3   164.7    17.8 C    29.8    11.0    18.4
53961 201405  2.422  -92.1165   32.8833    27.6    14.2    20.9    20.8   169.6    21.3 C    38.1    15.7    24.3
53961 201406  2.422  -92.1165   32.8833    31.3    20.3    25.8    25.2    97.1    21.6 C    41.0    21.5    28.3
53961 201407  2.422  -92.1165   32.8833    31.2    18.7    25.0    24.6   115.2    21.5 C    44.8    19.9    29.0
53961 201408  2.422  -92.1165   32.8833    31.7    20.1    25.9    25.1   204.7    18.9 C    36.2    20.9    26.6
53961 201409  2.422  -92.1165   32.8833    30.4    17.3    23.9    23.0    35.8    17.2 C    35.2    17.7    24.2
53961 201410  2.422  -92.1165   32.8833    25.9    10.7    18.3    17.6   118.3    14.8 C    29.5    10.8    18.2
53961 201411  2.422  -92.1165   32.8833    16.3     2.1     9.2     8.6    70.0    11.1 C    18.8     2.5     9.1
53961 201412  2.422  -92.1165   32.8833    14.0     3.3     8.7     8.4   103.8     6.3 C    15.9     4.4     9.1
53961 201501  2.422  -92.1165   32.8833    12.5    -0.9     5.8     5.3   167.0     9.3 C    14.0    -0.1     5.6
53961 201502  2.422  -92.1165   32.8833    11.1    -1.3     4.9     4.5   170.0    10.3 C    14.4     0.0     5.8
53961 201503  2.422  -92.1165   32.8833    18.0     7.1    12.6    12.3   197.4    10.2 C    21.7     7.5    13.4
53961 201504  2.422  -92.1165   32.8833    24.9    13.1    19.0    18.7   112.3    15.1 C    30.4    13.1    20.3
53961 201505  2.422  -92.1165   32.8833    27.9    16.5    22.2    21.7   205.7    17.0 C    34.7    17.4    23.9
53961 201506  2.422  -92.1165   32.8833    31.9    20.1    26.0    25.5    60.9    21.6 C    39.7    21.1    28.2
53961 201507  2.422  -92.1165   32.8833    34.4    22.1    28.3    27.7   134.6    21.9 C    47.0    22.2    31.5
53961 201508  2.422  -92.1165   32.8833    35.2    19.7    27.4    26.7     1.1    20.2 C    51.3    19.1    31.4
53961 201509  2.422  -92.1165   32.8833    33.1    16.6    24.9    24.1     2.7    16.6 C    47.5    15.6    27.5
53961 201510  2.422  -92.1165   32.8833    27.0    11.1    19.1    18.6   192.5    12.7 C    35.6     9.7    20.0
53961 201511  2.422  -92.1165   32.8833    20.3     8.9    14.6    14.0   254.7     4.1 C    22.5     9.1    14.6
53961 201512  2.422  -92.1165   32.8833    18.7     6.2    12.5    11.9   102.4     7.5 C    20.4     6.0    12.0
53961 201601  2.422  -92.1165   32.8833    13.1     0.9     7.0     6.6    89.7     9.1 C    16.3     0.9     6.9
53961 201602  2.422  -92.1165   32.8833    17.8     3.4    10.6    10.4    80.9    12.4 C    22.1     3.0    10.6
53961 201603  2.422  -92.1165   32.8833    22.0     9.0    15.5    15.4   583.9    13.7 C    26.8     8.5    15.9
53961 201604  2.422  -92.1165   32.8833    24.5    12.2    18.4    18.3   208.5    15.8 C    30.3    12.1    19.4
53961 201605  2.422  -92.1165   32.8833    27.5    15.1    21.3    21.0    31.6    19.1 C    35.4    14.9    22.9
53961 201606  2.422  -92.1165   32.8833    32.6    20.6    26.6    26.0   108.3    20.8 C    44.2    20.3    29.0
53961 201607  2.422  -92.1165   32.8833    34.7    22.1    28.4    27.8   138.2    20.0 C    45.1    22.0    30.4
53961 201608  2.422  -92.1165   32.8833    32.8    22.8    27.8    26.7   223.0    17.5 C    39.0    22.9    28.3
53961 201609  2.422  -92.1165   32.8833    31.9    18.7    25.3    24.4    19.5    17.9 C    45.0    18.5    27.8
53961 201610  2.422  -92.1165   32.8833    29.1    11.3    20.2    19.1    13.2    14.5 C    40.1    10.3    21.1
53961 201611  2.422  -92.1165   32.8833    22.0     5.2    13.6    13.1   110.0    10.0 C    28.7     4.2    13.9
53961 201612  2.422  -92.1165   32.8833    14.9     3.7     9.3     9.2   114.4     6.0 C    17.1     3.9     9.8
53961 201701  2.422  -92.1165   32.8833    17.1     5.7    11.4    10.9   129.4     7.6 C    19.3     5.3    10.9
53961 201702  2.422  -92.1165   32.8833    20.2     7.3    13.8    13.6   113.7    10.8 C    24.3     6.6    13.7
53961 201703  2.422  -92.1165   32.8833    22.5     8.7    15.6    15.4    88.7    14.7 C    28.5     8.3    16.3
53961 201704  2.422  -92.1165   32.8833    26.4    11.9    19.1    19.1   200.0    18.0 C    38.4    11.7    21.8
53961 201705  2.422  -92.1165   32.8833    27.3    14.5    20.9    20.7    80.1    19.9 C    39.8    14.2    23.9
53961 201706  2.422  -92.1165   32.8833    30.2    19.5    24.8    24.4   173.0    19.1 C    42.2    19.6    27.6
53961 201707  2.422  -92.1165   32.8833    33.0    21.8    27.4    26.6   214.2    21.3 C    46.1    22.1    30.5
