94644 200209  1.001  -68.7006   44.9281 -9999.0 -9999.0 -9999.0 -9999.0 -9999.0 -9999.0 U -9999.0 -9999.0 -9999.0
94644 200210  1.001  -68.7006   44.9281    12.0    -0.1     5.9     6.3    62.1     9.8 R -9999.0 -9999.0     7.2
94644 200211  1.001  -68.7006   44.9281     4.9    -3.0     0.9     0.9   137.2     4.8 R -9999.0 -9999.0     0.4
94644 200212  1.001  -68.7006   44.9281     0.6   -10.4    -4.9    -4.6   119.0     5.2 R -9999.0 -9999.0    -6.3
94644 200301  1.001  -68.7006   44.9281    -6.2   -18.4   -12.3   -11.8 -9999.0     6.1 R -9999.0 -9999.0   -14.8
94644 200302  1.001  -68.7006   44.9281    -3.8   -16.1    -9.9    -9.2    84.6     9.6 R -9999.0 -9999.0   -11.8
94644 200303  1.001  -68.7006   44.9281     3.3    -8.7    -2.7    -2.3   112.7    12.1 R -9999.0 -9999.0    -4.9
94644 200304  1.001  -68.7006   44.9281     9.6    -2.7     3.4     3.7    55.7    16.5 R -9999.0 -9999.0     4.0
94644 200305  1.001  -68.7006   44.9281    16.7     4.5    10.6    10.8    72.6    15.7 R -9999.0 -9999.0    12.4
94644 200306  1.001  -68.7006   44.9281    23.2     9.5    16.3    16.8    75.1    20.8 R -9999.0 -9999.0    17.2
94644 200307  1.001  -68.7006   44.9281    26.0    13.6    19.8    19.9    34.6    18.9 R -9999.0 -9999.0    20.8
94644 200308  1.001  -68.7006   44.9281    25.2    14.2    19.7    19.8    57.7    16.7 R -9999.0 -9999.0    20.5
94644 200309  1.001  -68.7006   44.9281    21.6     8.5    15.0    15.3   132.1    15.0 R -9999.0 -9999.0    15.9
94644 200310  1.200  -68.7006   44.9281    13.7     2.7     8.2     8.5   210.6     8.9 R -9999.0 -9999.0     8.0
94644 200311  1.200  -68.7006   44.9281     7.7    -1.7     3.0     2.8   103.4     5.3 R -9999.0 -9999.0     2.1
94644 200312  1.200  -68.7006   44.9281     2.1    -8.9    -3.4    -3.1   149.3     4.7 R -9999.0 -9999.0    -4.8
94644 200401  1.200  -68.7006   44.9281    -8.6   -17.7   -13.1   -12.9    23.6     6.6 R -9999.0 -9999.0   -14.2
94644 200402  1.200  -68.7006   44.9281    -0.2   -13.3    -6.8    -6.0    44.6     9.9 R -9999.0 -9999.0    -8.8
94644 200403  1.200  -68.7006   44.9281     4.5    -5.5    -0.5    -0.4    58.3    13.1 R -9999.0 -9999.0    -0.6
94644 200404  1.200  -68.7006   44.9281    11.4    -0.7     5.3     5.4    75.4    14.6 R -9999.0 -9999.0     5.2
94644 200405  1.200  -68.7006   44.9281    17.7     5.0    11.4    11.5   103.5    17.8 R -9999.0 -9999.0    13.7
94644 200406  1.200  -68.7006   44.9281    21.2     7.7    14.5    14.9    46.1    20.6 R -9999.0 -9999.0    17.0
94644 200407  1.200  -68.7006   44.9281    24.5    13.2    18.9    18.8    81.7    17.6 R -9999.0 -9999.0    19.6
94644 200408  1.200  -68.7006   44.9281    24.7    12.6    18.6    18.6   154.1    17.0 R -9999.0 -9999.0    18.5
94644 200409  1.200  -68.7006   44.9281    20.4     6.8    13.6    14.1    56.6    14.7 R -9999.0 -9999.0    13.4
94644 200410  1.201  -68.7006   44.9281    13.8     1.2     7.5     7.7    62.3    10.3 R -9999.0 -9999.0     6.7
94644 200411  1.201  -68.7006   44.9281     6.6    -3.4     1.6     1.9    96.2     6.2 R -9999.0 -9999.0     0.4
94644 200412  1.201  -68.7006   44.9281     0.0   -10.1    -5.0    -4.9    93.9     3.6 R -9999.0 -9999.0    -6.1
94644 200501  1.201  -68.7006   44.9281    -4.9   -17.3   -11.1   -10.3    70.5     5.4 R -9999.0 -9999.0   -12.8
94644 200502  1.201  -68.7006   44.9281     0.3   -13.3    -6.5    -6.0    77.2     9.7 R -9999.0 -9999.0    -9.6
94644 200503  1.201  -68.7006   44.9281     3.3    -9.0    -2.8    -2.2   127.6    14.1 R -9999.0 -9999.0    -5.4
94644 200504  1.201  -68.7006   44.9281    12.6    -0.7     5.9     6.2   173.5    16.1 R -9999.0 -9999.0     6.0
94644 200505  1.201  -68.7006   44.9281    13.8     4.1     8.9     9.1   188.7    12.6 R -9999.0 -9999.0     9.9
94644 200506  1.201  -68.7006   44.9281    24.3    11.2    17.8    17.9    81.7    19.5 R -9999.0 -9999.0    18.4
94644 200507  1.201  -68.7006   44.9281    26.0    12.6    19.3    19.5   113.1    21.3 R -9999.0 -9999.0    19.9
94644 200508  1.201  -68.7006   44.9281    25.5    12.6    19.1    19.2    94.5    18.9 R -9999.0 -9999.0    19.7
94644 200509  1.201  -68.7006   44.9281    21.6     9.0    15.3    15.5    86.2    15.3 R -9999.0 -9999.0    15.1
94644 200510  1.201  -68.7006   44.9281    13.9     4.3     9.1     8.9   363.6     7.7 R -9999.0 -9999.0     8.2
94644 200511  1.201  -68.7006   44.9281     8.2    -2.3     2.9     3.3   191.1     5.4 R -9999.0 -9999.0     2.0
94644 200512  1.201  -68.7006   44.9281    -0.6   -10.0    -5.3    -4.8   104.2     4.4 R -9999.0 -9999.0    -6.7
94644 200601  1.201  -68.7006   44.9281     1.3    -8.6    -3.6    -3.4   103.7     4.4 R -9999.0 -9999.0    -4.9
94644 200602  1.201  -68.7006   44.9281    -0.5   -10.9    -5.7    -5.4    59.5     8.6 R -9999.0 -9999.0    -6.6
94644 200603  1.201  -68.7006   44.9281     5.4    -6.5    -0.5    -0.3    33.0    14.1 R -9999.0 -9999.0    -1.0
94644 200604  1.201  -68.7006   44.9281    12.8    -0.5     6.1     6.5    67.4    17.2 R -9999.0 -9999.0     6.1
94644 200605  1.201  -68.7006   44.9281    18.8     6.2    12.5    12.6   109.8    17.0 R -9999.0 -9999.0    13.3
94644 200606  1.201  -68.7006   44.9281    22.8    12.9    17.9    17.5   198.9    16.0 R -9999.0 -9999.0    18.1
94644 200607  1.201  -68.7006   44.9281    27.4    14.7    21.1    20.9   176.2    21.2 R -9999.0 -9999.0    21.0
94644 200608  1.301  -68.7006   44.9281    23.3     9.4    16.3    16.6   106.6    19.7 R -9999.0 -9999.0    14.5
94644 200609  1.301  -68.7006   44.9281    20.4     7.7    14.0    14.0    78.4    15.0 R    28.9     5.1    14.2
94644 200610  1.301  -68.7006   44.9281    13.6     2.4     8.0     8.2   156.0     8.6 R    18.6    -0.3     7.4
94644 200611  1.301  -68.7006   44.9281     9.2     0.7     5.0     5.0   130.3     4.4 R    12.4    -2.0     4.0
94644 200612  1.301  -68.7006   44.9281     3.5    -6.1    -1.3    -1.1    71.1     3.7 R     5.6    -9.8    -2.8
94644 200701  1.301  -68.7006   44.9281    -1.9   -14.0    -8.0    -7.4    78.6     5.6 R    -0.1   -18.2    -9.8
94644 200702  1.301  -68.7006   44.9281    -3.6   -17.9   -10.8   -10.2    49.7     9.9 R    -3.5   -22.9   -13.4
94644 200703  1.301  -68.7006   44.9281     3.8    -7.6    -1.9    -1.5   124.8    13.0 R     5.6   -11.4    -3.5
94644 200704  1.301  -68.7006   44.9281     8.8    -1.2     3.8     4.0   194.1    13.6 R    13.4    -4.6     3.1
94644 200705  1.301  -68.7006   44.9281    18.2     3.9    11.1    11.6    84.0    19.7 R    27.7     0.8    12.1
94644 200706  1.301  -68.7006   44.9281    23.2     9.1    16.1    16.6    39.9    21.3 R    27.6     6.9    16.3
94644 200707  1.301  -68.7006   44.9281    25.4    11.8    18.6    19.0    55.0    19.2 R    29.8    10.5    18.9
94644 200708  1.301  -68.7006   44.9281    24.8    10.4    17.6    17.9    88.1    18.9 R    30.5     8.8    17.9
94644 200709  1.301  -68.7006   44.9281    21.7     7.4    14.5    14.9    39.2    15.5 R    27.2     5.4    14.6
94644 200710  1.302  -68.7006   44.9281    16.3     3.6    10.0    10.2   103.6    10.0 R    21.5     1.5     9.9
94644 200711  1.302  -68.7006   44.9281     5.5    -4.2     0.6     0.9   167.9     5.6 R     9.9    -7.6    -0.1
94644 200712  1.302  -68.7006   44.9281    -1.6   -12.3    -7.0    -6.4   124.2     4.1 R    -2.4   -17.3    -8.8
94644 200801  1.302  -68.7006   44.9281    -0.9   -13.0    -7.0    -6.1    63.1     5.7 R    -2.5   -16.9    -8.6
94644 200802  1.302  -68.7006   44.9281    -0.8   -12.2    -6.5    -5.6   139.1     8.1 R    -0.3   -14.6    -6.7
94644 200803  1.302  -68.7006   44.9281     2.3    -8.6    -3.1    -2.4   121.6    12.6 R     3.3   -10.7    -3.4
94644 200804  1.302  -68.7006   44.9281    13.1    -1.2     6.0     6.0   125.2    18.1 R    25.1    -4.4     6.8
94644 200805  1.302  -68.7006   44.9281    17.4     3.7    10.6    10.9    67.0    20.9 R    32.4     0.5    12.8
94644 200806  1.302  -68.7006   44.9281    22.5    11.1    16.8    16.8    87.4    17.9 R    29.8     9.8    17.6
94644 200807  1.302  -68.7006   44.9281    26.7    14.3    20.5    20.6   108.5    21.5 R    30.8    12.1    20.4
94644 200808  1.302  -68.7006   44.9281    23.3    11.3    17.3    17.3    53.0    16.4 R    27.7     9.7    17.3
94644 200809  1.302  -68.7006   44.9281    20.1     7.1    13.6    13.9   155.7    14.4 R    24.2     5.4    13.7
94644 200810  1.302  -68.7006   44.9281    13.4     0.9     7.2     7.2    70.5     9.5 R    19.5    -1.7     6.3
94644 200811  1.302  -68.7006   44.9281     7.1    -2.1     2.5     2.8   133.0     5.3 R    11.3    -5.0     2.0
94644 200812  1.302  -68.7006   44.9281     1.0   -10.3    -4.7    -4.5   134.0     3.7 R     0.9   -13.4    -6.2
94644 200901  1.302  -68.7006   44.9281    -5.4   -20.2   -12.8   -12.2    67.4     6.7 R    -5.5   -24.4   -14.8
94644 200902  1.302  -68.7006   44.9281     0.2   -13.2    -6.5    -5.6    72.3     8.5 R    -1.2   -17.4    -8.3
94644 200903  1.302  -68.7006   44.9281     4.1    -8.1    -2.0    -1.6    64.2    14.1 R     9.6   -11.0    -2.2
94644 200904  1.302  -68.7006   44.9281    13.3     0.6     6.9     7.0    99.0    17.1 R    24.3    -2.6     7.6
94644 200905  1.302  -68.7006   44.9281    18.0     4.4    11.2    11.6   120.9    17.4 R    24.9     2.2    11.8
94644 200906  1.302  -68.7006   44.9281    20.4    10.3    15.4    15.4   212.4    16.7 R    23.8     8.8    15.3
94644 200907  1.302  -68.7006   44.9281    23.1    12.8    18.0    17.8   131.8    16.6 R    27.9    11.6    18.2
94644 200908  1.302  -68.7006   44.9281    25.9    12.6    19.3    19.6    80.1    19.6 R    34.0    11.2    20.5
94644 200909  1.302  -68.7006   44.9281    20.5     5.4    13.0    13.3    35.3    16.4 R    25.1     3.3    13.0
94644 200910  1.302  -68.7006   44.9281    10.9     1.1     6.0     6.1   146.3     7.6 R    13.8    -0.3     5.9
94644 200911  1.302  -68.7006   44.9281     9.1    -1.5     3.8     3.9   109.7     5.9 R    14.3    -4.3     3.1
94644 200912  1.302  -68.7006   44.9281     0.0    -8.7    -4.3    -4.1   108.7     4.5 R     1.8   -11.4    -4.5
94644 201001  1.302  -68.7006   44.9281    -0.7   -10.6    -5.6    -5.5   101.8     5.1 R     0.2   -12.6    -6.8
94644 201002  1.302  -68.7006   44.9281     0.8    -6.5    -2.9    -2.8    57.8     8.1 R     5.4    -7.8    -2.9
94644 201003  1.302  -68.7006   44.9281     8.5    -2.6     2.9     2.8   119.5    12.5 R    18.4    -5.3     3.2
94644 201004  1.302  -68.7006   44.9281    14.1     1.7     7.9     8.0    60.8    16.0 R    24.1     0.0     8.6
94644 201005  1.302  -68.7006   44.9281    20.1     5.8    13.0    13.4    47.9    21.6 R -9999.0     4.0    15.2
94644 201006  2.402  -68.7006   44.9281    22.3    10.5    16.4    16.7   103.7    22.9 R    33.5     9.2    18.5
94644 201007  2.402  -68.7006   44.9281    27.2    15.2    21.2    21.4    56.5    28.6 R    37.4    14.2    23.0
94644 201008  2.402  -68.7006   44.9281    26.6    12.1    19.3    19.6    29.9    25.0 R    35.1    10.5    20.2
94644 201009  2.402  -68.7006   44.9281    21.1     9.9    15.5    15.7   122.9    16.6 R    27.5     8.6    16.0
94644 201010  2.402  -68.7006   44.9281    13.1     2.7     7.9     8.1   124.0    11.8 R    16.4     1.2     7.6
94644 201011  2.402  -68.7006   44.9281     7.2    -2.6     2.3     2.4   118.3     6.9 R     9.0    -4.0     1.7
94644 201012  2.402  -68.7006   44.9281     0.5    -8.0    -3.8    -3.4   187.9     5.1 R    -0.3   -11.4    -5.4
94644 201101  2.402  -68.7006   44.9281    -3.6   -14.6    -9.1    -8.6    71.1     7.5 R    -5.2   -19.3   -11.4
94644 201102  2.402  -68.7006   44.9281    -1.3   -14.8    -8.1    -7.0    86.9    11.5 R    -2.9   -18.4    -9.6
94644 201103  2.402  -68.7006   44.9281     4.0    -6.9    -1.5    -1.0   107.3    16.9 R     7.4    -9.4    -2.0
94644 201104  2.402  -68.7006   44.9281    11.0    -0.1     5.4     5.4   147.0    20.0 R    16.3    -2.5     5.2
94644 201105  2.402  -68.7006   44.9281    17.1     7.3    12.2    12.1   102.4    19.4 R    21.1     6.7    12.5
94644 201106  2.402  -68.7006   44.9281    21.6     9.5    15.6    15.9   108.3    22.9 R    28.7     8.3    16.6
94644 201107  2.402  -68.7006   44.9281    27.2    13.2    20.2    20.6    56.8    22.5 R    35.8    11.3    21.4
94644 201108  2.402  -68.7006   44.9281    24.9    13.2    19.0    19.0   223.9    17.7 R    29.6    11.7    19.3
94644 201109  2.402  -68.7006   44.9281    21.8    10.2    16.0    15.9    49.6    14.2 R    27.1     8.6    16.1
94644 201110  2.402  -68.7006   44.9281    14.0     4.4     9.2     9.3   111.2     8.4 R    17.8     2.7     8.9
94644 201111  2.402  -68.7006   44.9281    10.8    -1.7     4.5     4.8    65.5     6.2 R    13.8    -3.8     3.9
94644 201112  2.402  -68.7006   44.9281     2.8    -7.6    -2.4    -1.8   104.3     4.5 R     5.1    -9.4    -2.3
94644 201201  2.402  -68.7006   44.9281    -0.9   -11.0    -6.0    -5.5    62.3     5.3 R     1.2   -13.1    -6.1
94644 201202  2.402  -68.7006   44.9281     1.1   -10.1    -4.5    -4.0    47.2     9.4 R     2.9   -12.6    -5.1
94644 201203  2.402  -68.7006   44.9281     8.5    -4.1     2.2     2.3    50.2    12.9 R    13.5    -6.5     1.7
94644 201204  2.402  -68.7006   44.9281    13.3    -0.1     6.6     6.8    93.8    17.8 R    23.9    -2.4     7.6
94644 201205  2.402  -68.7006   44.9281    18.4     6.9    12.7    12.8   109.8    16.4 R    23.3     6.0    13.4
94644 201206  2.412  -68.7006   44.9281    21.6    10.1    15.9    15.8   156.6    19.4 R    29.4     9.4    17.3
94644 201207  2.412  -68.7006   44.9281    27.0    12.9    20.0    20.4    26.2    22.2 C    35.2    12.5    22.4
94644 201208  2.412  -68.7006   44.9281    26.3    14.2    20.3    20.3    73.8    17.7 C    31.3    13.6    21.3
94644 201209  2.412  -68.7006   44.9281    20.3     6.7    13.5    14.0   205.6    13.1 C    23.9     5.9    14.5
94644 201210  2.412  -68.7006   44.9281    15.2     4.3     9.8     9.8   181.0     8.0 C    17.4     3.5     9.8
94644 201211  2.412  -68.7006   44.9281     5.7    -4.2     0.8     0.7    40.4     5.6 C     8.3    -4.9     0.7
94644 201212  2.412  -68.7006   44.9281     1.4    -7.7    -3.1    -2.7   124.9     3.8 C     2.4    -8.7    -3.0
94644 201301  2.412  -68.7006   44.9281    -2.0   -13.7    -7.9    -7.0    24.8     5.7 C    -1.8   -15.7    -8.1
94644 201302  2.412  -68.7006   44.9281    -0.4    -9.8    -5.1    -4.9    83.6     7.7 C     0.6   -11.1    -5.3
94644 201303  2.412  -68.7006   44.9281     4.6    -4.2     0.2     0.3    68.5    11.6 C     7.1    -5.9    -0.2
94644 201304  2.412  -68.7006   44.9281    11.0    -1.8     4.6     5.1    49.3    17.0 C    17.1    -3.4     5.8
94644 201305  2.412  -68.7006   44.9281    18.5     5.0    11.8    11.9   121.1    18.2 C    24.0     4.7    13.2
94644 201306  2.412  -68.7006   44.9281    22.8    11.0    16.9    17.1   149.1    18.3 C    28.7    10.8    18.6
94644 201307  2.412  -68.7006   44.9281    26.8    14.9    20.8    21.0    82.3    20.0 C    30.6    14.5    22.1
94644 201308  2.412  -68.7006   44.9281    24.8    11.4    18.1    18.3   139.7    18.4 C    30.0    10.6    19.4
94644 201309  2.422  -68.7006   44.9281    20.2     8.6    14.4    14.6   169.8    13.1 C    23.2     7.6    15.0
94644 201310  2.422  -68.7006   44.9281    15.8     2.0     8.9     9.0    26.5    10.4 C    18.8    -0.9     7.7
94644 201311  2.422  -68.7006   44.9281     6.0    -4.0     1.0     1.1    96.3     5.7 C     8.8    -6.9    -0.2
94644 201312  2.422  -68.7006   44.9281    -3.1   -12.6    -7.9    -7.3   107.4     3.7 C    -3.2   -16.4    -9.3
94644 201401  2.422  -68.7006   44.9281    -2.5   -14.3    -8.4    -8.2    99.0     5.3 C    -3.5   -19.1   -11.1
94644 201402  2.422  -68.7006   44.9281    -2.1   -15.2    -8.6    -7.5    82.4     8.9 C    -3.8   -21.7   -11.5
94644 201403  2.422  -68.7006   44.9281     0.3   -12.5    -6.1    -5.1 -9999.0    12.4 C    -1.9   -17.5    -8.7
94644 201404  2.422  -68.7006   44.9281    11.0    -1.2     4.9     5.0    67.4    16.4 C    16.5    -4.7     4.4
94644 201405  2.422  -68.7006   44.9281    17.7     5.5    11.6    11.6    93.4    16.4 C    23.3     3.8    11.8
94644 201406  2.422  -68.7006   44.9281    23.2     9.9    16.5    17.1   106.0    19.9 C    29.7     8.2    17.7
94644 201407  2.422  -68.7006   44.9281    26.5    13.8    20.1    20.4   176.3    20.7 C    34.5    12.5    21.6
94644 201408  2.422  -68.7006   44.9281    24.9    11.9    18.4    18.4    38.6    18.6 C    31.6    10.9    19.3
94644 201409  2.422  -68.7006   44.9281    20.9     6.9    13.9    14.2    22.5    15.4 C    24.3     4.7    13.5
94644 201410  2.422  -68.7006   44.9281    15.0     4.9    10.0    10.2   150.7     8.1 C    17.9     2.9     9.5
94644 201411  2.422  -68.7006   44.9281     5.0    -4.7     0.2     0.7   127.1     4.7 C     4.9    -8.9    -1.7
94644 201412  2.422  -68.7006   44.9281     1.4    -5.7    -2.1    -1.8   150.4     3.4 C     2.0    -8.3    -3.0
94644 201501  2.422  -68.7006   44.9281    -4.3   -16.7   -10.5    -9.7    94.9     5.2 C    -4.2   -20.9   -12.1
94644 201502  2.422  -68.7006   44.9281    -7.9   -22.0   -15.0   -13.7    54.1     9.3 C    -9.3   -28.7   -17.4
94644 201503  2.422  -68.7006   44.9281     1.8   -11.1    -4.7    -4.1    45.8    13.9 C    -1.3   -16.4    -7.7
94644 201504  2.422  -68.7006   44.9281    10.1    -2.1     4.0     4.4    73.6    15.6 C    15.7    -5.7     3.4
94644 201505  2.422  -68.7006   44.9281    21.0     5.8    13.4    13.6    68.7    20.4 C    25.4     4.0    13.5
94644 201506  2.422  -68.7006   44.9281    20.2     8.5    14.3    14.8   145.6    19.9 C    29.4     7.8    16.7
94644 201507  2.422  -68.7006   44.9281    24.8    11.9    18.4    18.9    56.7    19.6 C    29.8    10.8    19.4
94644 201508  2.422  -68.7006   44.9281    26.5    13.8    20.1    20.1    52.5    18.8 C    29.8    12.4    19.9
94644 201509  2.422  -68.7006   44.9281    23.9     9.9    16.9    16.8   188.1    16.2 C    27.4     7.9    16.3
94644 201510  2.422  -68.7006   44.9281    12.7     0.4     6.6     7.1    75.1     9.5 C    16.9    -1.8     6.2
94644 201511  2.422  -68.7006   44.9281     8.5    -1.9     3.3     3.5    56.7     5.3 C    10.2    -5.0     1.9
94644 201512  2.422  -68.7006   44.9281     4.4    -3.1     0.6     0.6   136.2     3.5 C     5.5    -5.5    -0.5
94644 201601  2.422  -68.7006   44.9281    -0.2   -11.2    -5.7    -5.3    66.5     5.5 C    -1.8   -16.1    -8.6
94644 201602  2.422  -68.7006   44.9281     1.8    -9.7    -3.9    -3.3   117.0     7.4 C     3.1   -13.9    -5.1
94644 201603  2.422  -68.7006   44.9281     5.2    -4.9     0.1     0.2    98.2    10.9 C    10.1    -7.8    -0.2
94644 201604  2.422  -68.7006   44.9281    10.7    -2.6     4.0     4.5    62.8    18.8 C    19.3    -5.7     4.9
94644 201605  2.422  -68.7006   44.9281    18.5     5.4    12.0    12.2    76.9    18.1 C    23.9     3.7    12.2
94644 201606  2.422  -68.7006   44.9281    22.4     9.2    15.8    15.9    65.1    20.6 C    25.0     7.5    15.4
94644 201607  2.422  -68.7006   44.9281    26.4    13.9    20.1    20.2   118.6    21.4 C    35.0    11.3    21.3
94644 201608  2.422  -68.7006   44.9281    26.7    13.0    19.8    19.9    62.4    18.2 C    31.7    10.1    19.6
94644 201609  2.422  -68.7006   44.9281    22.3     8.5    15.4    15.5    32.7    14.6 C    28.6     5.4    15.2
94644 201610  2.422  -68.7006   44.9281    14.5     2.8     8.6     9.1    98.5     8.8 C    18.8     0.3     8.4
94644 201611  2.422  -68.7006   44.9281     8.3    -0.8     3.8     3.8    92.1     5.1 C    11.8    -3.4     3.0
94644 201612  2.422  -68.7006   44.9281    -0.2   -11.5    -5.9    -5.2   123.8     3.8 C    -1.2   -16.2    -7.7
94644 201701  2.422  -68.7006   44.9281     0.2    -8.8    -4.3    -4.0   119.9     4.9 C    -1.2   -12.4    -6.5
94644 201702  2.422  -68.7006   44.9281     1.5   -11.3    -4.9    -4.6   112.8     8.5 C    -2.4   -16.0    -8.2
94644 201703  2.422  -68.7006   44.9281     1.4    -9.1    -3.8    -3.5    72.0    12.5 C     4.1   -12.5    -4.7
94644 201704  2.422  -68.7006   44.9281    12.6     1.7     7.2     6.9   104.2    13.1 C    20.4    -1.3     6.9
94644 201705  2.422  -68.7006   44.9281    16.7     5.5    11.1    11.4   124.1    16.0 C    22.6     3.5    11.8
94644 201706  2.422  -68.7006   44.9281    23.0    10.7    16.8    17.0    67.6    19.5 C    27.8     8.1    16.8
94644 201707  2.422  -68.7006   44.9281    25.4    12.7    19.0    19.2    47.3    21.5 C    38.4     9.6    21.1
