53164 201008  6.101 -111.6012   36.8637    35.6    21.6    28.6    28.8 -9999.0 -9999.0 U -9999.0 -9999.0 -9999.0
53164 201009  6.101 -111.6012   36.8637    34.6    17.2    25.9    26.3     0.4 -9999.0 U -9999.0 -9999.0 -9999.0
53164 201010  6.101 -111.6012   36.8637    23.2    11.6    17.4    17.2    53.2 -9999.0 U -9999.0 -9999.0 -9999.0
53164 201011  6.101 -111.6012   36.8637    15.0     3.5     9.2     9.1     5.6 -9999.0 U -9999.0 -9999.0 -9999.0
53164 201012  6.101 -111.6012   36.8637    12.0     2.7     7.3     7.0     4.7 -9999.0 U -9999.0 -9999.0 -9999.0
53164 201101  6.101 -111.6012   36.8637     9.6    -1.8     3.9     3.6     0.0 -9999.0 U -9999.0 -9999.0 -9999.0
53164 201102  6.101 -111.6012   36.8637    12.0    -0.1     5.9     5.7     8.2 -9999.0 U -9999.0 -9999.0 -9999.0
53164 201103  6.101 -111.6012   36.8637    19.9     6.2    13.0    13.1     3.1 -9999.0 U -9999.0 -9999.0 -9999.0
53164 201104  6.101 -111.6012   36.8637    23.2     8.8    16.0    16.4     2.1 -9999.0 U -9999.0 -9999.0 -9999.0
53164 201105  6.101 -111.6012   36.8637    27.3    12.9    20.1    20.6     1.2 -9999.0 U -9999.0 -9999.0 -9999.0
53164 201106  6.101 -111.6012   36.8637    35.9    19.6    27.8    28.5     0.0 -9999.0 U -9999.0 -9999.0 -9999.0
53164 201107  6.101 -111.6012   36.8637    37.8    23.5    30.6    30.7    12.2 -9999.0 U -9999.0 -9999.0 -9999.0
53164 201108  6.101 -111.6012   36.8637    38.8    24.0    31.4    31.8    15.0 -9999.0 U -9999.0 -9999.0 -9999.0
53164 201109  6.101 -111.6012   36.8637    32.6    18.5    25.6    25.5     9.8 -9999.0 U -9999.0 -9999.0 -9999.0
53164 201110  6.101 -111.6012   36.8637    24.8    11.0    17.9    17.8    11.0 -9999.0 U -9999.0 -9999.0 -9999.0
53164 201111  6.101 -111.6012   36.8637    15.0     4.3     9.7     9.5     9.8 -9999.0 U -9999.0 -9999.0 -9999.0
53164 201112  6.101 -111.6012   36.8637     8.3    -1.0     3.7     3.3    11.2 -9999.0 U -9999.0 -9999.0 -9999.0
53164 201201  6.101 -111.6012   36.8637    11.6    -0.5     5.6     5.0     4.8 -9999.0 U -9999.0 -9999.0 -9999.0
53164 201202  6.101 -111.6012   36.8637    13.4     2.0     7.7     7.6     6.6 -9999.0 U -9999.0 -9999.0 -9999.0
53164 201203  6.101 -111.6012   36.8637    20.9     5.9    13.4    13.4     3.6 -9999.0 U -9999.0 -9999.0 -9999.0
53164 201204  6.101 -111.6012   36.8637    25.7    11.0    18.3    18.6     2.1 -9999.0 U -9999.0 -9999.0 -9999.0
53164 201205  6.101 -111.6012   36.8637    32.0    16.7    24.4    25.1     0.0 -9999.0 U -9999.0 -9999.0 -9999.0
53164 201206  6.101 -111.6012   36.8637    38.6    21.7    30.1    31.3     0.0 -9999.0 U -9999.0 -9999.0 -9999.0
53164 201207  6.101 -111.6012   36.8637    37.5    24.6    31.1    30.8    38.2 -9999.0 U -9999.0 -9999.0 -9999.0
53164 201208  6.101 -111.6012   36.8637    37.2    23.7    30.5    30.3     8.9 -9999.0 U -9999.0 -9999.0 -9999.0
53164 201209  6.101 -111.6012   36.8637    32.6    18.3    25.4    25.6    12.3 -9999.0 U -9999.0 -9999.0 -9999.0
53164 201210  6.101 -111.6012   36.8637    26.1    11.6    18.8    19.0     7.0 -9999.0 U -9999.0 -9999.0 -9999.0
53164 201211  6.101 -111.6012   36.8637    17.6     3.6    10.6    10.3     0.0 -9999.0 U -9999.0 -9999.0 -9999.0
53164 201212  6.101 -111.6012   36.8637    10.1     0.5     5.3     5.1    12.2 -9999.0 U -9999.0 -9999.0 -9999.0
53164 201301  6.101 -111.6012   36.8637     6.9    -3.3     1.8     1.5    15.7 -9999.0 U -9999.0 -9999.0 -9999.0
53164 201302  6.101 -111.6012   36.8637    12.0     0.5     6.2     6.0     0.6 -9999.0 U -9999.0 -9999.0 -9999.0
53164 201303  6.101 -111.6012   36.8637    20.8     6.3    13.6    13.8     9.2 -9999.0 U -9999.0 -9999.0 -9999.0
53164 201304  6.101 -111.6012   36.8637    24.5    10.1    17.3    17.9     1.1 -9999.0 U -9999.0 -9999.0 -9999.0
53164 201305  6.101 -111.6012   36.8637    29.6    15.0    22.3    22.9     2.7 -9999.0 U -9999.0 -9999.0 -9999.0
53164 201306  6.101 -111.6012   36.8637    38.8    22.1    30.5    31.6     0.0 -9999.0 U -9999.0 -9999.0 -9999.0
53164 201307  6.101 -111.6012   36.8637    38.0    24.8    31.4    31.4    22.8 -9999.0 U -9999.0 -9999.0 -9999.0
53164 201308  6.101 -111.6012   36.8637    34.6    22.2    28.4    28.3    44.3 -9999.0 U -9999.0 -9999.0 -9999.0
53164 201309  6.101 -111.6012   36.8637    30.7    18.2    24.4    24.4    28.7 -9999.0 U -9999.0 -9999.0 -9999.0
53164 201310  6.101 -111.6012   36.8637    22.6     8.9    15.8    15.9     1.5 -9999.0 U -9999.0 -9999.0 -9999.0
53164 201311  6.101 -111.6012   36.8637    15.2     4.0     9.6     9.3    52.2 -9999.0 U -9999.0 -9999.0 -9999.0
53164 201312  6.101 -111.6012   36.8637     7.4    -2.1     2.7     2.2     1.0 -9999.0 U -9999.0 -9999.0 -9999.0
53164 201401  6.101 -111.6012   36.8637    12.0    -1.2     5.4     4.8     0.7 -9999.0 U -9999.0 -9999.0 -9999.0
53164 201402  6.101 -111.6012   36.8637    17.3     3.4    10.4    10.2     3.0 -9999.0 U -9999.0 -9999.0 -9999.0
53164 201403  6.101 -111.6012   36.8637    19.9     6.5    13.2    13.3     3.4 -9999.0 U -9999.0 -9999.0 -9999.0
53164 201404  6.101 -111.6012   36.8637    24.0    10.7    17.3    17.5     0.6 -9999.0 U -9999.0 -9999.0 -9999.0
53164 201405  6.101 -111.6012   36.8637    29.7    14.0    21.9    22.5     5.0 -9999.0 U -9999.0 -9999.0 -9999.0
53164 201406  6.101 -111.6012   36.8637 -9999.0 -9999.0 -9999.0 -9999.0 -9999.0 -9999.0 U -9999.0 -9999.0 -9999.0
