94092 200906  6.101 -103.1417   40.1551 -9999.0 -9999.0 -9999.0 -9999.0 -9999.0 -9999.0 U -9999.0 -9999.0 -9999.0
94092 200907  6.101 -103.1417   40.1551    29.4    14.2    21.8    21.2    85.7 -9999.0 U -9999.0 -9999.0 -9999.0
94092 200908  6.101 -103.1417   40.1551    28.9    12.5    20.7    20.3    21.0 -9999.0 U -9999.0 -9999.0 -9999.0
94092 200909  6.101 -103.1417   40.1551    24.0     8.5    16.2    15.8    39.8 -9999.0 U -9999.0 -9999.0 -9999.0
94092 200910  6.101 -103.1417   40.1551    11.0    -0.9     5.0     4.8    29.0 -9999.0 U -9999.0 -9999.0 -9999.0
94092 200911  6.101 -103.1417   40.1551    12.4    -2.9     4.8     4.0     5.3 -9999.0 U -9999.0 -9999.0 -9999.0
94092 200912  6.101 -103.1417   40.1551     0.6   -12.1    -5.7    -5.9     5.6 -9999.0 U -9999.0 -9999.0 -9999.0
94092 201001  6.101 -103.1417   40.1551     4.9    -7.8    -1.5    -2.2     0.3 -9999.0 U -9999.0 -9999.0 -9999.0
94092 201002  6.101 -103.1417   40.1551     3.6    -8.9    -2.6    -2.8     5.7 -9999.0 U -9999.0 -9999.0 -9999.0
94092 201003  6.101 -103.1417   40.1551    11.4    -2.5     4.5     4.0    16.5 -9999.0 U -9999.0 -9999.0 -9999.0
94092 201004  6.101 -103.1417   40.1551    16.7     0.5     8.6     8.6    33.4 -9999.0 U -9999.0 -9999.0 -9999.0
94092 201005  6.101 -103.1417   40.1551    20.0     4.1    12.0    12.4    35.0 -9999.0 U -9999.0 -9999.0 -9999.0
94092 201006  6.101 -103.1417   40.1551    28.1    12.8    20.5    20.5    50.1 -9999.0 U -9999.0 -9999.0 -9999.0
94092 201007  6.101 -103.1417   40.1551    31.2    15.0    23.1    22.8    39.9 -9999.0 U -9999.0 -9999.0 -9999.0
94092 201008  6.101 -103.1417   40.1551    31.3    14.9    23.1    23.0    41.0 -9999.0 U -9999.0 -9999.0 -9999.0
94092 201009  6.101 -103.1417   40.1551    28.4     8.9    18.7    18.8     3.1 -9999.0 U -9999.0 -9999.0 -9999.0
94092 201010  6.101 -103.1417   40.1551    20.3     3.6    12.0    11.3    15.4 -9999.0 U -9999.0 -9999.0 -9999.0
94092 201011  6.101 -103.1417   40.1551    10.0    -5.4     2.3     2.1     6.0 -9999.0 U -9999.0 -9999.0 -9999.0
94092 201012  6.101 -103.1417   40.1551     7.9    -8.4    -0.3    -0.4     0.6 -9999.0 U -9999.0 -9999.0 -9999.0
94092 201101  6.101 -103.1417   40.1551     2.8   -10.5    -3.9    -3.7     5.7 -9999.0 U -9999.0 -9999.0 -9999.0
94092 201102  6.101 -103.1417   40.1551     5.1   -11.2    -3.1    -3.1     1.3 -9999.0 U -9999.0 -9999.0 -9999.0
94092 201103  6.101 -103.1417   40.1551    12.5    -3.1     4.7     4.6     7.8 -9999.0 U -9999.0 -9999.0 -9999.0
94092 201104  6.101 -103.1417   40.1551    15.8     0.2     8.0     7.7    27.8 -9999.0 U -9999.0 -9999.0 -9999.0
94092 201105  6.101 -103.1417   40.1551    18.6     4.0    11.3    11.5   163.3 -9999.0 U -9999.0 -9999.0 -9999.0
94092 201106  6.101 -103.1417   40.1551    27.8    11.5    19.7    19.7    34.2 -9999.0 U -9999.0 -9999.0 -9999.0
94092 201107  6.101 -103.1417   40.1551    32.3    16.3    24.3    24.2    99.5 -9999.0 U -9999.0 -9999.0 -9999.0
94092 201108  6.101 -103.1417   40.1551    33.0    15.8    24.4    24.2     2.1 -9999.0 U -9999.0 -9999.0 -9999.0
94092 201109  6.101 -103.1417   40.1551    24.8     8.8    16.8    16.6    28.4 -9999.0 U -9999.0 -9999.0 -9999.0
94092 201110  6.101 -103.1417   40.1551    18.2     2.0    10.1     9.9    26.4 -9999.0 U -9999.0 -9999.0 -9999.0
94092 201111  6.101 -103.1417   40.1551    11.8    -5.4     3.2     2.6     4.9 -9999.0 U -9999.0 -9999.0 -9999.0
94092 201112  6.101 -103.1417   40.1551     4.8   -10.1    -2.6    -2.9     0.4 -9999.0 U -9999.0 -9999.0 -9999.0
94092 201201  6.101 -103.1417   40.1551     9.4    -8.5     0.4     0.2     0.6 -9999.0 U -9999.0 -9999.0 -9999.0
94092 201202  6.101 -103.1417   40.1551     2.2    -8.8    -3.3    -3.0     6.2 -9999.0 U -9999.0 -9999.0 -9999.0
94092 201203  6.101 -103.1417   40.1551    17.6    -0.8     8.4     8.6     3.1 -9999.0 U -9999.0 -9999.0 -9999.0
94092 201204  6.101 -103.1417   40.1551    19.4     3.5    11.5    11.5    40.0 -9999.0 U -9999.0 -9999.0 -9999.0
94092 201205  6.101 -103.1417   40.1551    24.3     6.2    15.3    15.7    15.8 -9999.0 U -9999.0 -9999.0 -9999.0
94092 201206  6.101 -103.1417   40.1551    33.4    13.7    23.6    24.0     4.4 -9999.0 U -9999.0 -9999.0 -9999.0
94092 201207  6.101 -103.1417   40.1551    34.2    16.3    25.3    25.7    55.1 -9999.0 U -9999.0 -9999.0 -9999.0
94092 201208  6.101 -103.1417   40.1551    32.0    14.1    23.1    23.1     2.5 -9999.0 U -9999.0 -9999.0 -9999.0
94092 201209  6.101 -103.1417   40.1551    26.7     9.5    18.1    18.0    21.9 -9999.0 U -9999.0 -9999.0 -9999.0
94092 201210  6.101 -103.1417   40.1551    16.4     0.6     8.5     8.2    13.0 -9999.0 U -9999.0 -9999.0 -9999.0
94092 201211  6.101 -103.1417   40.1551    14.6    -3.1     5.7     4.8     3.3 -9999.0 U -9999.0 -9999.0 -9999.0
94092 201212  6.101 -103.1417   40.1551     5.0   -10.0    -2.5    -2.3     5.1 -9999.0 U -9999.0 -9999.0 -9999.0
94092 201301  6.101 -103.1417   40.1551     5.2    -9.7    -2.3    -2.7     1.0 -9999.0 U -9999.0 -9999.0 -9999.0
94092 201302  6.101 -103.1417   40.1551     5.4    -9.3    -1.9    -1.9     4.4 -9999.0 U -9999.0 -9999.0 -9999.0
94092 201303  6.101 -103.1417   40.1551     9.8    -6.0     1.9     1.9    13.4 -9999.0 U -9999.0 -9999.0 -9999.0
94092 201304  6.101 -103.1417   40.1551    11.9    -2.0     5.0     4.8    19.8 -9999.0 U -9999.0 -9999.0 -9999.0
94092 201305  6.101 -103.1417   40.1551    21.2     5.5    13.4    13.4    32.3 -9999.0 U -9999.0 -9999.0 -9999.0
94092 201306  6.101 -103.1417   40.1551    30.1    11.2    20.7    20.8    52.0 -9999.0 U -9999.0 -9999.0 -9999.0
94092 201307  6.101 -103.1417   40.1551    30.0    14.5    22.3    22.2    47.0 -9999.0 U -9999.0 -9999.0 -9999.0
94092 201308  6.101 -103.1417   40.1551    30.7    14.5    22.6    22.3    65.9 -9999.0 U -9999.0 -9999.0 -9999.0
94092 201309  6.101 -103.1417   40.1551    26.2    11.4    18.8    18.7    95.0 -9999.0 U -9999.0 -9999.0 -9999.0
94092 201310  6.101 -103.1417   40.1551    15.2     1.5     8.4     7.8    21.1 -9999.0 U -9999.0 -9999.0 -9999.0
94092 201311  6.101 -103.1417   40.1551    11.3    -4.4     3.4     2.8     3.2 -9999.0 U -9999.0 -9999.0 -9999.0
94092 201312  6.101 -103.1417   40.1551     5.0   -10.9    -3.0    -3.3     0.7 -9999.0 U -9999.0 -9999.0 -9999.0
94092 201401  6.101 -103.1417   40.1551     5.4    -9.8    -2.2    -1.9    14.1 -9999.0 U -9999.0 -9999.0 -9999.0
94092 201402  6.101 -103.1417   40.1551     1.3   -12.1    -5.4    -5.4     5.9 -9999.0 U -9999.0 -9999.0 -9999.0
94092 201403  6.101 -103.1417   40.1551    11.8    -4.6     3.6     3.3     9.1 -9999.0 U -9999.0 -9999.0 -9999.0
94092 201404  6.101 -103.1417   40.1551    16.5     0.5     8.5     8.5    12.4 -9999.0 U -9999.0 -9999.0 -9999.0
94092 201405  6.101 -103.1417   40.1551    21.1     6.0    13.6    13.5    88.3 -9999.0 U -9999.0 -9999.0 -9999.0
94092 201406  6.101 -103.1417   40.1551 -9999.0 -9999.0 -9999.0 -9999.0 -9999.0 -9999.0 U -9999.0 -9999.0 -9999.0
