94094 201007  6.101 -108.1996   40.0822 -9999.0 -9999.0 -9999.0 -9999.0 -9999.0 -9999.0 U -9999.0 -9999.0 -9999.0
94094 201008  6.101 -108.1996   40.0822    28.0     9.5    18.7    18.4    42.1 -9999.0 U -9999.0 -9999.0 -9999.0
94094 201009  6.101 -108.1996   40.0822    27.0     2.6    14.8    14.7    10.4 -9999.0 U -9999.0 -9999.0 -9999.0
94094 201010  6.101 -108.1996   40.0822    18.1    -0.7     8.7     8.0    39.7 -9999.0 U -9999.0 -9999.0 -9999.0
94094 201011  6.101 -108.1996   40.0822     6.8    -7.2    -0.2    -0.5    39.6 -9999.0 U -9999.0 -9999.0 -9999.0
94094 201012  6.101 -108.1996   40.0822     3.5    -8.1    -2.3    -2.5    35.1 -9999.0 U -9999.0 -9999.0 -9999.0
94094 201101  6.101 -108.1996   40.0822    -3.2   -19.4   -11.3   -11.0    13.7 -9999.0 U -9999.0 -9999.0 -9999.0
94094 201102  6.101 -108.1996   40.0822     0.6   -17.3    -8.4    -8.2    15.5 -9999.0 U -9999.0 -9999.0 -9999.0
94094 201103  6.101 -108.1996   40.0822    10.1    -4.3     2.9     2.6    34.5 -9999.0 U -9999.0 -9999.0 -9999.0
94094 201104  6.101 -108.1996   40.0822    12.9    -1.6     5.6     5.4    59.2 -9999.0 U -9999.0 -9999.0 -9999.0
94094 201105  6.101 -108.1996   40.0822    17.3     0.8     9.0     9.4    35.9 -9999.0 U -9999.0 -9999.0 -9999.0
94094 201106  6.101 -108.1996   40.0822    26.4     4.8    15.6    16.4    19.3 -9999.0 U -9999.0 -9999.0 -9999.0
94094 201107  6.101 -108.1996   40.0822    29.7    11.2    20.4    19.9    53.2 -9999.0 U -9999.0 -9999.0 -9999.0
94094 201108  6.101 -108.1996   40.0822    31.4    10.1    20.7    20.2    16.1 -9999.0 U -9999.0 -9999.0 -9999.0
94094 201109  6.101 -108.1996   40.0822    25.4     4.7    15.0    14.3    44.5 -9999.0 U -9999.0 -9999.0 -9999.0
94094 201110  6.101 -108.1996   40.0822    17.5    -1.8     7.8     7.0    26.2 -9999.0 U -9999.0 -9999.0 -9999.0
94094 201111  6.101 -108.1996   40.0822     8.8    -7.3     0.7    -0.1    21.7 -9999.0 U -9999.0 -9999.0 -9999.0
94094 201112  6.101 -108.1996   40.0822     0.6   -16.7    -8.0    -8.0     8.1 -9999.0 U -9999.0 -9999.0 -9999.0
94094 201201  6.101 -108.1996   40.0822     5.0   -13.7    -4.3    -4.5     9.5 -9999.0 U -9999.0 -9999.0 -9999.0
94094 201202  6.101 -108.1996   40.0822     4.7    -9.1    -2.2    -2.6    35.6 -9999.0 U -9999.0 -9999.0 -9999.0
94094 201203  6.101 -108.1996   40.0822    14.4    -4.8     4.8     5.2     7.4 -9999.0 U -9999.0 -9999.0 -9999.0
94094 201204  6.101 -108.1996   40.0822    18.3    -1.4     8.4     9.2    12.3 -9999.0 U -9999.0 -9999.0 -9999.0
94094 201205  6.101 -108.1996   40.0822    23.6     1.8    12.7    13.8     2.8 -9999.0 U -9999.0 -9999.0 -9999.0
94094 201206  6.101 -108.1996   40.0822    31.1     7.0    19.1    20.5     0.0 -9999.0 U -9999.0 -9999.0 -9999.0
94094 201207  6.101 -108.1996   40.0822    31.3    11.9    21.6    21.4    25.8 -9999.0 U -9999.0 -9999.0 -9999.0
94094 201208  6.101 -108.1996   40.0822    30.8    10.4    20.6    20.2     9.5 -9999.0 U -9999.0 -9999.0 -9999.0
94094 201209  6.101 -108.1996   40.0822    25.3     3.9    14.6    14.3    17.4 -9999.0 U -9999.0 -9999.0 -9999.0
94094 201210  6.101 -108.1996   40.0822    17.4    -2.1     7.6     7.4    16.2 -9999.0 U -9999.0 -9999.0 -9999.0
94094 201211  6.101 -108.1996   40.0822    12.4    -6.5     3.0     2.0    11.4 -9999.0 U -9999.0 -9999.0 -9999.0
94094 201212  6.101 -108.1996   40.0822     0.0   -14.5    -7.3    -6.9    43.3 -9999.0 U -9999.0 -9999.0 -9999.0
94094 201301  6.101 -108.1996   40.0822    -5.9   -24.0   -15.0   -15.6    13.8 -9999.0 U -9999.0 -9999.0 -9999.0
94094 201302  6.101 -108.1996   40.0822     0.6   -14.6    -7.0    -6.9    12.0 -9999.0 U -9999.0 -9999.0 -9999.0
94094 201303  6.101 -108.1996   40.0822     9.8    -5.9     1.9     1.5     8.6 -9999.0 U -9999.0 -9999.0 -9999.0
94094 201304  6.101 -108.1996   40.0822    12.2    -3.3     4.5     4.4    47.6 -9999.0 U -9999.0 -9999.0 -9999.0
94094 201305  6.101 -108.1996   40.0822    20.7     2.6    11.6    12.0    28.3 -9999.0 U -9999.0 -9999.0 -9999.0
94094 201306  6.101 -108.1996   40.0822    30.1     5.8    18.0    19.2     1.1 -9999.0 U -9999.0 -9999.0 -9999.0
94094 201307  6.101 -108.1996   40.0822    32.3    12.0    22.2    21.8    26.3 -9999.0 U -9999.0 -9999.0 -9999.0
94094 201308  6.101 -108.1996   40.0822    30.0    11.0    20.5    19.8    14.0 -9999.0 U -9999.0 -9999.0 -9999.0
94094 201309  6.101 -108.1996   40.0822    23.8     8.1    15.9    15.4    74.3 -9999.0 U -9999.0 -9999.0 -9999.0
94094 201310  6.101 -108.1996   40.0822    14.1    -1.4     6.3     5.5    54.9 -9999.0 U -9999.0 -9999.0 -9999.0
94094 201311  6.101 -108.1996   40.0822     6.7    -6.2     0.2    -0.5    15.6 -9999.0 U -9999.0 -9999.0 -9999.0
94094 201312  6.101 -108.1996   40.0822    -2.9   -19.4   -11.1   -11.2    16.7 -9999.0 U -9999.0 -9999.0 -9999.0
94094 201401  6.101 -108.1996   40.0822     1.2   -17.1    -8.0    -8.1    31.5 -9999.0 U -9999.0 -9999.0 -9999.0
94094 201402  6.101 -108.1996   40.0822     6.0    -9.2    -1.6    -1.7    14.0 -9999.0 U -9999.0 -9999.0 -9999.0
94094 201403  6.101 -108.1996   40.0822    11.4    -4.0     3.7     3.3    44.2 -9999.0 U -9999.0 -9999.0 -9999.0
94094 201404  6.101 -108.1996   40.0822    14.4    -1.8     6.3     6.6    34.0 -9999.0 U -9999.0 -9999.0 -9999.0
94094 201405  6.101 -108.1996   40.0822    20.5     3.0    11.8    12.3    46.5 -9999.0 U -9999.0 -9999.0 -9999.0
94094 201406  6.101 -108.1996   40.0822 -9999.0 -9999.0 -9999.0 -9999.0 -9999.0 -9999.0 U -9999.0 -9999.0 -9999.0
