03076 200906  6.101 -108.7353   39.1018 -9999.0 -9999.0 -9999.0 -9999.0 -9999.0 -9999.0 U -9999.0 -9999.0 -9999.0
03076 200907  6.101 -108.7353   39.1018    32.5    19.7    26.1    25.9     7.2 -9999.0 U -9999.0 -9999.0 -9999.0
03076 200908  6.101 -108.7353   39.1018    30.6    18.1    24.3    24.2     5.9 -9999.0 U -9999.0 -9999.0 -9999.0
03076 200909  6.101 -108.7353   39.1018    25.6    14.2    19.9    19.7    25.5 -9999.0 U -9999.0 -9999.0 -9999.0
03076 200910  6.101 -108.7353   39.1018    14.3     5.2     9.8     9.6    10.4 -9999.0 U -9999.0 -9999.0 -9999.0
03076 200911  6.101 -108.7353   39.1018     9.8     2.0     5.9     5.9    15.7 -9999.0 U -9999.0 -9999.0 -9999.0
03076 200912  6.101 -108.7353   39.1018    -2.2    -8.6    -5.4    -5.3    29.4 -9999.0 U -9999.0 -9999.0 -9999.0
03076 201001  6.101 -108.7353   39.1018     0.1    -6.1    -3.0    -3.1    12.0 -9999.0 U -9999.0 -9999.0 -9999.0
03076 201002  6.101 -108.7353   39.1018     0.6    -5.0    -2.2    -2.1    24.9 -9999.0 U -9999.0 -9999.0 -9999.0
03076 201003  6.101 -108.7353   39.1018     9.3     0.0     4.6     4.5    54.5 -9999.0 U -9999.0 -9999.0 -9999.0
03076 201004  6.101 -108.7353   39.1018    15.4     4.0     9.7    10.0    32.5 -9999.0 U -9999.0 -9999.0 -9999.0
03076 201005  6.101 -108.7353   39.1018    19.8     7.9    13.9    14.1     4.6 -9999.0 U -9999.0 -9999.0 -9999.0
03076 201006  6.101 -108.7353   39.1018    28.9    16.9    22.9    22.9    14.0 -9999.0 U -9999.0 -9999.0 -9999.0
03076 201007  6.101 -108.7353   39.1018    32.5    19.4    26.0    25.5    17.5 -9999.0 U -9999.0 -9999.0 -9999.0
03076 201008  6.101 -108.7353   39.1018    28.8    16.8    22.8    22.8    28.2 -9999.0 U -9999.0 -9999.0 -9999.0
03076 201009  6.101 -108.7353   39.1018    27.1    15.0    21.0    21.0    15.8 -9999.0 U -9999.0 -9999.0 -9999.0
03076 201010  6.101 -108.7353   39.1018    17.8     8.0    12.9    12.6    56.9 -9999.0 U -9999.0 -9999.0 -9999.0
03076 201011  6.101 -108.7353   39.1018     7.0    -0.6     3.2     3.2    34.2 -9999.0 U -9999.0 -9999.0 -9999.0
03076 201012  6.101 -108.7353   39.1018     5.0    -1.2     1.9     1.8    27.7 -9999.0 U -9999.0 -9999.0 -9999.0
03076 201101  6.101 -108.7353   39.1018    -0.5    -7.4    -3.9    -3.9     2.8 -9999.0 U -9999.0 -9999.0 -9999.0
03076 201102  6.101 -108.7353   39.1018     3.0    -5.4    -1.2    -1.3    18.2 -9999.0 U -9999.0 -9999.0 -9999.0
03076 201103  6.101 -108.7353   39.1018    11.5     1.4     6.4     6.3    32.3 -9999.0 U -9999.0 -9999.0 -9999.0
03076 201104  6.101 -108.7353   39.1018    14.3     2.9     8.6     8.6    53.5 -9999.0 U -9999.0 -9999.0 -9999.0
03076 201105  6.101 -108.7353   39.1018    18.5     7.7    13.1    12.9    53.7 -9999.0 U -9999.0 -9999.0 -9999.0
03076 201106  6.101 -108.7353   39.1018    28.2    15.3    21.8    22.0    26.8 -9999.0 U -9999.0 -9999.0 -9999.0
03076 201107  6.101 -108.7353   39.1018    30.8    18.3    24.5    24.2    29.0 -9999.0 U -9999.0 -9999.0 -9999.0
03076 201108  6.101 -108.7353   39.1018    31.9    19.1    25.5    25.2    17.1 -9999.0 U -9999.0 -9999.0 -9999.0
03076 201109  6.101 -108.7353   39.1018    25.6    14.4    20.0    19.7    22.0 -9999.0 U -9999.0 -9999.0 -9999.0
03076 201110  6.101 -108.7353   39.1018    16.6     6.6    11.6    11.6    29.1 -9999.0 U -9999.0 -9999.0 -9999.0
03076 201111  6.101 -108.7353   39.1018     8.0    -0.1     3.9     3.8    18.7 -9999.0 U -9999.0 -9999.0 -9999.0
03076 201112  6.101 -108.7353   39.1018     1.9    -4.6    -1.4    -1.6     9.4 -9999.0 U -9999.0 -9999.0 -9999.0
03076 201201  6.101 -108.7353   39.1018     3.9    -3.6     0.1     0.1    10.2 -9999.0 U -9999.0 -9999.0 -9999.0
03076 201202  6.101 -108.7353   39.1018     5.6    -2.8     1.4     1.1    15.7 -9999.0 U -9999.0 -9999.0 -9999.0
03076 201203  6.101 -108.7353   39.1018    14.3     3.7     9.0     9.0    11.9 -9999.0 U -9999.0 -9999.0 -9999.0
03076 201204  6.101 -108.7353   39.1018    19.1     6.3    12.7    12.8     8.8 -9999.0 U -9999.0 -9999.0 -9999.0
03076 201205  6.101 -108.7353   39.1018    25.2    12.2    18.7    18.7     0.0 -9999.0 U -9999.0 -9999.0 -9999.0
03076 201206  6.101 -108.7353   39.1018    32.4    18.9    25.6    25.8     1.4 -9999.0 U -9999.0 -9999.0 -9999.0
03076 201207  6.101 -108.7353   39.1018    32.3    19.4    25.9    25.3    30.1 -9999.0 U -9999.0 -9999.0 -9999.0
03076 201208  6.101 -108.7353   39.1018    31.3    19.2    25.2    25.0    22.6 -9999.0 U -9999.0 -9999.0 -9999.0
03076 201209  6.101 -108.7353   39.1018    26.0    14.4    20.2    20.1     8.6 -9999.0 U -9999.0 -9999.0 -9999.0
03076 201210  6.101 -108.7353   39.1018    17.8     7.5    12.7    12.7    15.0 -9999.0 U -9999.0 -9999.0 -9999.0
03076 201211  6.101 -108.7353   39.1018    11.1     2.7     6.9     7.1     7.4 -9999.0 U -9999.0 -9999.0 -9999.0
03076 201212  6.101 -108.7353   39.1018     1.7    -4.9    -1.6    -1.6    33.0 -9999.0 U -9999.0 -9999.0 -9999.0
03076 201301  6.101 -108.7353   39.1018    -1.8    -9.2    -5.5    -5.7    17.0 -9999.0 U -9999.0 -9999.0 -9999.0
03076 201302  6.101 -108.7353   39.1018     3.0    -4.4    -0.7    -0.8    15.2 -9999.0 U -9999.0 -9999.0 -9999.0
03076 201303  6.101 -108.7353   39.1018    11.8     1.6     6.7     6.6    14.1 -9999.0 U -9999.0 -9999.0 -9999.0
03076 201304  6.101 -108.7353   39.1018    14.7     3.1     8.9     9.0    40.0 -9999.0 U -9999.0 -9999.0 -9999.0
03076 201305  6.101 -108.7353   39.1018    21.9    10.6    16.3    16.2    16.0 -9999.0 U -9999.0 -9999.0 -9999.0
03076 201306  6.101 -108.7353   39.1018    31.8    19.0    25.4    25.4     0.2 -9999.0 U -9999.0 -9999.0 -9999.0
03076 201307  6.101 -108.7353   39.1018    33.0    19.7    26.4    26.0    33.7 -9999.0 U -9999.0 -9999.0 -9999.0
03076 201308  6.101 -108.7353   39.1018    29.8    17.9    23.8    23.2    26.4 -9999.0 U -9999.0 -9999.0 -9999.0
03076 201309  6.101 -108.7353   39.1018    23.6    13.8    18.7    18.8    82.7 -9999.0 U -9999.0 -9999.0 -9999.0
03076 201310  6.101 -108.7353   39.1018    14.3     5.1     9.7     9.7    37.2 -9999.0 U -9999.0 -9999.0 -9999.0
03076 201311  6.101 -108.7353   39.1018     7.5     0.7     4.1     4.1    31.6 -9999.0 U -9999.0 -9999.0 -9999.0
03076 201312  6.101 -108.7353   39.1018    -1.4    -7.6    -4.5    -4.6    27.5 -9999.0 U -9999.0 -9999.0 -9999.0
03076 201401  6.101 -108.7353   39.1018     2.2    -4.3    -1.0    -1.1    19.9 -9999.0 U -9999.0 -9999.0 -9999.0
03076 201402  6.101 -108.7353   39.1018     6.2    -1.1     2.6     2.7    21.7 -9999.0 U -9999.0 -9999.0 -9999.0
03076 201403  6.101 -108.7353   39.1018    12.2     1.7     6.9     6.8    18.6 -9999.0 U -9999.0 -9999.0 -9999.0
03076 201404  6.101 -108.7353   39.1018    15.6     4.6    10.1     9.9    27.6 -9999.0 U -9999.0 -9999.0 -9999.0
03076 201405  6.101 -108.7353   39.1018    21.4    10.1    15.7    15.8    44.5 -9999.0 U -9999.0 -9999.0 -9999.0
03076 201406  6.101 -108.7353   39.1018 -9999.0 -9999.0 -9999.0 -9999.0 -9999.0 -9999.0 U -9999.0 -9999.0 -9999.0
