04143 201007  6.101 -111.2398   40.2816 -9999.0 -9999.0 -9999.0 -9999.0 -9999.0 -9999.0 U -9999.0 -9999.0 -9999.0
04143 201008  6.101 -111.2398   40.2816    22.2     2.4    12.3    12.4    77.0 -9999.0 U -9999.0 -9999.0 -9999.0
04143 201009  6.101 -111.2398   40.2816    20.9    -3.6     8.6     8.8     6.0 -9999.0 U -9999.0 -9999.0 -9999.0
04143 201010  6.101 -111.2398   40.2816    11.9    -4.5     3.7     3.5   128.1 -9999.0 U -9999.0 -9999.0 -9999.0
04143 201011  6.101 -111.2398   40.2816     1.2   -12.6    -5.7    -5.2    78.4 -9999.0 U -9999.0 -9999.0 -9999.0
04143 201012  6.101 -111.2398   40.2816    -0.9   -13.8    -7.3    -6.7 -9999.0 -9999.0 U -9999.0 -9999.0 -9999.0
04143 201101  6.101 -111.2398   40.2816    -3.0   -18.0   -10.5    -9.7    20.5 -9999.0 U -9999.0 -9999.0 -9999.0
04143 201102  6.101 -111.2398   40.2816    -3.1   -19.7   -11.4    -9.7    64.5 -9999.0 U -9999.0 -9999.0 -9999.0
04143 201103  6.101 -111.2398   40.2816     1.3   -13.8    -6.2    -4.8    71.3 -9999.0 U -9999.0 -9999.0 -9999.0
04143 201104  6.101 -111.2398   40.2816     3.5    -9.9    -3.2    -2.2   115.1 -9999.0 U -9999.0 -9999.0 -9999.0
04143 201105  6.101 -111.2398   40.2816     8.2    -3.5     2.4     2.5    91.4 -9999.0 U -9999.0 -9999.0 -9999.0
04143 201106  6.101 -111.2398   40.2816    18.4    -0.2     9.1     9.8    27.6 -9999.0 U -9999.0 -9999.0 -9999.0
04143 201107  6.101 -111.2398   40.2816    22.8     4.9    13.9    14.1    52.2 -9999.0 U -9999.0 -9999.0 -9999.0
04143 201108  6.101 -111.2398   40.2816    24.5     2.6    13.6    13.9     7.5 -9999.0 U -9999.0 -9999.0 -9999.0
04143 201109  6.101 -111.2398   40.2816    20.2    -2.4     8.9     8.8    11.5 -9999.0 U -9999.0 -9999.0 -9999.0
04143 201110  6.101 -111.2398   40.2816    11.9    -5.4     3.2     2.9    48.9 -9999.0 U -9999.0 -9999.0 -9999.0
04143 201111  6.101 -111.2398   40.2816     2.3   -13.0    -5.4    -5.1    53.2 -9999.0 U -9999.0 -9999.0 -9999.0
04143 201112  6.101 -111.2398   40.2816    -1.4   -17.3    -9.4    -8.8     8.7 -9999.0 U -9999.0 -9999.0 -9999.0
04143 201201  6.101 -111.2398   40.2816     1.1   -15.8    -7.3    -7.1    37.2 -9999.0 U -9999.0 -9999.0 -9999.0
04143 201202  6.101 -111.2398   40.2816    -1.7   -16.4    -9.1    -8.3    39.2 -9999.0 U -9999.0 -9999.0 -9999.0
04143 201203  6.101 -111.2398   40.2816     5.6   -10.5    -2.5    -1.9    37.1 -9999.0 U -9999.0 -9999.0 -9999.0
04143 201204  6.101 -111.2398   40.2816    10.6    -6.3     2.2     2.6    40.2 -9999.0 U -9999.0 -9999.0 -9999.0
04143 201205  6.101 -111.2398   40.2816    15.8    -3.3     6.2     7.1    18.8 -9999.0 U -9999.0 -9999.0 -9999.0
04143 201206  6.101 -111.2398   40.2816    22.7    -1.1    10.8    12.0     0.0 -9999.0 U -9999.0 -9999.0 -9999.0
04143 201207  6.101 -111.2398   40.2816    24.5     4.3    14.4    14.5    51.8 -9999.0 U -9999.0 -9999.0 -9999.0
04143 201208  6.101 -111.2398   40.2816    25.7     3.3    14.5    15.0    16.8 -9999.0 U -9999.0 -9999.0 -9999.0
04143 201209  6.101 -111.2398   40.2816    20.4    -1.0     9.7     9.7    43.1 -9999.0 U -9999.0 -9999.0 -9999.0
04143 201210  6.101 -111.2398   40.2816    12.1    -6.2     3.0     3.2    22.4 -9999.0 U -9999.0 -9999.0 -9999.0
04143 201211  6.101 -111.2398   40.2816     6.3   -10.3    -2.0    -2.2    70.1 -9999.0 U -9999.0 -9999.0 -9999.0
04143 201212  6.101 -111.2398   40.2816 -9999.0 -9999.0 -9999.0 -9999.0 -9999.0 -9999.0 U -9999.0 -9999.0 -9999.0
04143 201301 -9.000 -111.2398   40.2816 -9999.0 -9999.0 -9999.0 -9999.0 -9999.0 -9999.0 U -9999.0 -9999.0 -9999.0
04143 201302 -9.000 -111.2398   40.2816 -9999.0 -9999.0 -9999.0 -9999.0 -9999.0 -9999.0 U -9999.0 -9999.0 -9999.0
04143 201303 -9.000 -111.2398   40.2816 -9999.0 -9999.0 -9999.0 -9999.0 -9999.0 -9999.0 U -9999.0 -9999.0 -9999.0
04143 201304  6.101 -111.2398   40.2816 -9999.0 -9999.0 -9999.0 -9999.0 -9999.0 -9999.0 U -9999.0 -9999.0 -9999.0
04143 201305  6.101 -111.2398   40.2816    14.5    -2.3     6.1     6.4    27.2 -9999.0 U -9999.0 -9999.0 -9999.0
04143 201306  6.101 -111.2398   40.2816    22.5    -0.6    11.0    12.3     3.2 -9999.0 U -9999.0 -9999.0 -9999.0
04143 201307  6.101 -111.2398   40.2816    25.6     5.1    15.4    15.7    34.1 -9999.0 U -9999.0 -9999.0 -9999.0
04143 201308  6.101 -111.2398   40.2816    24.0     3.0    13.5    13.8    56.9 -9999.0 U -9999.0 -9999.0 -9999.0
04143 201309  6.101 -111.2398   40.2816    17.4     1.2     9.3     9.3    60.5 -9999.0 U -9999.0 -9999.0 -9999.0
04143 201310  6.101 -111.2398   40.2816     9.7    -6.6     1.6     1.4    38.2 -9999.0 U -9999.0 -9999.0 -9999.0
04143 201311  6.101 -111.2398   40.2816     5.0   -10.8    -2.9    -3.0    25.4 -9999.0 U -9999.0 -9999.0 -9999.0
04143 201312  6.101 -111.2398   40.2816    -2.4   -18.1   -10.2    -9.8    44.1 -9999.0 U -9999.0 -9999.0 -9999.0
04143 201401  6.101 -111.2398   40.2816     0.8   -16.5    -7.8    -7.7    50.7 -9999.0 U -9999.0 -9999.0 -9999.0
04143 201402  6.101 -111.2398   40.2816     0.0   -13.7    -6.9    -5.7   118.2 -9999.0 U -9999.0 -9999.0 -9999.0
04143 201403  6.101 -111.2398   40.2816     3.6   -12.5    -4.5    -3.7    50.7 -9999.0 U -9999.0 -9999.0 -9999.0
04143 201404  6.101 -111.2398   40.2816     6.7    -7.6    -0.5     0.1    44.7 -9999.0 U -9999.0 -9999.0 -9999.0
04143 201405  6.101 -111.2398   40.2816    15.1    -2.4     6.4     6.8    21.6 -9999.0 U -9999.0 -9999.0 -9999.0
04143 201406  6.101 -111.2398   40.2816 -9999.0 -9999.0 -9999.0 -9999.0 -9999.0 -9999.0 U -9999.0 -9999.0 -9999.0
