53015 201009  6.101 -104.1617   33.0875 -9999.0 -9999.0 -9999.0 -9999.0 -9999.0 -9999.0 U -9999.0 -9999.0 -9999.0
53015 201010  6.101 -104.1617   33.0875    26.6     7.8    17.2    17.4     1.8 -9999.0 U -9999.0 -9999.0 -9999.0
53015 201011  6.101 -104.1617   33.0875    19.5    -1.9     8.8     9.3     1.1 -9999.0 U -9999.0 -9999.0 -9999.0
53015 201012  6.101 -104.1617   33.0875    16.8    -3.3     6.7     6.8     0.4 -9999.0 U -9999.0 -9999.0 -9999.0
53015 201101  6.101 -104.1617   33.0875    15.2    -7.3     4.0     3.8     0.0 -9999.0 U -9999.0 -9999.0 -9999.0
53015 201102  6.101 -104.1617   33.0875    15.6    -5.9     4.9     5.1     0.4 -9999.0 U -9999.0 -9999.0 -9999.0
53015 201103  6.101 -104.1617   33.0875    25.6     3.0    14.3    15.0     0.0 -9999.0 U -9999.0 -9999.0 -9999.0
53015 201104  6.101 -104.1617   33.0875    29.4     8.4    18.9    19.9     0.0 -9999.0 U -9999.0 -9999.0 -9999.0
53015 201105  6.101 -104.1617   33.0875    30.9     9.8    20.4    21.9     7.6 -9999.0 U -9999.0 -9999.0 -9999.0
53015 201106  6.101 -104.1617   33.0875    38.7    18.4    28.5    29.4     9.2 -9999.0 U -9999.0 -9999.0 -9999.0
53015 201107  6.101 -104.1617   33.0875    37.6    21.9    29.8    29.8    25.3 -9999.0 U -9999.0 -9999.0 -9999.0
53015 201108  6.101 -104.1617   33.0875    38.3    21.6    30.0    29.9    11.0 -9999.0 U -9999.0 -9999.0 -9999.0
53015 201109  6.101 -104.1617   33.0875    30.9    14.2    22.6    22.6    63.5 -9999.0 U -9999.0 -9999.0 -9999.0
53015 201110  6.101 -104.1617   33.0875    26.5     7.7    17.1    17.1    11.7 -9999.0 U -9999.0 -9999.0 -9999.0
53015 201111  6.101 -104.1617   33.0875    19.2     0.5     9.8     9.9     0.0 -9999.0 U -9999.0 -9999.0 -9999.0
53015 201112  6.101 -104.1617   33.0875     7.5    -4.2     1.7     1.3    39.6 -9999.0 U -9999.0 -9999.0 -9999.0
53015 201201  6.101 -104.1617   33.0875    16.4    -4.0     6.2     6.1     1.6 -9999.0 U -9999.0 -9999.0 -9999.0
53015 201202  6.101 -104.1617   33.0875    15.5    -2.6     6.5     6.5     5.3 -9999.0 U -9999.0 -9999.0 -9999.0
53015 201203  6.101 -104.1617   33.0875    24.3     2.7    13.5    14.0     0.6 -9999.0 U -9999.0 -9999.0 -9999.0
53015 201204  6.101 -104.1617   33.0875    29.1     8.5    18.8    19.5     6.6 -9999.0 U -9999.0 -9999.0 -9999.0
53015 201205  6.101 -104.1617   33.0875    30.7    12.6    21.7    22.3    29.8 -9999.0 U -9999.0 -9999.0 -9999.0
53015 201206  6.101 -104.1617   33.0875    37.4    19.2    28.3    28.6    14.7 -9999.0 U -9999.0 -9999.0 -9999.0
53015 201207  6.101 -104.1617   33.0875    35.2    20.1    27.7    27.6     9.7 -9999.0 U -9999.0 -9999.0 -9999.0
53015 201208  6.101 -104.1617   33.0875    35.8    19.1    27.5    27.6    22.4 -9999.0 U -9999.0 -9999.0 -9999.0
53015 201209  6.101 -104.1617   33.0875    31.0    14.3    22.6    22.6    67.6 -9999.0 U -9999.0 -9999.0 -9999.0
53015 201210  6.101 -104.1617   33.0875    25.3     7.8    16.6    16.5    39.4 -9999.0 U -9999.0 -9999.0 -9999.0
53015 201211  6.101 -104.1617   33.0875    21.3     1.5    11.4    11.2     1.5 -9999.0 U -9999.0 -9999.0 -9999.0
53015 201212  6.101 -104.1617   33.0875    15.0    -4.5     5.3     5.3     6.9 -9999.0 U -9999.0 -9999.0 -9999.0
53015 201301  6.101 -104.1617   33.0875    12.5    -3.7     4.4     4.1    12.1 -9999.0 U -9999.0 -9999.0 -9999.0
53015 201302  6.101 -104.1617   33.0875    16.4    -2.8     6.8     7.0     0.2 -9999.0 U -9999.0 -9999.0 -9999.0
53015 201303  6.101 -104.1617   33.0875    22.3     1.6    11.9    12.7     0.0 -9999.0 U -9999.0 -9999.0 -9999.0
53015 201304  6.101 -104.1617   33.0875    25.6     6.3    16.0    16.7     0.0 -9999.0 U -9999.0 -9999.0 -9999.0
53015 201305  6.101 -104.1617   33.0875    30.6    12.1    21.4    21.9    12.3 -9999.0 U -9999.0 -9999.0 -9999.0
53015 201306  6.101 -104.1617   33.0875    36.6    19.5    28.1    28.1    14.2 -9999.0 U -9999.0 -9999.0 -9999.0
53015 201307  6.101 -104.1617   33.0875    33.2    19.9    26.6    26.3    38.9 -9999.0 U -9999.0 -9999.0 -9999.0
53015 201308  6.101 -104.1617   33.0875    35.0    20.2    27.6    27.7    31.5 -9999.0 U -9999.0 -9999.0 -9999.0
53015 201309  6.101 -104.1617   33.0875    29.7    16.6    23.2    23.0    95.5 -9999.0 U -9999.0 -9999.0 -9999.0
53015 201310  6.101 -104.1617   33.0875    24.4     7.2    15.8    15.8    11.0 -9999.0 U -9999.0 -9999.0 -9999.0
53015 201311  6.101 -104.1617   33.0875    16.4     1.2     8.8     8.5    13.6 -9999.0 U -9999.0 -9999.0 -9999.0
53015 201312  6.101 -104.1617   33.0875    12.5    -3.3     4.6     3.7     7.8 -9999.0 U -9999.0 -9999.0 -9999.0
53015 201401  6.101 -104.1617   33.0875    14.6    -5.1     4.7     4.7     0.0 -9999.0 U -9999.0 -9999.0 -9999.0
53015 201402  6.101 -104.1617   33.0875    16.6    -0.7     7.9     7.9     4.2 -9999.0 U -9999.0 -9999.0 -9999.0
53015 201403  6.101 -104.1617   33.0875    20.7     1.8    11.3    11.9    14.6 -9999.0 U -9999.0 -9999.0 -9999.0
53015 201404  6.101 -104.1617   33.0875    24.7     7.6    16.2    16.8    15.1 -9999.0 U -9999.0 -9999.0 -9999.0
53015 201405  6.101 -104.1617   33.0875    29.9    11.7    20.8    21.3    19.2 -9999.0 U -9999.0 -9999.0 -9999.0
53015 201406  6.101 -104.1617   33.0875 -9999.0 -9999.0 -9999.0 -9999.0 -9999.0 -9999.0 U -9999.0 -9999.0 -9999.0
