53926 200203  1.001  -97.0914   36.1181 -9999.0 -9999.0 -9999.0 -9999.0 -9999.0 -9999.0 U -9999.0 -9999.0 -9999.0
53926 200204  1.001  -97.0914   36.1181    22.0    10.4    16.2    16.3 -9999.0    16.6 R -9999.0 -9999.0    17.3
53926 200205  1.001  -97.0914   36.1181    24.3    13.1    18.7    19.0   114.5    18.7 R -9999.0 -9999.0    20.8
53926 200206  1.001  -97.0914   36.1181    30.8    19.0    24.9    24.9 -9999.0    24.5 R -9999.0 -9999.0    27.9
53926 200207  1.001  -97.0914   36.1181    33.3    21.3    27.3    27.2 -9999.0    22.6 R -9999.0 -9999.0    29.7
53926 200208  1.001  -97.0914   36.1181    33.9    21.6    27.7    27.5   112.0    21.4 R -9999.0 -9999.0    29.9
53926 200209  1.001  -97.0914   36.1181    30.0    16.1    23.1    23.0   105.0    19.5 R -9999.0 -9999.0    24.6
53926 200210  1.001  -97.0914   36.1181    17.4     8.1    12.8    12.7 -9999.0     8.7 R -9999.0 -9999.0    13.7
53926 200211  1.001  -97.0914   36.1181    15.0     1.0     8.0     8.0     2.9    10.4 R -9999.0 -9999.0     7.6
53926 200212  1.001  -97.0914   36.1181 -9999.0 -9999.0 -9999.0 -9999.0 -9999.0 -9999.0 U -9999.0 -9999.0 -9999.0
53926 200301  1.001  -97.0914   36.1181     8.8    -4.1     2.4     2.0 -9999.0     9.7 R -9999.0 -9999.0     1.9
53926 200302  1.001  -97.0914   36.1181     8.7    -3.8     2.4     2.5 -9999.0     9.5 R -9999.0 -9999.0     2.7
53926 200303  1.002  -97.0914   36.1181    16.4     1.9     9.2     9.4    70.2    15.2 R -9999.0 -9999.0    10.4
53926 200304  1.002  -97.0914   36.1181    23.4     8.6    16.0    16.2    37.1    20.6 R -9999.0 -9999.0    18.8
53926 200305  1.002  -97.0914   36.1181    26.7    13.2    20.0    20.4    87.4    20.9 R -9999.0 -9999.0    23.8
53926 200306  1.002  -97.0914   36.1181    29.1    17.3    23.2    23.4   118.7    22.5 R -9999.0 -9999.0    27.7
53926 200307  1.100  -97.0914   36.1181    36.1    22.6    29.4    29.6    16.6    25.5 R -9999.0 -9999.0    35.2
53926 200308  1.100  -97.0914   36.1181    35.2    21.6    28.4    28.4    83.7    19.8 R -9999.0 -9999.0    31.9
53926 200309  1.100  -97.0914   36.1181    26.1    14.2    20.1    20.1    87.3    15.8 R -9999.0 -9999.0    22.1
53926 200310  1.100  -97.0914   36.1181    23.6     9.2    16.4    16.2    87.9    13.8 R -9999.0 -9999.0    17.4
53926 200311  1.100  -97.0914   36.1181    14.9     4.0     9.4     9.6    69.5     7.0 R -9999.0 -9999.0     9.6
53926 200312  1.100  -97.0914   36.1181    11.6    -0.3     5.7     5.5    57.0     8.5 R -9999.0 -9999.0     4.4
53926 200401  1.100  -97.0914   36.1181     9.3    -2.7     3.3     3.2    63.0     8.5 R -9999.0 -9999.0     3.5
53926 200402  1.201  -97.0914   36.1181     9.5    -2.4     3.6     3.5    41.9    11.9 R -9999.0 -9999.0     4.1
53926 200403  1.201  -97.0914   36.1181    18.4     6.0    12.2    12.4    97.1    14.9 R -9999.0 -9999.0    12.4
53926 200404  1.201  -97.0914   36.1181    21.8     9.2    15.5    15.6    69.8    17.8 R -9999.0 -9999.0    16.9
53926 200405  1.201  -97.0914   36.1181    28.5    15.5    22.0    22.0     4.9    22.0 R -9999.0 -9999.0    24.5
53926 200406  1.201  -97.0914   36.1181    28.7    18.5    23.6    23.4   243.8    19.4 R -9999.0 -9999.0    25.9
53926 200407  1.201  -97.0914   36.1181    31.3    20.0    25.7    25.7   109.3    21.5 R -9999.0 -9999.0    28.8
53926 200408  1.201  -97.0914   36.1181    30.6    18.7    24.6    24.5    46.7    20.6 R -9999.0 -9999.0    26.1
53926 200409  1.201  -97.0914   36.1181    31.1    15.9    23.5    23.3    16.4    19.0 R -9999.0 -9999.0    25.3
53926 200410  1.201  -97.0914   36.1181    23.2    11.2    17.2    17.1   122.2    11.0 R -9999.0 -9999.0    17.8
53926 200411  1.201  -97.0914   36.1181    14.6     5.3    10.0     9.9   127.5     6.9 R -9999.0 -9999.0    10.0
53926 200412  1.201  -97.0914   36.1181    12.3    -1.6     5.4     4.8    23.0     9.7 R -9999.0 -9999.0     3.9
53926 200501  1.201  -97.0914   36.1181     8.5    -2.2     3.1     2.6    65.5     7.4 R -9999.0 -9999.0     2.8
53926 200502  1.201  -97.0914   36.1181    13.0     1.4     7.2     7.0    34.7    10.0 R -9999.0 -9999.0     7.0
53926 200503  1.201  -97.0914   36.1181    16.7     3.6    10.1    10.4    17.5    15.2 R -9999.0 -9999.0    11.8
53926 200504  1.201  -97.0914   36.1181    22.4     8.8    15.6    15.8    10.9    19.5 R -9999.0 -9999.0    19.0
53926 200505  1.201  -97.0914   36.1181    26.5    14.3    20.4    20.4   109.3    19.7 R -9999.0 -9999.0    23.8
53926 200506  1.201  -97.0914   36.1181    31.9    19.5    25.7    25.7   100.9    24.6 R -9999.0 -9999.0    28.3
53926 200507  1.201  -97.0914   36.1181    33.5    20.0    26.7    26.9    84.6    25.3 R -9999.0 -9999.0    28.8
53926 200508  1.201  -97.0914   36.1181    33.1    21.2    27.2    26.6   224.4    20.1 R -9999.0 -9999.0    29.2
53926 200509  1.201  -97.0914   36.1181    31.3    17.8    24.5    24.2    93.6    19.3 R -9999.0 -9999.0    27.1
53926 200510  1.201  -97.0914   36.1181    23.2    10.0    16.6    16.1    48.1    13.4 R -9999.0 -9999.0    17.1
53926 200511  1.201  -97.0914   36.1181    19.5     2.6    11.0    11.1     1.7    11.7 R -9999.0 -9999.0    10.8
53926 200512  1.201  -97.0914   36.1181     9.7    -4.7     2.5     2.6     3.4     8.9 R -9999.0 -9999.0     2.4
53926 200601  1.201  -97.0914   36.1181    16.1    -0.4     7.9     8.0    19.0    10.5 R -9999.0 -9999.0     7.0
53926 200602  1.201  -97.0914   36.1181    11.8    -3.1     4.4     4.5     4.0    13.1 R -9999.0 -9999.0     5.0
53926 200603  1.201  -97.0914   36.1181    18.4     4.5    11.5    11.8    51.0    14.4 R -9999.0 -9999.0    12.4
53926 200604  1.301  -97.0914   36.1181    26.6    10.8    18.7    18.9   137.4    20.7 R -9999.0 -9999.0    20.7
53926 200605  1.301  -97.0914   36.1181    27.9    14.7    21.3    21.7    83.4    22.8 R    37.3    15.1    24.0
53926 200606  1.301  -97.0914   36.1181    33.0    18.4    25.7    26.0    60.3    26.0 R    44.1    18.6    29.0
53926 200607  1.301  -97.0914   36.1181    36.1    22.0    29.0    29.0    76.0    25.2 R    43.7    21.6    30.6
53926 200608  1.301  -97.0914   36.1181    36.2    23.2    29.7    29.2    60.1    21.9 R    47.6    23.0    31.8
53926 200609  1.301  -97.0914   36.1181    29.0    13.3    21.1    21.3    33.0    19.0 R    40.0    13.0    23.2
53926 200610  1.301  -97.0914   36.1181    23.0     8.8    15.9    15.7    38.8    13.5 R    31.0     8.6    16.8
53926 200611  1.301  -97.0914   36.1181    17.8     3.1    10.5    10.1    48.4    10.3 R    22.4     2.8    10.3
53926 200612  1.301  -97.0914   36.1181    11.3    -1.5     4.9     4.8    64.6     8.7 R    12.8    -3.2     3.6
53926 200701  1.301  -97.0914   36.1181     7.1    -3.7     1.7     1.3    39.5     8.9 R    10.2    -4.0     1.4
53926 200702  1.301  -97.0914   36.1181    10.6    -2.5     4.0     4.2    10.5    12.6 R    16.4    -2.9     4.7
53926 200703  1.301  -97.0914   36.1181    21.3     8.0    14.7    14.7   136.1    14.7 R    29.6     7.0    15.2
53926 200704  1.302  -97.0914   36.1181    19.7     6.9    13.3    13.5   104.1    18.0 R    29.1     6.5    14.8
53926 200705  1.302  -97.0914   36.1181    25.8    16.0    20.9    20.7   258.2    17.0 R    35.9    16.1    22.0
53926 200706  1.302  -97.0914   36.1181    28.8    19.5    24.1    23.6   431.5    18.7 R    40.0    19.8    25.1
53926 200707  1.302  -97.0914   36.1181    31.7    21.3    26.5    26.1   181.3    22.8 R    44.1    21.5    27.9
53926 200708  1.302  -97.0914   36.1181    34.5    22.7    28.6    28.3    33.3    22.6 R    51.9    23.0    31.6
53926 200709  1.302  -97.0914   36.1181    29.1    17.6    23.3    23.0   120.9    16.9 R    42.9    17.9    25.1
53926 200710  1.302  -97.0914   36.1181    24.1    10.3    17.2    17.2    79.0    14.8 R    33.2    10.1    18.0
53926 200711  1.302  -97.0914   36.1181    17.8     2.2    10.0     9.9    21.5    11.2 R    24.5     2.1    10.0
53926 200712  1.302  -97.0914   36.1181     8.3    -3.0     2.6     2.4    48.7     6.9 R    13.8    -3.0     2.4
53926 200801  1.302  -97.0914   36.1181    10.1    -3.9     3.1     3.0    20.8     9.9 R    14.0    -4.0     2.7
53926 200802  1.302  -97.0914   36.1181    10.9    -2.9     4.0     3.6    62.0    11.7 R    14.9    -2.9     3.7
53926 200803  1.302  -97.0914   36.1181    16.9     2.3     9.6     9.9   102.3    16.4 R    23.7     2.0    10.5
53926 200804  1.302  -97.0914   36.1181    21.4     7.1    14.2    14.3   150.1    20.5 R    28.3     6.4    15.1
53926 200805  1.302  -97.0914   36.1181    26.9    13.8    20.3    20.5   157.2    23.7 R    32.5    13.6    22.0
53926 200806  1.302  -97.0914   36.1181    31.0    20.0    25.5    25.5   120.2    23.9 R    35.3    19.6    26.9
53926 200807  1.302  -97.0914   36.1181    33.8    21.6    27.7    27.6   121.3    24.5 R    38.5    21.2    29.3
53926 200808  1.302  -97.0914   36.1181    32.5    20.5    26.5    26.0    36.5    19.4 R    37.7    20.2    27.4
53926 200809  1.302  -97.0914   36.1181    27.9    14.3    21.1    20.8    41.7    17.5 R    32.8    13.9    22.1
53926 200810  1.302  -97.0914   36.1181    23.3     7.8    15.6    15.2    50.7    14.7 R    27.0     7.4    16.1
53926 200811  1.302  -97.0914   36.1181    16.6     2.7     9.6     9.2    72.3    11.7 R    19.7     2.3     9.9
53926 200812  1.302  -97.0914   36.1181    10.4    -3.3     3.5     3.0    19.6     8.4 R    12.2    -3.7     3.5
53926 200901  1.302  -97.0914   36.1181     9.4    -5.6     1.9     1.4     3.7    10.6 R    12.2    -5.8     2.1
53926 200902  1.302  -97.0914   36.1181    15.2     0.9     8.0     8.1    54.2    14.8 R    18.1     0.6     8.9
53926 200903  1.302  -97.0914   36.1181    18.1     4.9    11.5    11.4    89.9    15.1 R    20.9     4.5    12.2
53926 200904  1.302  -97.0914   36.1181    21.6     7.5    14.6    14.9   127.7    18.0 R    24.8     7.2    15.8
53926 200905  2.402  -97.0914   36.1181    24.5    13.1    18.8    19.0    78.1    20.0 R    28.5    12.7    20.3
53926 200906  2.402  -97.0914   36.1181    33.3    20.7    27.0    27.1    45.2    25.3 R    38.2    20.6    29.1
53926 200907  2.402  -97.0914   36.1181    33.3    20.5    26.9    26.8   126.5    23.7 R    38.6    20.5    28.8
53926 200908  2.402  -97.0914   36.1181    31.1    19.7    25.4    25.4   184.0    23.2 R    36.3    19.6    27.3
53926 200909  2.402  -97.0914   36.1181    26.5    15.9    21.2    20.8    71.1    15.2 R    31.2    15.6    22.2
53926 200910  2.402  -97.0914   36.1181    17.5     7.1    12.3    12.4   187.7    10.3 R    20.4     6.8    13.2
53926 200911  2.402  -97.0914   36.1181    18.3     5.6    12.0    11.6    41.3    10.0 R    21.8     5.5    12.6
53926 200912  2.402  -97.0914   36.1181     6.9    -5.0     1.0     1.0    27.1     8.2 R     9.6    -5.1     1.8
53926 201001  2.402  -97.0914   36.1181     6.0    -3.9     1.1     0.7    51.0     8.7 R     9.9    -3.9     1.8
53926 201002  2.402  -97.0914   36.1181     6.5    -2.5     2.0     1.8    43.9     9.7 R     9.4    -2.6     2.7
53926 201003  2.402  -97.0914   36.1181    15.9     3.0     9.4     9.5    49.9    14.6 R    19.2     2.9    10.6
53926 201004  2.402  -97.0914   36.1181    23.0    10.9    17.0    17.1    91.8    20.4 R    26.8    10.9    18.4
53926 201005  2.402  -97.0914   36.1181    25.9    13.8    19.9    20.1   174.7    24.7 R    30.2    13.6    21.6
53926 201006  2.402  -97.0914   36.1181    32.3    22.2    27.2    27.2   134.5    31.0 R    36.9    22.0    28.9
53926 201007  2.402  -97.0914   36.1181    33.6    23.2    28.4    28.0   111.9    29.7 R    38.7    23.0    29.9
53926 201008  2.402  -97.0914   36.1181    35.4    21.8    28.6    28.6    66.9    29.6 R    40.7    21.6    30.6
53926 201009  2.402  -97.0914   36.1181    30.3    17.5    23.9    23.6    72.5    23.8 R    34.9    17.2    25.1
53926 201010  2.402  -97.0914   36.1181    25.6     8.2    16.9    16.6    44.7    20.1 R    30.5     7.8    18.1
53926 201011  2.402  -97.0914   36.1181    17.1     2.9    10.0    10.0    47.1    14.3 R    20.2     2.5    10.8
53926 201012  2.402  -97.0914   36.1181    10.2    -2.5     3.8     3.4    11.4    10.4 R    13.5    -2.7     4.1
53926 201101  2.402  -97.0914   36.1181     8.0    -6.3     0.9     0.5    10.7    13.1 R    11.4    -6.5     1.4
53926 201102  2.402  -97.0914   36.1181    11.1    -4.2     3.5     3.7    60.3    15.7 R    15.6    -4.3     4.9
53926 201103  2.402  -97.0914   36.1181    17.8     5.1    11.4    11.3    21.3    15.7 R    20.6     5.0    12.2
53926 201104  2.402  -97.0914   36.1181    24.7     9.1    16.9    17.6    55.6    19.6 R    28.6     9.1    18.8
53926 201105  2.402  -97.0914   36.1181    26.4    14.2    20.3    20.3   105.7    21.8 R    36.1    13.9    22.0
53926 201106  2.402  -97.0914   36.1181    36.1    21.7    28.9    29.2    44.1    26.4 R    46.2    21.2    31.0
53926 201107  2.402  -97.0914   36.1181    40.0    25.2    32.6    32.6    18.1    25.1 R    53.8    24.7    35.4
53926 201108  2.402  -97.0914   36.1181    38.9    23.2    31.0    30.9    54.8    21.6 R    47.5    22.7    31.7
53926 201109  2.402  -97.0914   36.1181    29.2    13.3    21.3    21.2    84.2    19.5 R    34.7    13.1    21.9
53926 201110  2.402  -97.0914   36.1181    24.3     9.0    16.6    16.3    56.8    15.4 R    28.2     8.8    16.6
53926 201111  2.402  -97.0914   36.1181    16.3     3.2     9.7     9.8    63.9    10.0 R    19.0     3.4     9.9
53926 201112  2.402  -97.0914   36.1181    10.5    -1.4     4.6     4.2    53.1     7.5 R    13.1    -0.8     4.6
53926 201201  2.402  -97.0914   36.1181    13.8    -2.4     5.7     5.3    26.1    11.4 R    17.1    -2.4     5.0
53926 201202  2.412  -97.0914   36.1181    12.3    -0.1     6.1     6.0    71.5    10.6 R    15.9     0.2     6.6
53926 201203  2.412  -97.0914   36.1181    22.6     9.3    16.0    15.6   102.4    15.8 C    28.8     8.2    15.8
53926 201204  2.412  -97.0914   36.1181    24.0    12.0    18.0    18.3   174.5    18.8 C    32.3    11.7    19.9
53926 201205  2.412  -97.0914   36.1181    29.2    16.4    22.8    23.1    28.2    23.4 C    39.8    16.3    25.6
53926 201206  2.412  -97.0914   36.1181    32.6    19.5    26.0    26.4    59.4    24.2 C    46.2    19.4    29.9
53926 201207  2.412  -97.0914   36.1181    38.3    23.4    30.9    31.0     2.9    26.0 C    57.3    23.0    35.9
53926 201208  2.412  -97.0914   36.1181    35.2    20.5    27.8    27.8    71.7    22.1 C    49.6    20.3    31.2
53926 201209  2.412  -97.0914   36.1181    30.6    16.6    23.6    23.5    24.9    17.4 C    40.9    16.5    25.5
53926 201210  2.412  -97.0914   36.1181    22.7     7.9    15.3    15.4    18.4    13.8 C    30.1     7.4    16.4
53926 201211  2.412  -97.0914   36.1181    19.7     2.9    11.3    11.0    12.6    12.3 C    24.8     2.3    10.9
53926 201212  2.412  -97.0914   36.1181    12.4    -2.1     5.2     5.3    12.2     8.2 C    16.4    -2.6     5.2
53926 201301  2.412  -97.0914   36.1181    11.6    -2.9     4.4     3.9    26.6     9.1 C    15.2    -2.8     3.9
53926 201302  2.412  -97.0914   36.1181    11.1    -2.6     4.3     4.5    80.0    12.6 C    16.3    -2.5     5.0
53926 201303  2.412  -97.0914   36.1181    15.5     1.5     8.5     8.5    26.1    15.8 C    25.7     1.1    10.3
53926 201304  2.422  -97.0914   36.1181    18.5     6.6    12.6    12.5   139.9    15.8 C    24.9     6.4    13.7
53926 201305  2.422  -97.0914   36.1181    24.8    12.9    18.8    19.0   169.0    16.8 C    31.7    12.8    20.1
53926 201306  2.422  -97.0914   36.1181    31.2    19.8    25.5    25.6   106.0    25.2 C    36.1    19.4    26.4
53926 201307  2.422  -97.0914   36.1181    32.5    20.7    26.6    26.5   151.5    22.3 C    38.7    20.4    27.8
53926 201308  2.422  -97.0914   36.1181    32.4    21.1    26.7    26.6    76.0    21.2 C    36.1    20.7    27.0
53926 201309  2.422  -97.0914   36.1181    31.4    16.7    24.1    24.0    48.2    18.6 C    37.7    16.6    25.1
53926 201310  2.422  -97.0914   36.1181    22.0     9.1    15.5    15.6    49.4    13.2 C    25.6     9.2    16.0
53926 201311  2.422  -97.0914   36.1181    14.3     1.3     7.8     7.9    42.9     9.4 C    16.8     2.1     8.2
53926 201312  2.422  -97.0914   36.1181     8.1    -5.4     1.3     0.8    21.3     7.7 C     8.4    -4.6     1.0
53926 201401  2.422  -97.0914   36.1181     9.3    -6.2     1.6     1.9     4.0    10.5 C    10.7    -5.9     1.0
53926 201402  2.422  -97.0914   36.1181     8.6    -5.1     1.7     1.9    15.4    12.0 C    13.4    -4.5     2.6
53926 201403  2.422  -97.0914   36.1181    15.6    -0.4     7.6     7.6    36.3    16.7 C    22.8    -0.2     8.8
53926 201404  2.422  -97.0914   36.1181    23.5     7.1    15.3    15.9    20.2    20.8 C    35.8     6.3    17.9
53926 201405  2.422  -97.0914   36.1181    28.6    14.4    21.5    21.3    18.5    22.3 C    45.3    13.4    25.1
53926 201406  2.422  -97.0914   36.1181    30.7    20.3    25.5    25.4   173.8    22.7 C    40.3    20.3    27.5
53926 201407  2.422  -97.0914   36.1181    31.2    19.7    25.5    25.5   108.5    22.0 C    39.5    19.5    27.4
53926 201408  2.422  -97.0914   36.1181    34.4    21.0    27.7    27.7    53.6    23.7 C    41.3    20.6    29.0
53926 201409  2.422  -97.0914   36.1181    29.3    16.9    23.1    23.0   108.4    17.2 C    33.7    16.7    23.6
53926 201410  2.422  -97.0914   36.1181    25.7    10.9    18.3    18.2    54.6    14.7 C    29.5    10.5    18.3
53926 201411  2.422  -97.0914   36.1181    13.6     0.3     6.9     7.0    58.5    10.5 C    16.2     0.6     7.2
53926 201412  2.422  -97.0914   36.1181     9.1     1.1     5.1     5.1    14.1     5.0 C    12.1     1.5     5.9
53926 201501  2.422  -97.0914   36.1181    10.1    -4.4     2.9     3.0    26.7     9.2 C    12.6    -3.9     2.8
53926 201502  2.422  -97.0914   36.1181     9.5    -4.5     2.5     1.7    22.3    12.3 C    14.2    -3.9     2.8
53926 201503  2.422  -97.0914   36.1181    18.0     3.5    10.8    10.9    29.9    15.1 C    23.5     3.6    11.6
53926 201504  2.422  -97.0914   36.1181    22.5    10.5    16.5    16.4    92.6    17.2 C    29.0     9.7    17.4
53926 201505  2.422  -97.0914   36.1181    23.9    14.1    19.0    18.9   234.9    16.7 C    30.3    14.2    20.2
53926 201506  2.422  -97.0914   36.1181    32.0    20.7    26.3    26.3    76.9    24.1 C    40.8    20.3    28.4
53926 201507  2.422  -97.0914   36.1181    33.7    22.7    28.2    28.1    98.0    22.6 C    40.9    22.1    29.6
53926 201508  2.422  -97.0914   36.1181    32.9    19.8    26.3    26.3    76.4    20.0 C    42.7    19.2    28.1
53926 201509  2.422  -97.0914   36.1181    31.1    18.4    24.8    24.6    87.6    18.5 C    36.7    17.7    25.0
53926 201510  2.422  -97.0914   36.1181    23.8    10.2    17.0    16.7    93.6    13.3 C    28.2     9.3    16.7
53926 201511  2.422  -97.0914   36.1181    17.2     4.4    10.8    10.6   126.6     9.4 C    20.0     4.0    10.6
53926 201512  2.422  -97.0914   36.1181    13.4     0.2     6.8     6.7    72.4     7.8 C    15.5    -0.5     6.1
53926 201601  2.422  -97.0914   36.1181     8.9    -3.4     2.7     2.5     3.7     8.8 C    12.6    -4.1     2.3
53926 201602  2.422  -97.0914   36.1181    16.0     0.5     8.2     8.4    24.4    14.9 C    22.2    -0.9     8.0
53926 201603  2.422  -97.0914   36.1181    20.0     5.1    12.6    12.8    74.6    16.4 C    27.4     3.5    13.2
53926 201604  2.422  -97.0914   36.1181    23.2     8.9    16.1    16.4   139.2    19.1 C    31.5     8.0    17.5
53926 201605  2.422  -97.0914   36.1181    25.2    13.6    19.4    19.3    73.1    20.6 C    33.5    12.7    20.9
53926 201606  2.422  -97.0914   36.1181    33.5    20.9    27.2    27.0    39.3    23.8 C    44.8    20.0    29.5
53926 201607  2.422  -97.0914   36.1181    34.1    23.0    28.5    28.3   138.6    22.5 C    37.9    21.9    28.5
53926 201608  2.422  -97.0914   36.1181    34.0    21.6    27.8    27.3    61.3    20.2 C    38.9    20.3    27.7
53926 201609  2.422  -97.0914   36.1181    30.6    17.9    24.3    23.8    64.0    17.6 C    34.5    16.7    23.7
53926 201610  2.422  -97.0914   36.1181    26.8    13.0    19.9    19.6   102.3    13.8 C    31.0    11.4    19.4
53926 201611  2.422  -97.0914   36.1181    20.2     5.9    13.1    12.6    28.3    10.6 C    23.4     4.0    11.9
53926 201612  2.422  -97.0914   36.1181     9.7    -3.7     3.0     3.0     8.9     7.2 C    12.1    -5.5     2.4
53926 201701  2.422  -97.0914   36.1181    11.3    -2.1     4.6     4.7    61.5     8.9 C    14.1    -3.9     4.0
53926 201702  2.422  -97.0914   36.1181    17.5     2.5    10.0    10.0    55.0    11.7 C    21.6     0.0     9.4
53926 201703  2.422  -97.0914   36.1181    20.1     5.9    13.0    13.1    48.5    14.9 C    26.8     3.6    13.4
53926 201704  2.422  -97.0914   36.1181    22.4    10.3    16.4    16.2   246.5    16.9 C    28.2     8.7    16.7
53926 201705  2.422  -97.0914   36.1181    26.7    12.7    19.7    19.8    64.8    23.4 C    38.7    10.1    21.4
53926 201706  2.422  -97.0914   36.1181    31.6    19.5    25.6    25.7    76.9    24.5 C    43.9    17.7    28.0
53926 201707  2.422  -97.0914   36.1181    34.6    22.7    28.7    28.4    96.2    22.6 C    44.3    21.4    30.2
