53170 200912  6.101 -110.5656   34.3983 -9999.0 -9999.0 -9999.0 -9999.0 -9999.0 -9999.0 U -9999.0 -9999.0 -9999.0
53170 201001  6.101 -110.5656   34.3983     5.4    -7.7    -1.2    -1.8   131.3 -9999.0 U -9999.0 -9999.0 -9999.0
53170 201002  6.101 -110.5656   34.3983     5.5    -6.7    -0.6    -0.5    30.7 -9999.0 U -9999.0 -9999.0 -9999.0
53170 201003  6.101 -110.5656   34.3983    10.8    -3.8     3.5     3.4    34.1 -9999.0 U -9999.0 -9999.0 -9999.0
53170 201004  6.101 -110.5656   34.3983    15.2    -1.3     6.9     7.7     6.6 -9999.0 U -9999.0 -9999.0 -9999.0
53170 201005  6.101 -110.5656   34.3983    20.1     1.4    10.7    11.8     2.5 -9999.0 U -9999.0 -9999.0 -9999.0
53170 201006  6.101 -110.5656   34.3983    27.3     7.9    17.6    18.7    17.7 -9999.0 U -9999.0 -9999.0 -9999.0
53170 201007  6.101 -110.5656   34.3983    27.5    14.7    21.1    20.5    70.2 -9999.0 U -9999.0 -9999.0 -9999.0
53170 201008  6.101 -110.5656   34.3983    26.7    12.5    19.6    19.4    40.6 -9999.0 U -9999.0 -9999.0 -9999.0
53170 201009  6.101 -110.5656   34.3983    26.5     7.7    17.1    17.2    54.5 -9999.0 U -9999.0 -9999.0 -9999.0
53170 201010  6.101 -110.5656   34.3983    18.4     3.0    10.7    10.4    29.5 -9999.0 U -9999.0 -9999.0 -9999.0
53170 201011  6.101 -110.5656   34.3983    10.3    -5.3     2.5     2.5    17.5 -9999.0 U -9999.0 -9999.0 -9999.0
53170 201012  6.101 -110.5656   34.3983     9.8    -3.5     3.1     2.8    57.5 -9999.0 U -9999.0 -9999.0 -9999.0
53170 201101  6.101 -110.5656   34.3983     6.1   -10.3    -2.1    -2.6     7.3 -9999.0 U -9999.0 -9999.0 -9999.0
53170 201102  6.101 -110.5656   34.3983     6.1    -8.5    -1.2    -1.2    46.0 -9999.0 U -9999.0 -9999.0 -9999.0
53170 201103  6.101 -110.5656   34.3983    14.4    -2.5     6.0     6.4    14.8 -9999.0 U -9999.0 -9999.0 -9999.0
53170 201104  6.101 -110.5656   34.3983    16.9    -0.5     8.2     8.8    15.2 -9999.0 U -9999.0 -9999.0 -9999.0
53170 201105  6.101 -110.5656   34.3983    19.5     1.9    10.7    11.8     7.5 -9999.0 U -9999.0 -9999.0 -9999.0
53170 201106  6.101 -110.5656   34.3983    27.9     6.8    17.4    18.9     0.0 -9999.0 U -9999.0 -9999.0 -9999.0
53170 201107  6.101 -110.5656   34.3983    27.7    12.4    20.1    19.8   139.8 -9999.0 U -9999.0 -9999.0 -9999.0
53170 201108  6.101 -110.5656   34.3983    28.5    12.8    20.7    20.4    30.1 -9999.0 U -9999.0 -9999.0 -9999.0
53170 201109  6.101 -110.5656   34.3983    25.0     7.7    16.4    16.3    25.2 -9999.0 U -9999.0 -9999.0 -9999.0
53170 201110  6.101 -110.5656   34.3983    18.8     0.9     9.8     9.2    64.8 -9999.0 U -9999.0 -9999.0 -9999.0
53170 201111  6.101 -110.5656   34.3983    10.7    -3.8     3.4     3.2    25.2 -9999.0 U -9999.0 -9999.0 -9999.0
53170 201112  6.101 -110.5656   34.3983     4.1   -10.4    -3.2    -3.4    75.1 -9999.0 U -9999.0 -9999.0 -9999.0
53170 201201  6.101 -110.5656   34.3983     9.0    -6.0     1.5     0.9     9.4 -9999.0 U -9999.0 -9999.0 -9999.0
53170 201202  6.101 -110.5656   34.3983     8.9    -6.5     1.2     1.0    20.4 -9999.0 U -9999.0 -9999.0 -9999.0
53170 201203  6.101 -110.5656   34.3983    13.2    -3.8     4.7     4.9    30.2 -9999.0 U -9999.0 -9999.0 -9999.0
53170 201204  6.101 -110.5656   34.3983    18.6    -0.2     9.2     9.7    10.7 -9999.0 U -9999.0 -9999.0 -9999.0
53170 201205  6.101 -110.5656   34.3983    23.5     3.7    13.6    15.0     0.0 -9999.0 U -9999.0 -9999.0 -9999.0
53170 201206  6.101 -110.5656   34.3983    29.7     8.7    19.2    20.8     1.4 -9999.0 U -9999.0 -9999.0 -9999.0
53170 201207  6.101 -110.5656   34.3983    27.7    13.9    20.8    20.4   101.5 -9999.0 U -9999.0 -9999.0 -9999.0
53170 201208  6.101 -110.5656   34.3983    27.6    12.7    20.2    19.9    37.5 -9999.0 U -9999.0 -9999.0 -9999.0
53170 201209  6.101 -110.5656   34.3983    24.4     7.5    16.0    15.7    40.9 -9999.0 U -9999.0 -9999.0 -9999.0
53170 201210  6.101 -110.5656   34.3983    20.6     1.1    10.8    10.8     7.3 -9999.0 U -9999.0 -9999.0 -9999.0
53170 201211  6.101 -110.5656   34.3983    14.8    -4.0     5.4     4.5    23.6 -9999.0 U -9999.0 -9999.0 -9999.0
53170 201212  6.101 -110.5656   34.3983     6.9    -7.6    -0.3    -0.3    54.0 -9999.0 U -9999.0 -9999.0 -9999.0
53170 201301  6.101 -110.5656   34.3983     3.7   -11.5    -3.9    -4.3    39.4 -9999.0 U -9999.0 -9999.0 -9999.0
53170 201302  6.101 -110.5656   34.3983     5.8    -8.1    -1.2    -1.3    25.5 -9999.0 U -9999.0 -9999.0 -9999.0
53170 201303  6.101 -110.5656   34.3983    14.5    -2.8     5.8     5.9    43.2 -9999.0 U -9999.0 -9999.0 -9999.0
53170 201304  6.101 -110.5656   34.3983    17.0    -0.3     8.3     9.0    16.8 -9999.0 U -9999.0 -9999.0 -9999.0
53170 201305  6.101 -110.5656   34.3983    21.9     3.9    12.9    13.7     0.0 -9999.0 U -9999.0 -9999.0 -9999.0
53170 201306  6.101 -110.5656   34.3983    29.9     9.7    19.8    21.2     0.4 -9999.0 U -9999.0 -9999.0 -9999.0
53170 201307  6.101 -110.5656   34.3983    27.3    13.7    20.5    19.8   181.9 -9999.0 U -9999.0 -9999.0 -9999.0
53170 201308  6.101 -110.5656   34.3983    25.5    12.1    18.8    18.2   108.4 -9999.0 U -9999.0 -9999.0 -9999.0
53170 201309  6.101 -110.5656   34.3983    23.2     8.0    15.6    15.6    41.9 -9999.0 U -9999.0 -9999.0 -9999.0
53170 201310  6.101 -110.5656   34.3983    17.0    -0.9     8.1     7.8    11.4 -9999.0 U -9999.0 -9999.0 -9999.0
53170 201311  6.101 -110.5656   34.3983    11.7    -2.8     4.5     3.9    96.7 -9999.0 U -9999.0 -9999.0 -9999.0
53170 201312  6.101 -110.5656   34.3983     6.6    -7.9    -0.7    -1.4     3.8 -9999.0 U -9999.0 -9999.0 -9999.0
53170 201401  6.101 -110.5656   34.3983    11.3    -7.5     1.9     0.9     0.0 -9999.0 U -9999.0 -9999.0 -9999.0
53170 201402  6.101 -110.5656   34.3983    12.9    -4.4     4.2     4.3     1.5 -9999.0 U -9999.0 -9999.0 -9999.0
53170 201403  6.101 -110.5656   34.3983    13.5    -3.2     5.1     5.1    54.7 -9999.0 U -9999.0 -9999.0 -9999.0
53170 201404  6.101 -110.5656   34.3983    16.8    -1.0     7.9     8.5    13.3 -9999.0 U -9999.0 -9999.0 -9999.0
53170 201405  6.101 -110.5656   34.3983    21.0     2.4    11.7    13.1     0.5 -9999.0 U -9999.0 -9999.0 -9999.0
53170 201406  6.101 -110.5656   34.3983 -9999.0 -9999.0 -9999.0 -9999.0 -9999.0 -9999.0 U -9999.0 -9999.0 -9999.0
