53003 201008  6.101 -107.8303   35.1188 -9999.0 -9999.0 -9999.0 -9999.0 -9999.0 -9999.0 U -9999.0 -9999.0 -9999.0
53003 201009  6.101 -107.8303   35.1188    27.7     9.0    18.3    18.9    14.4 -9999.0 U -9999.0 -9999.0 -9999.0
53003 201010  6.101 -107.8303   35.1188    20.2     3.1    11.6    12.0    10.7 -9999.0 U -9999.0 -9999.0 -9999.0
53003 201011  6.101 -107.8303   35.1188    12.0    -6.9     2.6     2.8     2.9 -9999.0 U -9999.0 -9999.0 -9999.0
53003 201012  6.101 -107.8303   35.1188    10.7    -5.3     2.7     2.5    14.7 -9999.0 U -9999.0 -9999.0 -9999.0
53003 201101  6.101 -107.8303   35.1188     7.1   -10.1    -1.5    -1.9     0.3 -9999.0 U -9999.0 -9999.0 -9999.0
53003 201102  6.101 -107.8303   35.1188     8.2    -9.9    -0.9    -0.5     0.8 -9999.0 U -9999.0 -9999.0 -9999.0
53003 201103  6.101 -107.8303   35.1188    17.2    -3.0     7.1     7.7     1.0 -9999.0 U -9999.0 -9999.0 -9999.0
53003 201104  6.101 -107.8303   35.1188    19.9     1.6    10.8    11.5     0.2 -9999.0 U -9999.0 -9999.0 -9999.0
53003 201105  6.101 -107.8303   35.1188    22.2     3.2    12.7    13.8     3.1 -9999.0 U -9999.0 -9999.0 -9999.0
53003 201106  6.101 -107.8303   35.1188    31.2     9.6    20.4    22.0     0.0 -9999.0 U -9999.0 -9999.0 -9999.0
53003 201107  6.101 -107.8303   35.1188    31.3    14.1    22.7    22.8    26.2 -9999.0 U -9999.0 -9999.0 -9999.0
53003 201108  6.101 -107.8303   35.1188    30.2    14.2    22.2    21.9    47.2 -9999.0 U -9999.0 -9999.0 -9999.0
53003 201109  6.101 -107.8303   35.1188    24.7     8.7    16.7    16.4    36.8 -9999.0 U -9999.0 -9999.0 -9999.0
53003 201110  6.101 -107.8303   35.1188    19.7     1.6    10.6    10.5    30.4 -9999.0 U -9999.0 -9999.0 -9999.0
53003 201111  6.101 -107.8303   35.1188    12.2    -4.2     4.0     4.0     9.9 -9999.0 U -9999.0 -9999.0 -9999.0
53003 201112  6.101 -107.8303   35.1188     1.6   -12.0    -5.2    -5.0    48.9 -9999.0 U -9999.0 -9999.0 -9999.0
53003 201201  6.101 -107.8303   35.1188     5.3    -9.2    -2.0    -2.1     2.4 -9999.0 U -9999.0 -9999.0 -9999.0
53003 201202  6.101 -107.8303   35.1188     9.1    -5.6     1.8     1.7     3.7 -9999.0 U -9999.0 -9999.0 -9999.0
53003 201203  6.101 -107.8303   35.1188    16.2    -4.6     5.8     6.6     2.0 -9999.0 U -9999.0 -9999.0 -9999.0
53003 201204  6.101 -107.8303   35.1188    20.8     1.7    11.2    11.9     7.0 -9999.0 U -9999.0 -9999.0 -9999.0
53003 201205  6.101 -107.8303   35.1188    25.6     5.5    15.6    17.1     0.0 -9999.0 U -9999.0 -9999.0 -9999.0
53003 201206  6.101 -107.8303   35.1188    32.3    10.5    21.4    23.1    10.8 -9999.0 U -9999.0 -9999.0 -9999.0
53003 201207  6.101 -107.8303   35.1188    29.1    14.4    21.8    21.6   104.2 -9999.0 U -9999.0 -9999.0 -9999.0
53003 201208  6.101 -107.8303   35.1188    29.3    12.7    21.0    21.1    42.2 -9999.0 U -9999.0 -9999.0 -9999.0
53003 201209  6.101 -107.8303   35.1188    25.5     7.9    16.7    17.1    17.5 -9999.0 U -9999.0 -9999.0 -9999.0
53003 201210  6.101 -107.8303   35.1188    22.3     1.2    11.7    12.3     0.0 -9999.0 U -9999.0 -9999.0 -9999.0
53003 201211  6.101 -107.8303   35.1188    15.7    -6.5     4.6     4.4     4.8 -9999.0 U -9999.0 -9999.0 -9999.0
53003 201212  6.101 -107.8303   35.1188     8.0    -9.1    -0.6    -0.6     7.2 -9999.0 U -9999.0 -9999.0 -9999.0
53003 201301  6.101 -107.8303   35.1188 -9999.0 -9999.0 -9999.0 -9999.0     2.9 -9999.0 U -9999.0 -9999.0 -9999.0
53003 201302  6.101 -107.8303   35.1188     8.1    -9.1    -0.5    -0.3     3.1 -9999.0 U -9999.0 -9999.0 -9999.0
53003 201303  6.101 -107.8303   35.1188    16.2    -3.9     6.1     7.0     5.1 -9999.0 U -9999.0 -9999.0 -9999.0
53003 201304  6.101 -107.8303   35.1188    19.1     0.2     9.6    10.6     5.9 -9999.0 U -9999.0 -9999.0 -9999.0
53003 201305  6.101 -107.8303   35.1188    24.0     5.5    14.8    15.8     2.2 -9999.0 U -9999.0 -9999.0 -9999.0
53003 201306  6.101 -107.8303   35.1188    32.2    11.4    21.8    23.1     2.4 -9999.0 U -9999.0 -9999.0 -9999.0
53003 201307  6.101 -107.8303   35.1188    29.4    14.7    22.1    21.7    44.6 -9999.0 U -9999.0 -9999.0 -9999.0
53003 201308  6.101 -107.8303   35.1188    27.8    12.6    20.2    20.1    61.1 -9999.0 U -9999.0 -9999.0 -9999.0
53003 201309  6.101 -107.8303   35.1188    24.8     8.9    16.9    16.9    36.4 -9999.0 U -9999.0 -9999.0 -9999.0
53003 201310  6.101 -107.8303   35.1188    18.7    -0.9     8.9     9.2    12.7 -9999.0 U -9999.0 -9999.0 -9999.0
53003 201311  6.101 -107.8303   35.1188    11.6    -3.4     4.1     3.9    32.6 -9999.0 U -9999.0 -9999.0 -9999.0
53003 201312  6.101 -107.8303   35.1188     8.4    -8.6    -0.1    -0.6     1.5 -9999.0 U -9999.0 -9999.0 -9999.0
53003 201401  6.101 -107.8303   35.1188    11.2    -9.4     0.9     0.7     0.0 -9999.0 U -9999.0 -9999.0 -9999.0
53003 201402  6.101 -107.8303   35.1188    13.2    -4.3     4.5     4.6     2.0 -9999.0 U -9999.0 -9999.0 -9999.0
53003 201403  6.101 -107.8303   35.1188    15.2    -4.1     5.5     6.2     1.5 -9999.0 U -9999.0 -9999.0 -9999.0
53003 201404  6.101 -107.8303   35.1188    18.7     0.0     9.3    10.2     3.5 -9999.0 U -9999.0 -9999.0 -9999.0
53003 201405  6.101 -107.8303   35.1188    23.1     3.5    13.3    14.6     9.4 -9999.0 U -9999.0 -9999.0 -9999.0
53003 201406  6.101 -107.8303   35.1188 -9999.0 -9999.0 -9999.0 -9999.0 -9999.0 -9999.0 U -9999.0 -9999.0 -9999.0
