53005 201007  6.101 -106.1219   38.8110 -9999.0 -9999.0 -9999.0 -9999.0 -9999.0 -9999.0 U -9999.0 -9999.0 -9999.0
53005 201008  6.101 -106.1219   38.8110    25.2     8.5    16.9    16.7    53.4 -9999.0 U -9999.0 -9999.0 -9999.0
53005 201009  6.101 -106.1219   38.8110    24.9     3.0    14.0    14.3     8.4 -9999.0 U -9999.0 -9999.0 -9999.0
53005 201010  6.101 -106.1219   38.8110    15.9    -1.6     7.2     7.1     8.1 -9999.0 U -9999.0 -9999.0 -9999.0
53005 201011  6.101 -106.1219   38.8110     7.6    -9.8    -1.1    -0.8     3.6 -9999.0 U -9999.0 -9999.0 -9999.0
53005 201012  6.101 -106.1219   38.8110     6.2    -7.9    -0.9    -0.3     5.6 -9999.0 U -9999.0 -9999.0 -9999.0
53005 201101  6.101 -106.1219   38.8110     4.1   -12.8    -4.3    -3.8     2.0 -9999.0 U -9999.0 -9999.0 -9999.0
53005 201102  6.101 -106.1219   38.8110     2.4   -14.6    -6.1    -5.3    12.6 -9999.0 U -9999.0 -9999.0 -9999.0
53005 201103  6.101 -106.1219   38.8110    10.1    -5.8     2.2     2.5     8.8 -9999.0 U -9999.0 -9999.0 -9999.0
53005 201104  6.101 -106.1219   38.8110    12.7    -3.2     4.8     5.1    11.3 -9999.0 U -9999.0 -9999.0 -9999.0
53005 201105  6.101 -106.1219   38.8110    16.3     0.2     8.2     8.7    24.8 -9999.0 U -9999.0 -9999.0 -9999.0
53005 201106  6.101 -106.1219   38.8110    26.1     5.6    15.9    16.6    12.3 -9999.0 U -9999.0 -9999.0 -9999.0
53005 201107  6.101 -106.1219   38.8110    28.6    10.6    19.6    19.2    26.9 -9999.0 U -9999.0 -9999.0 -9999.0
53005 201108  6.101 -106.1219   38.8110    27.9     9.1    18.5    18.1    10.4 -9999.0 U -9999.0 -9999.0 -9999.0
53005 201109  6.101 -106.1219   38.8110    22.1     4.1    13.1    12.8    20.8 -9999.0 U -9999.0 -9999.0 -9999.0
53005 201110  6.101 -106.1219   38.8110    15.8    -3.0     6.4     6.8    12.5 -9999.0 U -9999.0 -9999.0 -9999.0
53005 201111  6.101 -106.1219   38.8110     7.9    -8.3    -0.2    -0.2     9.5 -9999.0 U -9999.0 -9999.0 -9999.0
53005 201112  6.101 -106.1219   38.8110     1.7   -15.6    -6.9    -6.8    11.8 -9999.0 U -9999.0 -9999.0 -9999.0
53005 201201  6.101 -106.1219   38.8110     6.1    -9.6    -1.8    -1.8     3.0 -9999.0 U -9999.0 -9999.0 -9999.0
53005 201202  6.101 -106.1219   38.8110     3.7   -11.8    -4.1    -3.9     6.0 -9999.0 U -9999.0 -9999.0 -9999.0
53005 201203  6.101 -106.1219   38.8110    13.1    -5.4     3.9     4.4     0.0 -9999.0 U -9999.0 -9999.0 -9999.0
53005 201204  6.101 -106.1219   38.8110    16.7    -1.8     7.4     7.9     4.5 -9999.0 U -9999.0 -9999.0 -9999.0
53005 201205  6.101 -106.1219   38.8110    20.6     2.0    11.3    11.7    28.6 -9999.0 U -9999.0 -9999.0 -9999.0
53005 201206  6.101 -106.1219   38.8110    28.3     6.9    17.6    18.4    11.3 -9999.0 U -9999.0 -9999.0 -9999.0
53005 201207  6.101 -106.1219   38.8110    27.9    10.1    19.0    18.3    48.1 -9999.0 U -9999.0 -9999.0 -9999.0
53005 201208  6.101 -106.1219   38.8110    26.8     8.1    17.5    17.1    15.3 -9999.0 U -9999.0 -9999.0 -9999.0
53005 201209  6.101 -106.1219   38.8110    22.2     3.8    13.0    13.0    22.3 -9999.0 U -9999.0 -9999.0 -9999.0
53005 201210  6.101 -106.1219   38.8110    16.9    -2.0     7.4     7.6     8.8 -9999.0 U -9999.0 -9999.0 -9999.0
53005 201211  6.101 -106.1219   38.8110    12.2    -8.1     2.0     2.2     0.5 -9999.0 U -9999.0 -9999.0 -9999.0
53005 201212  6.101 -106.1219   38.8110     2.4   -13.7    -5.7    -4.9     8.3 -9999.0 U -9999.0 -9999.0 -9999.0
53005 201301  6.101 -106.1219   38.8110     2.1   -16.2    -7.0    -6.7     9.4 -9999.0 U -9999.0 -9999.0 -9999.0
53005 201302  6.101 -106.1219   38.8110     2.8   -12.9    -5.1    -4.4    11.8 -9999.0 U -9999.0 -9999.0 -9999.0
53005 201303  6.101 -106.1219   38.8110     9.2    -8.3     0.5     0.8    10.9 -9999.0 U -9999.0 -9999.0 -9999.0
53005 201304  6.101 -106.1219   38.8110    12.0    -4.9     3.5     3.3    40.1 -9999.0 U -9999.0 -9999.0 -9999.0
53005 201305  6.101 -106.1219   38.8110    17.5     0.2     8.9     9.1    41.4 -9999.0 U -9999.0 -9999.0 -9999.0
53005 201306  6.101 -106.1219   38.8110    27.5     5.3    16.4    17.0     3.8 -9999.0 U -9999.0 -9999.0 -9999.0
53005 201307  6.101 -106.1219   38.8110    26.7     9.3    18.0    17.4    74.9 -9999.0 U -9999.0 -9999.0 -9999.0
53005 201308  6.101 -106.1219   38.8110    26.4     8.5    17.4    16.9    10.6 -9999.0 U -9999.0 -9999.0 -9999.0
53005 201309  6.101 -106.1219   38.8110    22.2     5.9    14.1    13.5    56.3 -9999.0 U -9999.0 -9999.0 -9999.0
53005 201310  6.101 -106.1219   38.8110    14.2    -4.4     4.9     5.2     3.5 -9999.0 U -9999.0 -9999.0 -9999.0
53005 201311  6.101 -106.1219   38.8110     7.4   -10.0    -1.3    -1.2    29.3 -9999.0 U -9999.0 -9999.0 -9999.0
53005 201312  6.101 -106.1219   38.8110     0.7   -15.1    -7.2    -6.1    12.0 -9999.0 U -9999.0 -9999.0 -9999.0
53005 201401  6.101 -106.1219   38.8110     3.6   -12.0    -4.2    -3.4    16.5 -9999.0 U -9999.0 -9999.0 -9999.0
53005 201402  6.101 -106.1219   38.8110     3.5   -10.1    -3.3    -2.8     8.2 -9999.0 U -9999.0 -9999.0 -9999.0
53005 201403  6.101 -106.1219   38.8110     9.9    -6.9     1.5     1.5     5.4 -9999.0 U -9999.0 -9999.0 -9999.0
53005 201404  6.101 -106.1219   38.8110    12.6    -3.6     4.5     4.9    16.7 -9999.0 U -9999.0 -9999.0 -9999.0
53005 201405  6.101 -106.1219   38.8110    18.2     0.6     9.4     9.5    24.2 -9999.0 U -9999.0 -9999.0 -9999.0
53005 201406  6.101 -106.1219   38.8110 -9999.0 -9999.0 -9999.0 -9999.0 -9999.0 -9999.0 U -9999.0 -9999.0 -9999.0
