93245 200806  1.302 -123.0747   38.3208 -9999.0 -9999.0 -9999.0 -9999.0 -9999.0 -9999.0 U -9999.0 -9999.0 -9999.0
93245 200807  1.302 -123.0747   38.3208    16.5    10.3    13.4    12.7     0.2    22.0 R    35.4    10.2    18.0
93245 200808  1.302 -123.0747   38.3208    17.0    10.9    14.0    13.2     1.5    20.3 R    35.9    10.3    18.3
93245 200809  1.302 -123.0747   38.3208    16.7    10.5    13.6    13.2     1.5    15.1 R    31.7     9.0    16.5
93245 200810  1.302 -123.0747   38.3208    16.2     9.5    12.8    12.5    24.0    13.5 R    26.9     7.2    14.0
93245 200811  1.302 -123.0747   38.3208    15.9     9.3    12.6    12.2    44.3     8.6 R    21.6     8.1    13.0
93245 200812  1.302 -123.0747   38.3208    11.6     5.0     8.3     8.3    86.0     7.3 R    15.6     3.2     8.2
93245 200901  1.302 -123.0747   38.3208    14.2     6.3    10.3     9.8    10.1    10.1 R    18.0     4.1     9.4
93245 200902  1.302 -123.0747   38.3208    13.5     6.9    10.2    10.1   163.6    11.2 R    17.0     6.0    10.3
93245 200903  1.302 -123.0747   38.3208    12.2     6.9     9.5     9.5    48.4    17.7 R    16.2     6.6    10.5
93245 200904  1.302 -123.0747   38.3208    13.4     6.7    10.1     9.6     9.5    24.1 R    17.0     5.8    10.5
93245 200905  1.302 -123.0747   38.3208    13.2     8.4    10.8    10.4    60.1    20.4 R    17.2     8.5    11.8
93245 200906  1.302 -123.0747   38.3208    16.5    10.1    13.3    12.8     0.0    25.6 R    20.7     9.8    14.1
93245 200907  1.302 -123.0747   38.3208    15.6     9.8    12.7    12.0     0.0    20.6 R    20.1    10.0    13.4
93245 200908  1.302 -123.0747   38.3208    17.0    10.8    13.9    13.2     0.8    20.0 R    22.5    10.8    14.8
93245 200909  1.302 -123.0747   38.3208    16.9    10.4    13.6    12.7     2.1    17.6 R    21.9     9.9    14.0
93245 200910  1.302 -123.0747   38.3208    15.3     9.5    12.4    12.1    95.1    13.0 R    18.9     9.0    12.8
93245 200911  1.302 -123.0747   38.3208    14.6     7.6    11.1    10.6    30.5    10.3 R    18.1     6.8    11.1
93245 200912  1.302 -123.0747   38.3208    11.4     5.8     8.6     8.4    87.9     6.4 R    14.2     5.3     8.7
93245 201001  1.302 -123.0747   38.3208    12.7     7.6    10.2     9.9   293.1     6.2 R    15.5     7.6    10.6
93245 201002  1.302 -123.0747   38.3208    13.3     8.1    10.7    10.6   140.8     9.2 R    17.6     8.5    12.2
93245 201003  1.302 -123.0747   38.3208    13.8     7.0    10.4    10.3    86.2    16.4 R    18.4     6.5    11.5
93245 201004  1.302 -123.0747   38.3208    13.3     7.1    10.2    10.3   141.6    21.4 R    18.2     6.8    12.0
93245 201005  1.302 -123.0747   38.3208    13.4     7.5    10.5    10.3    49.6    24.3 R    18.4     7.2    12.1
93245 201006  1.302 -123.0747   38.3208    14.9     9.3    12.1    11.6    13.3    26.5 R    20.1     9.3    13.6
93245 201007  1.302 -123.0747   38.3208    15.4    10.4    12.9    12.3     0.2    18.0 R    20.2    10.3    13.8
93245 201008  1.302 -123.0747   38.3208    16.1     9.9    13.0    12.2     0.4    17.7 R    20.6     9.8    13.7
93245 201009  1.302 -123.0747   38.3208    16.6     9.7    13.1    12.6     3.3    17.9 R    21.6     9.4    14.2
93245 201010  2.302 -123.0747   38.3208    16.0     9.6    12.8    12.5   128.1    11.4 R    21.3     8.9    13.5
93245 201011  2.302 -123.0747   38.3208    13.9     7.3    10.6    10.5    76.0    10.2 R    21.9     5.1    10.6
93245 201012  2.302 -123.0747   38.3208    12.9     8.2    10.6    10.5   250.6     5.0 R    15.8     7.1    10.4
93245 201101  2.302 -123.0747   38.3208    13.1     5.8     9.4     9.0    45.4     8.9 R    17.3     3.6     8.6
93245 201102  2.302 -123.0747   38.3208    12.3     4.6     8.4     8.6   125.7    12.3 R    17.3     2.4     8.3
93245 201103  2.302 -123.0747   38.3208    13.2     7.6    10.4    10.4   230.9    13.8 R    18.1     6.1    10.9
93245 201104  2.302 -123.0747   38.3208    13.3     7.6    10.4    10.2    20.5    21.6 R    19.3     6.5    11.4
93245 201105  2.302 -123.0747   38.3208    14.1     7.7    10.9    10.5    56.4    25.9 R    21.6     6.6    12.2
93245 201106  2.302 -123.0747   38.3208    15.1     9.2    12.1    11.7    60.1    24.4 R    21.1     8.4    13.3
93245 201107  2.402 -123.0747   38.3208    16.0    10.2    13.1    12.5     0.5    20.6 R    27.8    10.0    15.9
93245 201108  2.402 -123.0747   38.3208    16.0    10.6    13.3    12.5     0.5    15.7 R    36.1    10.3    17.7
93245 201109  2.402 -123.0747   38.3208    16.9    10.8    13.8    13.1     2.2    13.9 R    34.2    10.0    17.4
93245 201110  2.402 -123.0747   38.3208    17.0    10.4    13.7    13.3    77.4    12.2 R    27.8     8.4    15.0
93245 201111  2.402 -123.0747   38.3208    14.4     7.2    10.8    10.5    57.0     9.2 R    20.3     4.3    10.4
93245 201112  2.402 -123.0747   38.3208    13.3     4.9     9.1     8.9    10.8     8.5 R    17.1     2.2     7.8
93245 201201  2.402 -123.0747   38.3208    13.2     5.9     9.6     9.4   160.0     8.7 R    17.2     3.5     8.9
93245 201202  2.402 -123.0747   38.3208    13.4     6.5     9.9     9.5    37.9    12.7 R    18.0     4.4     9.6
93245 201203  2.402 -123.0747   38.3208    12.1     6.3     9.2     9.2   154.6    13.2 R    17.3     4.9     9.8
93245 201204  2.402 -123.0747   38.3208    14.0     8.0    11.0    10.6    41.3    20.2 R    20.1     6.9    11.8
93245 201205  2.402 -123.0747   38.3208    13.8     7.8    10.8    10.5     9.1    24.8 R    20.4     6.8    12.1
93245 201206  2.402 -123.0747   38.3208    15.4     9.0    12.2    11.7     3.7    26.6 R    24.6     7.6    14.2
93245 201207  2.402 -123.0747   38.3208    16.1     9.7    12.9    12.2     5.6    21.8 R    30.1     8.8    15.8
93245 201208  2.402 -123.0747   38.3208    15.7     9.9    12.8    12.1     2.0    17.2 R    29.3     8.8    15.3
93245 201209  2.412 -123.0747   38.3208    15.6     9.3    12.4    11.8     0.3    15.0 R    29.4     8.2    14.7
93245 201210  2.412 -123.0747   38.3208    16.8    10.2    13.5    13.2    40.7    12.8 C    28.0     7.3    15.1
93245 201211  2.412 -123.0747   38.3208    16.1     9.2    12.6    12.4   185.6     9.1 C    21.2     6.5    12.4
93245 201212  2.412 -123.0747   38.3208    12.7     6.7     9.7     9.7   239.7     6.8 C    15.5     4.7     9.3
93245 201301  2.412 -123.0747   38.3208    13.2     6.0     9.6     9.0    27.0     9.7 C    16.4     2.9     8.0
93245 201302  2.412 -123.0747   38.3208    12.0     5.2     8.6     8.6    17.4    13.8 C    17.1     2.9     8.9
93245 201303  2.412 -123.0747   38.3208    12.5     6.4     9.4     9.3    49.7    14.9 C    18.6     4.6    10.4
93245 201304  2.412 -123.0747   38.3208    13.0     7.4    10.2    10.0    33.0    20.7 C    19.4     6.3    11.6
93245 201305  2.412 -123.0747   38.3208    14.9     8.5    11.7    11.2    11.4    19.2 C    22.3     7.4    13.2
93245 201306  2.412 -123.0747   38.3208    15.8     9.9    12.8    12.3    41.8    22.6 C    25.4     9.5    15.2
93245 201307  2.412 -123.0747   38.3208    16.5    10.7    13.6    12.8     4.3    16.7 C    27.3    10.9    16.1
93245 201308  2.412 -123.0747   38.3208    17.7    11.5    14.6    13.7     2.8    17.1 C    29.3    11.4    17.2
93245 201309  2.412 -123.0747   38.3208    17.8    10.7    14.3    13.7    19.3    18.2 C    29.9     9.1    16.5
93245 201310  2.412 -123.0747   38.3208    16.2     8.1    12.1    11.4     4.4    14.4 C    27.3     5.1    12.8
93245 201311  2.412 -123.0747   38.3208    15.7     7.9    11.8    11.3    38.8    10.7 C    23.0     4.7    11.1
93245 201312  2.412 -123.0747   38.3208    13.5     4.3     8.9     8.6     6.0     9.9 C    18.9    -0.3     7.1
93245 201401  2.412 -123.0747   38.3208    15.2     7.0    11.1    10.5    10.0    10.0 C    20.9     2.9     9.5
93245 201402  2.412 -123.0747   38.3208    13.0     7.9    10.5    10.3   290.2     9.9 C    18.3     6.1    10.9
93245 201403  2.412 -123.0747   38.3208    15.1     8.7    11.9    11.6   104.1    15.8 C    21.1     6.6    12.5
93245 201404  2.412 -123.0747   38.3208    14.9     8.4    11.6    11.2    30.6    22.1 C    22.4     7.1    13.0
93245 201405  2.412 -123.0747   38.3208    15.7     9.0    12.4    11.9     3.7    27.2 C    24.7     7.8    14.5
93245 201406  2.412 -123.0747   38.3208    16.0     9.8    12.9    12.4     4.8    25.2 C    27.9     8.9    16.0
93245 201407  2.412 -123.0747   38.3208    18.9    12.3    15.6    14.7     7.0    20.7 C    33.2    12.1    18.9
93245 201408  2.412 -123.0747   38.3208    18.7    13.2    15.9    15.1     6.9    15.6 C    31.0    13.4    18.4
93245 201409  2.422 -123.0747   38.3208    19.6    13.7    16.7    16.0 -9999.0    15.7 C    32.8    12.5    18.9
93245 201410  2.422 -123.0747   38.3208    18.9    11.7    15.3    14.9 -9999.0    13.3 C    32.5     7.6    16.3
93245 201411  2.422 -123.0747   38.3208    16.9    10.2    13.5    13.3 -9999.0     9.2 C    23.3     5.4    12.4
93245 201412  2.422 -123.0747   38.3208    14.8    10.0    12.4    12.3 -9999.0     5.7 C    16.8     7.4    11.3
93245 201501  2.422 -123.0747   38.3208    15.8     8.3    12.1    11.6 -9999.0     9.8 C    19.4     3.8    10.0
93245 201502  2.422 -123.0747   38.3208    15.7     9.5    12.6    12.5 -9999.0    12.1 C    20.3     5.4    11.7
93245 201503  2.422 -123.0747   38.3208    15.1     8.7    11.9    11.6 -9999.0    16.5 C    23.8     5.1    12.5
93245 201504  2.422 -123.0747   38.3208    14.2     7.6    10.9    10.6    50.8    21.1 C    24.7     4.5    12.5
93245 201505  2.422 -123.0747   38.3208    14.8     9.2    12.0    11.3     0.5    19.9 C    27.4     8.1    14.4
93245 201506  2.422 -123.0747   38.3208    16.7    10.2    13.5    12.7     5.9    22.1 C    35.0     9.1    17.6
93245 201507  2.422 -123.0747   38.3208    19.4    13.1    16.2    15.5     2.2    19.8 C    39.5    11.5    20.8
93245 201508  2.422 -123.0747   38.3208    20.1    13.6    16.8    15.9     1.2    17.9 C    39.9    12.2    21.2
93245 201509  2.422 -123.0747   38.3208    18.3    11.3    14.8    14.3     6.7    16.7 C    35.1     8.0    17.6
93245 201510  2.422 -123.0747   38.3208    18.9    12.5    15.7    15.2     1.0    12.6 C    33.2     9.9    17.2
93245 201511  2.422 -123.0747   38.3208    14.7     7.5    11.1    10.9    35.6     9.8 C    20.8     3.9     9.9
93245 201512  2.422 -123.0747   38.3208    13.1     7.2    10.2    10.3   156.9     6.1 C    16.1     4.5     9.1
93245 201601  2.422 -123.0747   38.3208    13.3     8.6    11.0    10.9   184.3     5.9 C    15.8     6.7    10.4
93245 201602  2.422 -123.0747   38.3208    16.2     8.7    12.4    12.1    26.4    12.2 C    21.0     5.4    11.6
93245 201603  2.422 -123.0747   38.3208    14.5     9.5    12.0    11.9   189.5    13.4 C    19.7     7.4    12.3
93245 201604  2.422 -123.0747   38.3208    15.6     9.2    12.4    12.0    30.3    20.5 C    23.1     7.1    13.3
93245 201605  2.422 -123.0747   38.3208    15.8     9.7    12.8    12.2     4.0    21.1 C    26.6     7.7    14.8
93245 201606  2.422 -123.0747   38.3208    16.3     9.9    13.1    12.5     6.4    24.0 C    30.3     8.4    16.3
93245 201607  2.422 -123.0747   38.3208    16.2     9.9    13.0    12.2     0.5    21.2 C    33.9     9.0    17.5
93245 201608  2.422 -123.0747   38.3208    16.9    11.3    14.1    13.4     1.6    14.6 C    33.1    11.0    17.6
93245 201609  2.422 -123.0747   38.3208    17.0    10.7    13.9    13.3     0.4    16.3 C    32.5     8.6    16.7
93245 201610  2.422 -123.0747   38.3208 -9999.0 -9999.0 -9999.0 -9999.0 -9999.0 -9999.0 U -9999.0 -9999.0 -9999.0
93245 201611  2.422 -123.0747   38.3208    16.0     9.5    12.7    12.6   112.9     9.3 C    21.8     7.1    12.5
93245 201612  2.422 -123.0747   38.3208    12.4     5.5     9.0     9.0   115.1     7.6 C    16.0     3.0     8.0
93245 201701  2.422 -123.0747   38.3208    12.3     6.1     9.2     9.1   286.7     7.6 C    15.8     3.8     8.5
93245 201702  2.422 -123.0747   38.3208    13.5     8.6    11.1    11.0   272.2     9.3 C    18.1     6.8    11.1
93245 201703  2.422 -123.0747   38.3208    14.1     8.6    11.4    11.3    62.3    14.7 C    20.6     6.2    12.0
93245 201704  2.422 -123.0747   38.3208    14.0     8.4    11.2    11.2    85.5    18.1 C    21.0     6.4    12.2
93245 201705  2.422 -123.0747   38.3208    14.1     8.7    11.4    11.1     0.3    22.5 C    21.7     7.4    12.8
93245 201706  2.422 -123.0747   38.3208    16.2    10.1    13.1    12.6    12.0    24.8 C    27.6     9.1    15.6
93245 201707  2.422 -123.0747   38.3208    16.5    10.1    13.3    12.5     0.4    22.7 C    35.7     8.5    17.9
