53878 200011 -9.000  -82.5567   35.4185 -9999.0 -9999.0 -9999.0 -9999.0 -9999.0 -9999.0 U -9999.0 -9999.0 -9999.0
53878 200012 -9.000  -82.5567   35.4185 -9999.0 -9999.0 -9999.0 -9999.0 -9999.0 -9999.0 U -9999.0 -9999.0 -9999.0
53878 200101 -9.000  -82.5567   35.4185 -9999.0 -9999.0 -9999.0 -9999.0 -9999.0 -9999.0 R -9999.0 -9999.0     1.5
53878 200102 -9.000  -82.5567   35.4185 -9999.0 -9999.0 -9999.0 -9999.0 -9999.0 -9999.0 R -9999.0 -9999.0     5.5
53878 200103 -9.000  -82.5567   35.4185 -9999.0 -9999.0 -9999.0 -9999.0 -9999.0 -9999.0 R -9999.0 -9999.0     6.4
53878 200104 -9.000  -82.5567   35.4185 -9999.0 -9999.0 -9999.0 -9999.0 -9999.0 -9999.0 R -9999.0 -9999.0    14.4
53878 200105 -9.000  -82.5567   35.4185 -9999.0 -9999.0 -9999.0 -9999.0 -9999.0 -9999.0 U -9999.0 -9999.0 -9999.0
53878 200106  1.001  -82.5567   35.4185 -9999.0 -9999.0 -9999.0 -9999.0 -9999.0 -9999.0 U -9999.0 -9999.0 -9999.0
53878 200107  1.002  -82.5567   35.4185 -9999.0 -9999.0 -9999.0 -9999.0 -9999.0 -9999.0 U -9999.0 -9999.0 -9999.0
53878 200108  1.003  -82.5567   35.4185    27.1    17.2    22.2    21.5 -9999.0 -9999.0 R -9999.0 -9999.0    22.5
53878 200109  1.003  -82.5567   35.4185    22.7    11.5    17.1    16.5 -9999.0 -9999.0 R -9999.0 -9999.0    17.2
53878 200110  1.004  -82.5567   35.4185    19.1     3.9    11.5    11.1 -9999.0 -9999.0 R -9999.0 -9999.0    10.8
53878 200111  1.004  -82.5567   35.4185    18.1     0.7     9.4     9.3 -9999.0    12.1 R -9999.0 -9999.0     8.6
53878 200112  1.005  -82.5567   35.4185    12.1    -0.5     5.8     5.3 -9999.0     9.1 R -9999.0 -9999.0     4.8
53878 200201  1.005  -82.5567   35.4185    11.0    -3.1     4.0     3.8 -9999.0    10.0 R -9999.0 -9999.0     3.1
53878 200202  1.005  -82.5567   35.4185    10.4    -2.6     3.9     3.8 -9999.0    14.2 R -9999.0 -9999.0     3.8
53878 200203  1.005  -82.5567   35.4185    14.6     1.2     7.9     8.0 -9999.0    14.9 R -9999.0 -9999.0     8.4
53878 200204  1.005  -82.5567   35.4185    20.6     8.0    14.3    14.3 -9999.0    19.0 R -9999.0 -9999.0    14.8
53878 200205  1.005  -82.5567   35.4185    22.9     9.3    16.1    16.0 -9999.0    21.8 R -9999.0 -9999.0    17.4
53878 200206  1.005  -82.5567   35.4185    26.9    14.2    20.6    20.5 -9999.0    22.7 R -9999.0 -9999.0    22.8
53878 200207  1.007  -82.5567   35.4185 -9999.0 -9999.0 -9999.0 -9999.0 -9999.0    21.8 R -9999.0 -9999.0    24.2
53878 200208  1.007  -82.5567   35.4185    28.8    15.8    22.3    21.7 -9999.0    19.7 R -9999.0 -9999.0    24.2
53878 200209  1.007  -82.5567   35.4185    24.9    15.0    20.0    19.6 -9999.0    14.1 R -9999.0 -9999.0    21.0
53878 200210  1.007  -82.5567   35.4185    19.1    10.7    14.9    14.3 -9999.0    10.2 R -9999.0 -9999.0    14.8
53878 200211  1.007  -82.5567   35.4185    12.2     1.1     6.7     6.4 -9999.0    10.0 R -9999.0 -9999.0     6.0
53878 200212  1.007  -82.5567   35.4185     8.4    -2.0     3.2     2.9 -9999.0     7.8 R -9999.0 -9999.0     2.2
53878 200301  1.007  -82.5567   35.4185     6.4    -5.3     0.6     0.4 -9999.0    10.0 R -9999.0 -9999.0    -0.1
53878 200302  1.007  -82.5567   35.4185     9.6    -1.3     4.2     3.7 -9999.0    10.7 R -9999.0 -9999.0     3.6
53878 200303  1.007  -82.5567   35.4185    15.6     3.8     9.7     9.5 -9999.0    13.4 R -9999.0 -9999.0     9.7
53878 200304  1.007  -82.5567   35.4185    18.9     5.8    12.3    12.4 -9999.0    18.1 R -9999.0 -9999.0    12.8
53878 200305  1.007  -82.5567   35.4185    21.9    11.7    16.8    16.4 -9999.0    17.0 R -9999.0 -9999.0    17.0
53878 200306  1.007  -82.5567   35.4185    25.1    14.5    19.8    19.6 -9999.0    21.4 R -9999.0 -9999.0    21.1
53878 200307  1.007  -82.5567   35.4185    26.9    16.7    21.8    21.1 -9999.0    19.3 R -9999.0 -9999.0    23.0
53878 200308  1.007  -82.5567   35.4185    27.6    17.8    22.7    21.7 -9999.0    18.4 R -9999.0 -9999.0    23.4
53878 200309  1.007  -82.5567   35.4185    23.8    12.2    18.0    17.5 -9999.0    18.2 R -9999.0 -9999.0    18.5
53878 200310  1.201  -82.5567   35.4185 -9999.0 -9999.0 -9999.0 -9999.0 -9999.0 -9999.0 U -9999.0 -9999.0 -9999.0
53878 200311  1.201  -82.5567   35.4185    17.6     3.4    10.5    10.2   109.6    10.4 R -9999.0 -9999.0     9.7
53878 200312  1.201  -82.5567   35.4185     8.1    -3.7     2.2     1.9    79.3     9.0 R -9999.0 -9999.0     1.2
53878 200401  1.201  -82.5567   35.4185     8.4    -4.6     1.9     1.7    30.1    10.1 R -9999.0 -9999.0     1.2
53878 200402  1.201  -82.5567   35.4185     8.3    -1.9     3.2     2.7   121.9     9.8 R -9999.0 -9999.0     2.7
53878 200403  1.201  -82.5567   35.4185    15.9     2.5     9.2     9.2    52.0    16.2 R -9999.0 -9999.0     9.7
53878 200404  1.201  -82.5567   35.4185    19.3     5.1    12.2    12.6    86.2    18.8 R -9999.0 -9999.0    12.6
53878 200405  1.201  -82.5567   35.4185    24.6    12.2    18.4    18.3   125.6    19.8 R -9999.0 -9999.0    18.9
53878 200406  1.201  -82.5567   35.4185    25.5    16.2    20.9    20.4   192.5    17.8 R -9999.0 -9999.0    21.2
53878 200407  1.201  -82.5567   35.4185    27.2    17.1    22.1    21.7   110.1    20.2 R -9999.0 -9999.0    22.7
53878 200408  1.201  -82.5567   35.4185    25.8    16.0    20.9    20.2   139.4    18.6 R -9999.0 -9999.0    22.1
53878 200409  1.201  -82.5567   35.4185    23.2    13.7    18.5    18.0   419.0    14.1 R -9999.0 -9999.0    18.0
53878 200410  1.201  -82.5567   35.4185    20.6    10.0    15.3    14.8    37.7    11.8 R -9999.0 -9999.0    14.4
53878 200411  1.201  -82.5567   35.4185    15.4     4.2     9.8     9.5   136.2     9.2 R -9999.0 -9999.0     8.9
53878 200412  1.201  -82.5567   35.4185     9.5    -3.1     3.2     3.0    90.4     9.1 R -9999.0 -9999.0     2.2
53878 200501  1.201  -82.5567   35.4185    10.2    -1.2     4.5     4.4    57.0     8.6 R -9999.0 -9999.0     4.2
53878 200502  1.201  -82.5567   35.4185    10.9    -0.6     5.1     4.7    66.4    10.3 R -9999.0 -9999.0     4.6
53878 200503  1.201  -82.5567   35.4185    13.3     0.3     6.8     6.8    94.0    15.1 R -9999.0 -9999.0     7.1
53878 200504  1.201  -82.5567   35.4185    18.8     4.9    11.8    12.1    90.1    17.6 R -9999.0 -9999.0    12.1
53878 200505  1.201  -82.5567   35.4185    21.7     8.5    15.1    15.2    63.7    21.0 R -9999.0 -9999.0    16.4
53878 200506  1.201  -82.5567   35.4185    25.4    15.3    20.3    20.0   302.9    18.7 R -9999.0 -9999.0    22.4
53878 200507  1.201  -82.5567   35.4185    28.0    18.4    23.2    22.4   311.3    18.0 R -9999.0 -9999.0    25.0
53878 200508  1.201  -82.5567   35.4185    27.7    18.2    23.0    22.1   137.3    17.7 R -9999.0 -9999.0    23.3
53878 200509  1.201  -82.5567   35.4185    26.1    12.9    19.5    19.0    18.5    18.8 R -9999.0 -9999.0    19.2
53878 200510  1.201  -82.5567   35.4185    20.5     7.9    14.2    13.6    39.9    13.6 R -9999.0 -9999.0    13.6
53878 200511  1.201  -82.5567   35.4185    16.0     1.0     8.5     8.5   106.3     9.9 R -9999.0 -9999.0     7.8
53878 200512  1.201  -82.5567   35.4185     7.6    -3.4     2.1     1.7    93.5     8.4 R -9999.0 -9999.0     0.8
53878 200601  1.201  -82.5567   35.4185    12.0    -0.3     5.9     5.6    95.9     9.3 R -9999.0 -9999.0     4.9
53878 200602  1.201  -82.5567   35.4185     9.6    -2.6     3.5     3.3    77.6    12.3 R -9999.0 -9999.0     3.1
53878 200603  1.201  -82.5567   35.4185    14.7     1.4     8.0     8.0    39.2    16.5 R -9999.0 -9999.0     8.2
53878 200604  1.201  -82.5567   35.4185    21.8     6.3    14.1    14.4   113.5    18.7 R -9999.0 -9999.0    14.6
53878 200605  1.201  -82.5567   35.4185    22.3     8.7    15.5    15.4    39.3    20.8 R -9999.0 -9999.0    17.5
53878 200606  1.201  -82.5567   35.4185    26.3    13.8    20.0    19.7   114.8    22.8 R -9999.0 -9999.0    22.7
53878 200607  1.201  -82.5567   35.4185    27.5    16.4    21.9    21.4    97.4    21.0 R -9999.0 -9999.0    24.8
53878 200608  1.201  -82.5567   35.4185    27.2    17.4    22.3    21.7   184.4    17.6 R -9999.0 -9999.0    24.3
53878 200609  1.201  -82.5567   35.4185    20.6    12.2    16.4    16.0   200.4    14.5 R -9999.0 -9999.0    17.7
53878 200610  1.201  -82.5567   35.4185    18.2     5.8    12.0    11.5    79.1    14.1 R -9999.0 -9999.0    12.1
53878 200611  1.201  -82.5567   35.4185    14.8     1.1     8.0     7.5   115.6    10.3 R -9999.0 -9999.0     7.0
53878 200612  1.201  -82.5567   35.4185    12.7    -1.8     5.5     5.0   127.4     9.0 R -9999.0 -9999.0     4.1
53878 200701  1.201  -82.5567   35.4185     9.8    -1.7     4.0     3.9    96.5     9.4 R -9999.0 -9999.0     3.7
53878 200702  1.303  -82.5567   35.4185     8.2    -4.6     1.8     1.8    49.7    13.2 R -9999.0 -9999.0     2.2
53878 200703  1.303  -82.5567   35.4185    17.9     3.1    10.5    10.6   106.9    16.5 R    27.5     0.1    10.4
53878 200704  1.303  -82.5567   35.4185    18.2     4.0    11.1    11.4    52.1    20.1 R    29.7     0.9    11.9
53878 200705  1.303  -82.5567   35.4185    24.5     8.7    16.6    16.9    30.6    23.7 R    38.1     6.2    18.5
53878 200706  1.303  -82.5567   35.4185    27.9    14.5    21.2    20.7    78.6    22.0 R    44.2    11.9    23.1
53878 200707  1.303  -82.5567   35.4185    26.6    15.8    21.2    20.6   117.5    18.0 R    37.2    14.0    21.9
53878 200708  1.303  -82.5567   35.4185    31.3    17.2    24.2    23.3    30.5    20.1 R    45.3    15.5    25.2
53878 200709  1.303  -82.5567   35.4185    26.9    12.5    19.7    19.2 -9999.0    18.2 R    40.9    10.2    20.7
53878 200710  1.303  -82.5567   35.4185    21.2     8.4    14.8    14.4    86.8    13.9 R    29.4     6.3    14.8
53878 200711  1.303  -82.5567   35.4185    14.6    -0.6     7.0     6.9    41.1    11.5 R    19.4    -3.2     5.9
53878 200712  1.303  -82.5567   35.4185    12.1     0.3     6.2     5.9   106.6     7.8 R    16.3    -2.2     5.1
53878 200801  1.303  -82.5567   35.4185     8.2    -3.7     2.2     2.0    68.1    10.7 R    14.5    -6.6     1.8
53878 200802  1.303  -82.5567   35.4185    12.3    -1.1     5.6     5.3    97.5    11.8 R    19.7    -3.8     5.1
53878 200803  1.303  -82.5567   35.4185    14.6     0.2     7.4     7.5   115.6    15.1 R    23.0    -2.3     7.7
53878 200804  1.303  -82.5567   35.4185    18.7     6.0    12.4    12.5    71.7    18.9 R    28.3     4.1    13.6
53878 200805  1.303  -82.5567   35.4185    23.3     9.7    16.5    16.7    42.6    21.9 R    36.3     7.4    18.5
53878 200806  1.303  -82.5567   35.4185    29.2    14.4    21.8    21.5    36.4    23.9 R    48.1    12.3    24.8
53878 200807  1.303  -82.5567   35.4185    29.0    15.5    22.3    21.8    66.5    22.5 R    48.2    14.0    25.4
53878 200808  1.303  -82.5567   35.4185    28.4    15.9    22.1    21.8   161.3    20.2 R    52.4    14.4    26.2
53878 200809  1.303  -82.5567   35.4185    24.4    13.7    19.0    18.6    36.5    16.5 R    34.0    12.6    20.0
53878 200810  1.303  -82.5567   35.4185    18.6     5.4    12.0    11.7    45.0    14.9 R    25.9     3.7    12.2
53878 200811  1.303  -82.5567   35.4185    12.7    -1.4     5.7     5.4    41.7    11.6 R    19.0    -3.3     5.3
53878 200812  1.303  -82.5567   35.4185    10.7     0.2     5.4     5.7   119.3     7.3 R    14.4    -1.4     5.4
53878 200901  1.303  -82.5567   35.4185     8.7    -3.6     2.6     2.0    61.4     9.7 R    14.7    -5.4     2.2
53878 200902  1.303  -82.5567   35.4185    10.6    -3.1     3.7     3.6    49.6    13.7 R    19.6    -5.0     3.9
53878 200903  1.303  -82.5567   35.4185    14.4     1.6     8.0     8.0   110.9    14.2 R    21.3     0.0     8.4
53878 200904  1.303  -82.5567   35.4185    19.2     5.4    12.3    12.4    85.3    19.5 R    28.9     3.6    13.3
53878 200905  1.303  -82.5567   35.4185    22.3    12.1    17.2    16.9   185.8    18.4 R    34.5    10.9    18.9
53878 200906  1.303  -82.5567   35.4185    27.6    15.4    21.5    21.1   121.3    23.5 R    38.8    14.7    23.3
53878 200907  1.303  -82.5567   35.4185    26.4    15.7    21.1    20.6    70.1    20.0 R    38.8    14.7    22.8
53878 200908  1.303  -82.5567   35.4185    27.2    16.6    21.9    21.0   106.4    19.2 R    37.5    16.0    23.1
53878 200909  1.303  -82.5567   35.4185    23.7    14.7    19.2    18.4 -9999.0    14.0 R    29.2    14.1    19.4
53878 200910  1.303  -82.5567   35.4185    17.9     7.0    12.4    12.2   141.9    11.5 R    21.3     6.2    12.4
53878 200911  2.402  -82.5567   35.4185    15.4     2.5     8.9     8.4   140.8    10.0 R    18.4     1.0     7.8
53878 200912  2.402  -82.5567   35.4185     7.4    -2.8     2.3     2.0   235.6     7.7 R     9.6    -4.7     1.3
53878 201001  2.402  -82.5567   35.4185     5.4    -5.5     0.0    -0.6   179.2     8.9 R    11.9    -7.1    -0.4
53878 201002  2.402  -82.5567   35.4185     4.5    -3.9     0.3    -0.1    91.2    11.7 R    10.7    -6.0     0.0
53878 201003  2.402  -82.5567   35.4185    12.5     1.3     6.9     6.8   103.4    13.7 R    20.9    -0.7     7.2
53878 201004  2.402  -82.5567   35.4185    22.0     5.5    13.7    14.1    57.4    21.3 R    29.1     3.6    14.2
53878 201005  2.402  -82.5567   35.4185    24.2    12.7    18.5    18.3   138.4    19.7 R    35.3    11.4    19.9
53878 201006  2.402  -82.5567   35.4185    29.1    16.7    22.9    22.2    61.1    21.4 R    37.5    16.1    23.9
53878 201007  2.402  -82.5567   35.4185    29.7    18.2    23.9    23.3   110.1    22.3 R    42.8    17.4    25.9
53878 201008  2.402  -82.5567   35.4185    28.8    18.8    23.8    23.0   102.2    19.2 R    36.2    18.2    24.3
53878 201009  2.402  -82.5567   35.4185    26.5    12.7    19.6    19.1   101.8    18.1 R    41.5    11.2    21.5
53878 201010  2.402  -82.5567   35.4185    21.2     5.0    13.1    12.8    81.1    15.9 R    34.0     2.9    13.9
53878 201011  2.402  -82.5567   35.4185    15.0     0.6     7.8     7.5   142.9    10.3 R    22.9    -1.5     7.4
53878 201012  2.402  -82.5567   35.4185     3.7    -5.3    -0.8    -1.1    30.9     8.3 R     8.9    -8.1    -1.6
53878 201101  2.402  -82.5567   35.4185     5.8    -4.9     0.4     0.2    57.8     9.3 R    11.1    -7.9    -0.3
53878 201102  2.402  -82.5567   35.4185    12.9    -1.5     5.7     5.8    76.0    12.7 R    24.0    -4.0     6.2
53878 201103  2.402  -82.5567   35.4185    14.2     2.8     8.5     8.4   180.4    13.0 R    23.0     1.4     9.3
53878 201104  2.402  -82.5567   35.4185    21.7     7.0    14.3    14.7   117.3    20.5 R    30.9     5.8    15.7
53878 201105  2.402  -82.5567   35.4185    23.8    10.6    17.2    17.0    73.9    21.8 R    36.1     9.8    19.4
53878 201106  2.402  -82.5567   35.4185    28.8    15.4    22.1    21.3    87.8    22.1 R    43.2    14.4    24.2
53878 201107  2.402  -82.5567   35.4185    29.4    18.3    23.9    23.3   101.7    20.7 R    39.1    17.9    25.4
53878 201108  2.402  -82.5567   35.4185    29.3    16.8    23.0    22.4    67.1    21.7 R    48.7    15.9    26.4
53878 201109  2.402  -82.5567   35.4185    24.0    13.3    18.7    18.0    91.7    15.0 R    36.9    12.9    20.5
53878 201110  2.402  -82.5567   35.4185    18.8     4.1    11.5    11.3    64.2    14.9 R    27.5     3.1    12.5
53878 201111  2.402  -82.5567   35.4185    15.4     2.0     8.7     8.5   133.0    10.1 R    21.0     0.4     8.6
53878 201112  2.402  -82.5567   35.4185    12.2     0.2     6.2     5.9   141.6     8.4 R    16.9    -1.2     5.9
53878 201201  2.402  -82.5567   35.4185    10.6    -1.7     4.4     4.3   110.6     8.8 R    16.2    -2.9     4.4
53878 201202  2.402  -82.5567   35.4185    12.7    -0.5     6.1     6.1    43.1    12.4 R    20.7    -1.6     6.8
53878 201203  2.412  -82.5567   35.4185    19.2     6.1    12.6    12.5    74.3    15.0 C    26.0     4.5    12.6
53878 201204  2.412  -82.5567   35.4185    20.6     7.3    13.9    13.7   131.6    20.2 C    32.0     5.6    15.3
53878 201205  2.412  -82.5567   35.4185    24.3    12.8    18.6    18.3   129.2    20.7 C    36.5    12.3    20.8
53878 201206  2.412  -82.5567   35.4185    26.7    14.2    20.4    20.3    41.4    23.0 C    37.9    13.3    22.6
53878 201207  2.412  -82.5567   35.4185    29.3    18.5    23.9    23.1   150.8    20.1 C    40.6    17.9    25.4
53878 201208  2.412  -82.5567   35.4185    26.8    16.1    21.5    20.7    66.5    18.0 C    37.2    15.2    22.7
53878 201209  2.412  -82.5567   35.4185    24.4    13.1    18.7    18.2   155.4    16.3 C    33.4    11.2    19.5
53878 201210  2.422  -82.5567   35.4185    18.1     6.3    12.2    11.8    98.8    13.1 C    26.5     4.4    12.2
53878 201211  2.422  -82.5567   35.4185    14.1    -1.4     6.4     5.8    22.5    12.0 C    20.6    -3.8     5.2
53878 201212  2.422  -82.5567   35.4185    11.5     0.1     5.8     5.7   113.2     7.6 C    16.3    -1.5     5.4
53878 201301  2.422  -82.5567   35.4185    10.6     0.2     5.4     5.1   232.0     8.5 C    15.5    -1.6     5.0
53878 201302  2.422  -82.5567   35.4185     9.6    -1.6     4.0     3.4    97.1    11.6 C    17.1    -3.8     3.7
53878 201303  2.422  -82.5567   35.4185    10.7    -0.5     5.1     4.6    86.5    16.3 C    21.3    -2.1     6.1
53878 201304  2.422  -82.5567   35.4185    18.5     5.6    12.0    12.3   154.6    19.8 C    26.5     4.2    13.3
53878 201305  2.422  -82.5567   35.4185    21.5    10.0    15.7    15.8   186.1    20.3 C    30.0     8.7    17.2
53878 201306  2.422  -82.5567   35.4185    26.6    15.8    21.2    20.7   232.7    21.5 C    35.4    14.7    22.4
53878 201307  2.422  -82.5567   35.4185    26.8    17.9    22.3    21.5   396.4    19.1 C    36.1    17.4    23.6
53878 201308  2.422  -82.5567   35.4185    25.5    16.8    21.2    20.6   191.5    16.5 C    33.5    15.9    21.9
53878 201309  2.422  -82.5567   35.4185    24.1    13.7    18.9    18.2    79.4    15.5 C    29.9    11.9    18.8
53878 201310  2.422  -82.5567   35.4185    19.9     8.2    14.0    13.6    54.4    12.4 C    25.6     5.8    13.7
53878 201311  2.422  -82.5567   35.4185    12.2    -0.2     6.0     5.7    94.3    10.1 C    18.6    -3.3     5.1
53878 201312  2.422  -82.5567   35.4185    10.9    -0.3     5.3     5.1   206.4     7.7 C    15.4    -3.0     4.4
53878 201401  2.422  -82.5567   35.4185     5.8    -8.0    -1.1    -1.4    62.9    10.3 C    12.6   -10.3    -1.6
53878 201402  2.422  -82.5567   35.4185    10.5    -2.2     4.2     3.8    81.6    12.4 C    18.3    -5.7     3.7
53878 201403  2.422  -82.5567   35.4185    13.3    -0.5     6.4     6.4    62.4    15.3 C    23.8    -3.9     6.9
53878 201404  2.422  -82.5567   35.4185    19.7     5.4    12.5    12.8   126.2    18.3 C    27.4     2.8    13.0
53878 201405  2.422  -82.5567   35.4185    24.4    10.1    17.3    17.2    93.9    21.8 C    35.1     8.1    18.5
53878 201406  2.422  -82.5567   35.4185    27.0    16.1    21.6    21.0   106.0    21.2 C    42.7    14.7    24.0
53878 201407  2.422  -82.5567   35.4185    26.1    16.0    21.0    20.8   119.0    20.7 C    34.7    14.6    22.3
53878 201408  2.422  -82.5567   35.4185    27.0    16.0    21.5    21.0    73.1    19.2 C    37.0    14.5    22.7
53878 201409  2.422  -82.5567   35.4185    24.6    15.4    20.0    19.2   120.3    14.9 C    35.1    14.0    21.0
53878 201410  2.422  -82.5567   35.4185    20.4     6.9    13.7    13.2    96.8    13.3 C    32.6     4.6    14.2
53878 201411  2.422  -82.5567   35.4185    12.2    -1.9     5.2     4.7   102.9    11.5 C    21.6    -3.7     5.2
53878 201412  2.422  -82.5567   35.4185    11.1     1.4     6.3     5.7    66.5     7.5 C    17.5    -0.6     5.7
53878 201501  2.422  -82.5567   35.4185     8.1    -3.5     2.3     2.1    80.6     9.3 C    15.2    -5.0     2.2
53878 201502  2.422  -82.5567   35.4185     5.9    -6.1    -0.1    -0.3    69.7    12.4 C    13.3    -7.2     0.4
53878 201503  2.422  -82.5567   35.4185    16.3     3.4     9.9     9.6    55.5    14.6 C    27.3     2.3    10.7
53878 201504  2.422  -82.5567   35.4185    19.7     8.0    13.8    14.1   127.6    16.8 C    27.8     6.2    14.7
53878 201505  2.422  -82.5567   35.4185    25.3    11.4    18.4    18.2    41.7    23.4 C    39.0     9.6    20.6
53878 201506  2.422  -82.5567   35.4185    27.9    16.2    22.1    21.3   139.2    22.7 C    36.4    15.3    23.2
53878 201507  2.422  -82.5567   35.4185    28.8    17.7    23.3    22.7    88.4    20.8 C    36.8    16.3    24.0
53878 201508  2.422  -82.5567   35.4185    28.1    16.2    22.2    21.4    69.3    19.8 C    42.0    14.6    23.9
53878 201509  2.422  -82.5567   35.4185    25.1    13.3    19.2    18.6   110.8    14.8 C    38.4    11.5    20.7
53878 201510  2.422  -82.5567   35.4185    19.5     7.1    13.3    12.7   199.9    11.7 C    23.1     5.1    12.1
53878 201511  2.422  -82.5567   35.4185    15.6     4.7    10.2    10.1   200.7     8.2 C    18.2     2.4     9.1
53878 201512  2.422  -82.5567   35.4185    16.0     4.1    10.0    10.0   223.6     7.6 C    18.1     1.9     8.8
53878 201601  2.422  -82.5567   35.4185     6.9    -4.7     1.1     0.7    84.0     9.5 C     9.4    -7.4    -0.6
53878 201602  2.422  -82.5567   35.4185     9.1    -1.4     3.8     3.5   154.6    10.9 C    16.5    -4.0     3.5
53878 201603  2.422  -82.5567   35.4185    17.7     3.8    10.8    11.1    44.3    16.4 C    26.0     0.6    10.8
53878 201604  2.422  -82.5567   35.4185    20.1     5.4    12.8    13.2    68.4    21.5 C    30.4     2.3    13.8
53878 201605  2.422  -82.5567   35.4185    22.9    10.7    16.8    16.6    45.2    20.1 C    31.2     9.2    17.7
53878 201606  2.422  -82.5567   35.4185    29.4    15.4    22.4    22.1    67.9    23.1 C    42.7    13.1    24.4
53878 201607  2.422  -82.5567   35.4185    30.2    18.0    24.1    23.0   133.9    20.7 C    38.8    16.6    24.5
53878 201608  2.422  -82.5567   35.4185    28.4    18.7    23.5    22.7   158.6    18.3 C    36.5    17.6    24.0
53878 201609  2.422  -82.5567   35.4185    28.0    14.4    21.2    20.5    17.0    17.1 C    38.8    12.4    21.8
53878 201610  2.422  -82.5567   35.4185    22.7     7.2    14.9    14.5    11.2    14.1 C    35.6     4.5    15.4
53878 201611  2.422  -82.5567   35.4185    17.6     1.4     9.5     9.0    41.8    10.5 C    27.7    -2.3     8.4
53878 201612  2.422  -82.5567   35.4185    10.4    -0.3     5.1     5.2    59.0     7.1 C    16.1    -3.2     4.7
53878 201701  2.422  -82.5567   35.4185    11.4     1.2     6.3     6.3    95.3     7.8 C    16.0    -1.8     5.4
53878 201702  2.422  -82.5567   35.4185    15.7     0.2     8.0     8.0    18.4    11.8 C    24.8    -3.3     7.6
53878 201703  2.422  -82.5567   35.4185    14.8     1.9     8.3     8.4   113.4    15.1 C    25.1    -1.5     8.9
53878 201704  2.422  -82.5567   35.4185    21.2     9.1    15.1    15.1   198.9    16.5 C    28.5     6.8    15.3
53878 201705  2.422  -82.5567   35.4185    23.5    11.3    17.4    17.4   181.2    19.3 C    28.9     9.3    17.4
53878 201706  2.422  -82.5567   35.4185    26.1    15.1    20.6    20.4    83.1    20.3 C    31.0    13.5    20.5
53878 201707  2.422  -82.5567   35.4185    29.3    17.2    23.3    22.5   120.0    20.9 C    35.7    15.8    23.2
