63893 200703  5.001  -87.6226   32.7169 -9999.0 -9999.0 -9999.0 -9999.0 -9999.0 -9999.0 U -9999.0 -9999.0 -9999.0
63893 200704  5.001  -87.6226   32.7169    22.5     9.4    15.9    16.0    75.7 -9999.0 U -9999.0 -9999.0 -9999.0
63893 200705  5.001  -87.6226   32.7169    29.6    14.9    22.2    22.4    17.5 -9999.0 U -9999.0 -9999.0 -9999.0
63893 200706  5.001  -87.6226   32.7169    33.4    19.5    26.5    26.1    82.5 -9999.0 U -9999.0 -9999.0 -9999.0
63893 200707  5.001  -87.6226   32.7169    31.0    21.3    26.1    25.4   116.4 -9999.0 U -9999.0 -9999.0 -9999.0
63893 200708  5.001  -87.6226   32.7169    36.2    22.7    29.5    28.8    75.0 -9999.0 U -9999.0 -9999.0 -9999.0
63893 200709  5.001  -87.6226   32.7169    30.2    19.1    24.7    24.1    82.9 -9999.0 U -9999.0 -9999.0 -9999.0
63893 200710  5.001  -87.6226   32.7169    24.9    13.5    19.2    18.9    80.9 -9999.0 U -9999.0 -9999.0 -9999.0
63893 200711  5.001  -87.6226   32.7169    19.1     5.6    12.3    12.2    35.6 -9999.0 U -9999.0 -9999.0 -9999.0
63893 200712  5.001  -87.6226   32.7169    17.2     5.8    11.5    11.1    69.6 -9999.0 U -9999.0 -9999.0 -9999.0
63893 200801  5.001  -87.6226   32.7169    11.7     1.0     6.4     6.3   119.4 -9999.0 U -9999.0 -9999.0 -9999.0
63893 200802  5.001  -87.6226   32.7169    16.9     3.1    10.0    10.1   143.0 -9999.0 U -9999.0 -9999.0 -9999.0
63893 200803  5.001  -87.6226   32.7169    20.5     6.4    13.5    13.6    79.7 -9999.0 U -9999.0 -9999.0 -9999.0
63893 200804  5.001  -87.6226   32.7169    23.3    10.8    17.0    17.1   123.4 -9999.0 U -9999.0 -9999.0 -9999.0
63893 200805  5.001  -87.6226   32.7169    27.4    15.6    21.5    21.6   113.6 -9999.0 U -9999.0 -9999.0 -9999.0
63893 200806  5.001  -87.6226   32.7169    32.1    19.7    25.9    25.5    47.2 -9999.0 U -9999.0 -9999.0 -9999.0
63893 200807  5.001  -87.6226   32.7169    34.1    20.7    27.4    26.6    42.8 -9999.0 U -9999.0 -9999.0 -9999.0
63893 200808  5.001  -87.6226   32.7169    31.6    20.8    26.2    25.5   213.6 -9999.0 U -9999.0 -9999.0 -9999.0
63893 200809  5.001  -87.6226   32.7169    29.0    18.5    23.7    23.2    36.9 -9999.0 U -9999.0 -9999.0 -9999.0
63893 200810  5.001  -87.6226   32.7169    23.5    10.8    17.1    16.8    24.6 -9999.0 U -9999.0 -9999.0 -9999.0
63893 200811  5.001  -87.6226   32.7169    17.9     4.3    11.1    11.1    56.4 -9999.0 U -9999.0 -9999.0 -9999.0
63893 200812  5.001  -87.6226   32.7169    16.0     5.1    10.5    10.2   148.3 -9999.0 U -9999.0 -9999.0 -9999.0
63893 200901  5.001  -87.6226   32.7169    13.7     2.0     7.8     7.6   127.3 -9999.0 U -9999.0 -9999.0 -9999.0
63893 200902  5.001  -87.6226   32.7169    16.6     3.0     9.8     9.7    82.6 -9999.0 U -9999.0 -9999.0 -9999.0
63893 200903  5.001  -87.6226   32.7169    20.1     8.9    14.5    14.3   275.3 -9999.0 U -9999.0 -9999.0 -9999.0
63893 200904  5.001  -87.6226   32.7169    22.9    10.2    16.5    16.8    96.9 -9999.0 U -9999.0 -9999.0 -9999.0
63893 200905  5.101  -87.6226   32.7169    26.6    17.1    21.9    21.4   209.4 -9999.0 U -9999.0 -9999.0 -9999.0
63893 200906  5.101  -87.6226   32.7169    32.6    20.3    26.4    26.2    34.1 -9999.0 U -9999.0 -9999.0 -9999.0
63893 200907  5.101  -87.6226   32.7169    31.8    20.2    26.0    25.5   155.3 -9999.0 U -9999.0 -9999.0 -9999.0
63893 200908  5.101  -87.6226   32.7169    30.7    20.6    25.6    24.9   135.0 -9999.0 U -9999.0 -9999.0 -9999.0
63893 200909  5.101  -87.6226   32.7169    28.3    19.6    24.0    23.2   136.2 -9999.0 U -9999.0 -9999.0 -9999.0
63893 200910  5.101  -87.6226   32.7169    22.1    11.9    17.0    16.9   109.7 -9999.0 U -9999.0 -9999.0 -9999.0
63893 200911  5.101  -87.6226   32.7169    18.2     5.6    11.9    11.7   173.6 -9999.0 U -9999.0 -9999.0 -9999.0
63893 200912  5.101  -87.6226   32.7169    11.8     2.6     7.2     7.1   217.9 -9999.0 U -9999.0 -9999.0 -9999.0
63893 201001  5.101  -87.6226   32.7169    10.1    -1.0     4.6     4.2   132.9 -9999.0 U -9999.0 -9999.0 -9999.0
63893 201002  5.101  -87.6226   32.7169    10.5    -0.5     5.0     5.0   115.3 -9999.0 U -9999.0 -9999.0 -9999.0
63893 201003  5.101  -87.6226   32.7169    16.7     5.2    10.9    10.8   126.3 -9999.0 U -9999.0 -9999.0 -9999.0
63893 201004  5.101  -87.6226   32.7169    25.0    11.0    18.0    18.1    77.6 -9999.0 U -9999.0 -9999.0 -9999.0
63893 201005  5.101  -87.6226   32.7169    28.5    17.4    23.0    22.6   203.3 -9999.0 U -9999.0 -9999.0 -9999.0
63893 201006  5.101  -87.6226   32.7169    33.1    21.5    27.3    26.8    32.5 -9999.0 U -9999.0 -9999.0 -9999.0
63893 201007  5.101  -87.6226   32.7169    33.9    22.9    28.4    27.6   115.7 -9999.0 U -9999.0 -9999.0 -9999.0
63893 201008  5.101  -87.6226   32.7169    33.6    23.2    28.4    27.4   113.6 -9999.0 U -9999.0 -9999.0 -9999.0
63893 201009  5.101  -87.6226   32.7169    32.7    17.8    25.2    24.7    27.6 -9999.0 U -9999.0 -9999.0 -9999.0
63893 201010  5.101  -87.6226   32.7169    26.8     9.5    18.1    17.7    67.0 -9999.0 U -9999.0 -9999.0 -9999.0
63893 201011  5.101  -87.6226   32.7169    20.2     6.6    13.4    12.8   107.3 -9999.0 U -9999.0 -9999.0 -9999.0
63893 201012  5.101  -87.6226   32.7169    11.8    -0.3     5.7     5.4    33.2 -9999.0 U -9999.0 -9999.0 -9999.0
63893 201101  5.101  -87.6226   32.7169    11.2    -0.2     5.5     5.3   112.2 -9999.0 U -9999.0 -9999.0 -9999.0
63893 201102  5.101  -87.6226   32.7169    17.0     3.3    10.2    10.1    89.2 -9999.0 U -9999.0 -9999.0 -9999.0
63893 201103  5.101  -87.6226   32.7169    21.1     8.0    14.5    14.5   313.4 -9999.0 U -9999.0 -9999.0 -9999.0
63893 201104  5.101  -87.6226   32.7169    26.3    12.6    19.5    19.3   115.6 -9999.0 U -9999.0 -9999.0 -9999.0
63893 201105  5.101  -87.6226   32.7169    27.8    14.6    21.2    21.2    31.3 -9999.0 U -9999.0 -9999.0 -9999.0
63893 201106  5.101  -87.6226   32.7169    34.7    21.4    28.1    27.3    42.9 -9999.0 U -9999.0 -9999.0 -9999.0
63893 201107  5.101  -87.6226   32.7169    33.7    22.8    28.2    27.0    92.2 -9999.0 U -9999.0 -9999.0 -9999.0
63893 201108  5.101  -87.6226   32.7169    35.6    21.8    28.7    27.9    38.5 -9999.0 U -9999.0 -9999.0 -9999.0
63893 201109  5.101  -87.6226   32.7169    28.7    16.8    22.7    22.2   212.0 -9999.0 U -9999.0 -9999.0 -9999.0
63893 201110  5.101  -87.6226   32.7169    23.4     8.9    16.2    15.5     8.2 -9999.0 U -9999.0 -9999.0 -9999.0
63893 201111  5.101  -87.6226   32.7169    19.5     7.4    13.5    13.4   139.3 -9999.0 U -9999.0 -9999.0 -9999.0
63893 201112  5.101  -87.6226   32.7169    16.0     4.6    10.3     9.9   133.1 -9999.0 U -9999.0 -9999.0 -9999.0
63893 201201  5.101  -87.6226   32.7169    17.3     4.7    11.0    10.9   171.8 -9999.0 U -9999.0 -9999.0 -9999.0
63893 201202  5.101  -87.6226   32.7169    16.9     6.5    11.7    11.5   119.9 -9999.0 U -9999.0 -9999.0 -9999.0
63893 201203  5.101  -87.6226   32.7169    24.7    12.8    18.7    18.4   186.4 -9999.0 U -9999.0 -9999.0 -9999.0
63893 201204  5.101  -87.6226   32.7169    25.3    11.9    18.6    18.4    16.5 -9999.0 U -9999.0 -9999.0 -9999.0
63893 201205  5.101  -87.6226   32.7169    29.8    16.8    23.3    22.9    79.7 -9999.0 U -9999.0 -9999.0 -9999.0
63893 201206  5.101  -87.6226   32.7169    32.6    19.4    26.0    25.8    30.6 -9999.0 U -9999.0 -9999.0 -9999.0
63893 201207  5.101  -87.6226   32.7169    33.6    22.0    27.8    26.7   122.6 -9999.0 U -9999.0 -9999.0 -9999.0
63893 201208  5.101  -87.6226   32.7169 -9999.0 -9999.0 -9999.0 -9999.0 -9999.0 -9999.0 U -9999.0 -9999.0 -9999.0
63893 201209  5.101  -87.6226   32.7169    28.7    17.2    22.9    22.3   170.2 -9999.0 U -9999.0 -9999.0 -9999.0
63893 201210  5.101  -87.6226   32.7169    23.7     9.9    16.8    16.4    18.8 -9999.0 U -9999.0 -9999.0 -9999.0
63893 201211  5.101  -87.6226   32.7169    19.0     3.4    11.2    10.6    31.6 -9999.0 U -9999.0 -9999.0 -9999.0
63893 201212  5.101  -87.6226   32.7169    17.4     5.7    11.5    11.3   172.7 -9999.0 U -9999.0 -9999.0 -9999.0
63893 201301  5.101  -87.6226   32.7169 -9999.0 -9999.0 -9999.0 -9999.0   210.5 -9999.0 U -9999.0 -9999.0 -9999.0
63893 201302  5.101  -87.6226   32.7169    15.5     2.8     9.2     9.3   229.7 -9999.0 U -9999.0 -9999.0 -9999.0
63893 201303  5.101  -87.6226   32.7169    17.6     3.7    10.6    10.5    96.6 -9999.0 U -9999.0 -9999.0 -9999.0
63893 201304  5.101  -87.6226   32.7169    23.7    11.0    17.4    17.2    98.1 -9999.0 U -9999.0 -9999.0 -9999.0
63893 201305  5.101  -87.6226   32.7169    26.2    14.1    20.1    20.1    87.2 -9999.0 U -9999.0 -9999.0 -9999.0
63893 201306  5.101  -87.6226   32.7169    30.9    20.4    25.7    25.1   155.9 -9999.0 U -9999.0 -9999.0 -9999.0
63893 201307  5.101  -87.6226   32.7169    30.6    21.0    25.8    24.9   185.1 -9999.0 U -9999.0 -9999.0 -9999.0
63893 201308  5.101  -87.6226   32.7169    31.3    20.4    25.9    25.1    65.2 -9999.0 U -9999.0 -9999.0 -9999.0
63893 201309  5.101  -87.6226   32.7169    31.0    17.7    24.3    23.6    42.0 -9999.0 U -9999.0 -9999.0 -9999.0
63893 201310  5.101  -87.6226   32.7169    25.0    12.3    18.6    18.0    70.7 -9999.0 U -9999.0 -9999.0 -9999.0
63893 201311  5.101  -87.6226   32.7169    17.1     4.5    10.8    10.4    94.8 -9999.0 U -9999.0 -9999.0 -9999.0
63893 201312  5.101  -87.6226   32.7169    14.4     3.3     8.8     8.4   227.2 -9999.0 U -9999.0 -9999.0 -9999.0
63893 201401  5.101  -87.6226   32.7169    10.3    -4.1     3.1     3.3    56.8 -9999.0 U -9999.0 -9999.0 -9999.0
63893 201402  5.101  -87.6226   32.7169    15.1     2.1     8.6     8.3   146.5 -9999.0 U -9999.0 -9999.0 -9999.0
63893 201403  5.101  -87.6226   32.7169    19.4     4.6    12.0    11.7   162.7 -9999.0 U -9999.0 -9999.0 -9999.0
63893 201404  5.101  -87.6226   32.7169    23.9    10.9    17.4    17.2   251.2 -9999.0 U -9999.0 -9999.0 -9999.0
63893 201405  5.101  -87.6226   32.7169    28.4    15.0    21.7    21.3   111.4 -9999.0 U -9999.0 -9999.0 -9999.0
63893 201406  5.101  -87.6226   32.7169    31.3    19.9    25.6    24.8   106.3 -9999.0 U -9999.0 -9999.0 -9999.0
63893 201407  5.101  -87.6226   32.7169    31.0    19.1    25.0    24.7    90.2 -9999.0 U -9999.0 -9999.0 -9999.0
63893 201408  5.101  -87.6226   32.7169    33.9    19.7    26.8    25.7    29.4 -9999.0 U -9999.0 -9999.0 -9999.0
63893 201409  5.101  -87.6226   32.7169    31.7    18.4    25.1    24.0    55.5 -9999.0 U -9999.0 -9999.0 -9999.0
63893 201410  5.101  -87.6226   32.7169    26.1    10.9    18.5    17.8    78.3 -9999.0 U -9999.0 -9999.0 -9999.0
63893 201411  5.101  -87.6226   32.7169    16.7     2.1     9.4     9.2    78.6 -9999.0 U -9999.0 -9999.0 -9999.0
63893 201412  5.101  -87.6226   32.7169    15.9     4.3    10.1     9.9   192.9 -9999.0 U -9999.0 -9999.0 -9999.0
63893 201501  5.101  -87.6226   32.7169    13.0     0.2     6.6     6.5   103.1 -9999.0 U -9999.0 -9999.0 -9999.0
63893 201502  5.101  -87.6226   32.7169    11.9    -1.0     5.4     5.3   114.4 -9999.0 U -9999.0 -9999.0 -9999.0
63893 201503  5.101  -87.6226   32.7169    20.2     8.7    14.5    14.3   118.2 -9999.0 U -9999.0 -9999.0 -9999.0
63893 201504  5.101  -87.6226   32.7169    24.4    13.5    18.9    18.8   167.3 -9999.0 U -9999.0 -9999.0 -9999.0
63893 201505  5.101  -87.6226   32.7169    28.2    15.5    21.9    21.5   115.5 -9999.0 U -9999.0 -9999.0 -9999.0
63893 201506  5.101  -87.6226   32.7169    31.5    20.0    25.8    25.1    47.6 -9999.0 U -9999.0 -9999.0 -9999.0
63893 201507  5.101  -87.6226   32.7169    33.0    22.0    27.5    26.8   118.4 -9999.0 U -9999.0 -9999.0 -9999.0
63893 201508  5.101  -87.6226   32.7169    32.7    20.1    26.4    25.7    49.2 -9999.0 U -9999.0 -9999.0 -9999.0
63893 201509  5.101  -87.6226   32.7169    30.4    17.9    24.1    23.5    17.4 -9999.0 U -9999.0 -9999.0 -9999.0
63893 201510  5.101  -87.6226   32.7169    25.1    12.7    18.9    18.7   123.2 -9999.0 U -9999.0 -9999.0 -9999.0
63893 201511  5.101  -87.6226   32.7169    20.5    10.5    15.5    15.1   101.9 -9999.0 U -9999.0 -9999.0 -9999.0
63893 201512  5.101  -87.6226   32.7169    18.9     8.6    13.7    13.6   245.0 -9999.0 U -9999.0 -9999.0 -9999.0
63893 201601  5.101  -87.6226   32.7169    12.2     0.7     6.4     6.4    80.7 -9999.0 U -9999.0 -9999.0 -9999.0
63893 201602  5.101  -87.6226   32.7169    16.6     4.2    10.4    10.1   165.6 -9999.0 U -9999.0 -9999.0 -9999.0
63893 201603  5.101  -87.6226   32.7169 -9999.0 -9999.0 -9999.0 -9999.0 -9999.0 -9999.0 U -9999.0 -9999.0 -9999.0
63893 201604  5.101  -87.6226   32.7169    23.8    11.3    17.5    17.5   102.0 -9999.0 U -9999.0 -9999.0 -9999.0
63893 201605  5.101  -87.6226   32.7169    27.0    14.5    20.8    20.8    98.9 -9999.0 U -9999.0 -9999.0 -9999.0
63893 201606  5.101  -87.6226   32.7169    32.2    20.2    26.2    25.6   135.5 -9999.0 U -9999.0 -9999.0 -9999.0
63893 201607  5.101  -87.6226   32.7169    33.4    22.2    27.8    26.8   127.8 -9999.0 U -9999.0 -9999.0 -9999.0
63893 201608  5.102  -87.6226   32.7169    32.7    22.7    27.7    26.6   119.0 -9999.0 U -9999.0 -9999.0 -9999.0
63893 201609  5.102  -87.6226   32.7169    32.1    19.4    25.7    24.8    51.1 -9999.0 U -9999.0 -9999.0 -9999.0
63893 201610  5.102  -87.6226   32.7169    28.4    12.7    20.6    20.0     0.6 -9999.0 U -9999.0 -9999.0 -9999.0
63893 201611  5.102  -87.6226   32.7169    22.2     6.5    14.3    14.1   116.2 -9999.0 U -9999.0 -9999.0 -9999.0
63893 201612  5.102  -87.6226   32.7169    15.8     5.1    10.4    10.2    70.4 -9999.0 U -9999.0 -9999.0 -9999.0
63893 201701  5.102  -87.6226   32.7169    17.3     6.6    11.9    11.8   178.5 -9999.0 U -9999.0 -9999.0 -9999.0
63893 201702  5.102  -87.6226   32.7169    19.5     7.3    13.4    13.5   100.0 -9999.0 U -9999.0 -9999.0 -9999.0
63893 201703  5.102  -87.6226   32.7169    21.2     8.9    15.1    14.9   119.3 -9999.0 U -9999.0 -9999.0 -9999.0
63893 201704  5.102  -87.6226   32.7169    26.1    12.6    19.3    19.3   165.0 -9999.0 U -9999.0 -9999.0 -9999.0
63893 201705  5.102  -87.6226   32.7169    26.9    14.7    20.8    20.7    99.4 -9999.0 U -9999.0 -9999.0 -9999.0
63893 201706  5.102  -87.6226   32.7169    29.1    19.7    24.4    23.7   500.2 -9999.0 U -9999.0 -9999.0 -9999.0
63893 201707  5.102  -87.6226   32.7169    32.3    21.8    27.1    26.2   118.8 -9999.0 U -9999.0 -9999.0 -9999.0
