03074 200702  1.302 -106.7414   32.6137 -9999.0 -9999.0 -9999.0 -9999.0 -9999.0 -9999.0 U -9999.0 -9999.0 -9999.0
03074 200703  1.302 -106.7414   32.6137    21.3    -0.7    10.3    10.8     2.4    20.7 R    40.0     0.2    14.6
03074 200704  1.302 -106.7414   32.6137    24.2     3.1    13.7    14.7    17.3    24.5 R    43.7     4.0    19.1
03074 200705  1.302 -106.7414   32.6137    27.8     9.6    18.7    19.3    43.3    27.0 R    44.4    10.0    23.2
03074 200706  1.302 -106.7414   32.6137    34.2    12.9    23.6    24.5    11.2    27.8 R    51.0    13.7    28.7
03074 200707  1.302 -106.7414   32.6137    33.4    17.1    25.3    25.3    58.7    24.0 R    48.2    17.5    28.5
03074 200708  1.302 -106.7414   32.6137    33.7    17.4    25.6    25.6    60.8    23.1 R    50.1    18.0    29.4
03074 200709  1.302 -106.7414   32.6137    30.9    13.7    22.3    22.4    38.2    21.1 R    45.1    14.2    25.5
03074 200710  1.302 -106.7414   32.6137    26.7     4.2    15.5    15.9     1.3    19.1 R    39.3     4.9    18.1
03074 200711  1.302 -106.7414   32.6137    20.0    -0.3     9.9     9.6    16.3    12.7 R    27.3     0.1    10.4
03074 200712  1.302 -106.7414   32.6137    13.0    -4.8     4.1     3.6    12.6    12.3 R    17.7    -4.7     3.5
03074 200801  1.302 -106.7414   32.6137    12.4    -6.6     2.9     2.8     3.0    12.9 R    19.9    -6.7     3.3
03074 200802  1.302 -106.7414   32.6137    18.1    -4.8     6.7     7.2     6.1    17.5 R    28.3    -4.5     8.3
03074 200803  1.302 -106.7414   32.6137    20.9    -1.5     9.7    10.7     0.0    22.8 R    36.8    -1.8    13.2
03074 200804  1.302 -106.7414   32.6137    24.9     1.6    13.3    15.0     0.0    27.7 R    45.5     1.0    18.7
03074 200805  1.302 -106.7414   32.6137    29.4     7.7    18.6    19.8     7.5    27.5 R    48.9     7.2    23.8
03074 200806  1.302 -106.7414   32.6137    35.9    14.0    25.0    26.5     0.0    29.0 R    57.4    13.7    31.3
03074 200807  1.302 -106.7414   32.6137    31.7    17.9    24.8    24.1   177.9    22.5 R    45.1    17.9    27.0
03074 200808  1.302 -106.7414   32.6137    31.1    17.0    24.0    23.7    45.4    23.8 R    45.5    17.6    27.3
03074 200809  1.302 -106.7414   32.6137    27.9    11.5    19.7    19.6    52.0    22.1 R    40.7    12.2    22.6
03074 200810  1.302 -106.7414   32.6137    25.3     3.6    14.4    14.4     8.4    18.6 R    36.4     4.3    16.5
03074 200811  1.302 -106.7414   32.6137    18.9    -3.7     7.6     7.5     7.0    14.8 R    26.9    -3.0     8.3
03074 200812  1.302 -106.7414   32.6137    14.9    -4.4     5.2     5.3     8.7    12.7 R    19.9    -4.4     5.0
03074 200901  1.302 -106.7414   32.6137    16.2    -7.3     4.4     4.2     1.1    14.5 R    23.3    -7.2     4.5
03074 200902  1.302 -106.7414   32.6137    18.5    -5.7     6.4     7.0     0.0    17.7 R    30.8    -5.8     8.1
03074 200903  1.302 -106.7414   32.6137    21.5    -0.6    10.4    11.6     0.3    20.8 R    38.8    -0.9    14.5
03074 200904  1.302 -106.7414   32.6137    24.5     3.2    13.8    15.4     0.3    25.6 R    44.5     2.5    19.2
03074 200905  1.302 -106.7414   32.6137    31.0    10.3    20.6    21.8    21.7    26.7 R    52.0    10.1    26.3
03074 200906  1.302 -106.7414   32.6137    32.9    15.4    24.2    24.8    13.4    25.2 R    50.4    14.8    28.2
03074 200907  1.302 -106.7414   32.6137    36.0    19.0    27.5    27.7    41.4    26.5 R    55.2    18.8    32.2
03074 200908  1.302 -106.7414   32.6137    34.6    16.3    25.4    25.7    12.0    23.6 R    53.2    16.1    29.6
03074 200909  1.302 -106.7414   32.6137    29.4    12.5    20.9    20.9    42.2    20.4 R    44.4    12.2    23.6
03074 200910  1.302 -106.7414   32.6137    23.8     6.0    14.9    15.1    18.3    17.2 R    33.9     5.6    16.3
03074 200911  1.302 -106.7414   32.6137    19.4    -2.6     8.4     8.1    40.6    13.9 R    28.0    -2.6     8.7
03074 200912  1.302 -106.7414   32.6137    11.3    -5.2     3.0     2.8    15.9    11.9 R    18.5    -5.1     3.2
03074 201001  1.302 -106.7414   32.6137    11.8    -6.0     2.9     2.4    29.9    12.2 R    19.2    -5.6     3.0
03074 201002  2.402 -106.7414   32.6137    14.1    -3.1     5.5     5.5    15.0    16.1 R    26.0    -2.6     7.5
03074 201003  2.402 -106.7414   32.6137    18.8    -2.0     8.4     8.9     1.4    21.2 R    34.8    -1.4    12.1
03074 201004  2.402 -106.7414   32.6137    24.1     3.7    13.9    14.8     7.4    25.0 R    42.1     4.2    18.9
03074 201005  2.402 -106.7414   32.6137    29.6     6.2    17.9    19.6     0.0    29.2 R    49.0     7.0    24.4
03074 201006  2.402 -106.7414   32.6137    35.8    14.4    25.1    26.2     2.2    28.1 R    56.6    15.1    31.7
03074 201007  2.402 -106.7414   32.6137    33.5    18.0    25.8    25.6    59.1    23.7 R    51.0    18.5    29.8
03074 201008  2.402 -106.7414   32.6137    34.1    17.2    25.6    25.3    34.7    23.8 R    51.3    17.7    29.2
03074 201009  2.402 -106.7414   32.6137    32.1    14.2    23.1    23.3    19.9    22.4 R    48.7    14.8    26.9
03074 201010  2.402 -106.7414   32.6137    26.1     6.4    16.3    16.6     8.5    18.6 R    39.9     6.8    18.7
03074 201011  2.402 -106.7414   32.6137    17.9    -5.1     6.4     7.0     0.0    15.1 R    28.7    -4.6     7.9
03074 201012  2.402 -106.7414   32.6137    16.9    -4.8     6.0     5.7     1.7    12.0 R    24.8    -4.9     5.9
03074 201101  2.402 -106.7414   32.6137    13.9    -9.8     2.0     1.7     0.0    14.1 R    24.2    -9.4     2.9
03074 201102  2.402 -106.7414   32.6137    14.4    -8.3     3.0     3.5     4.4    17.4 R    26.0    -8.4     5.0
03074 201103  2.402 -106.7414   32.6137    23.9     0.1    12.0    13.3     0.0    22.7 R    40.8    -0.5    15.9
03074 201104  2.402 -106.7414   32.6137    27.0     6.1    16.5    17.8     0.0    26.7 R    45.1     4.5    20.9
03074 201105  2.402 -106.7414   32.6137    29.2     7.2    18.2    20.0     0.0    29.4 R    49.2     6.1    24.0
03074 201106  2.402 -106.7414   32.6137    37.1    14.5    25.8    27.5     5.4    29.5 R    56.3    13.4    31.3
03074 201107  2.402 -106.7414   32.6137    35.9    20.0    27.9    28.1    25.7    25.9 R    57.2    18.9    32.4
03074 201108  2.402 -106.7414   32.6137    35.9    19.3    27.6    27.4    59.9    24.2 R    53.9    18.9    31.5
03074 201109  2.402 -106.7414   32.6137    31.5    14.2    22.9    23.1    11.3    21.8 R    49.4    13.7    26.6
03074 201110  2.402 -106.7414   32.6137    26.1     4.0    15.0    15.3     2.6    18.7 R    40.4     3.7    17.4
03074 201111  2.402 -106.7414   32.6137    17.4    -2.0     7.7     7.7     6.6    14.4 R    27.3    -2.7     8.5
03074 201112  2.402 -106.7414   32.6137     8.5    -5.7     1.4     0.8    54.4    10.6 R    12.1    -5.8     0.8
03074 201201  2.402 -106.7414   32.6137    15.5    -4.5     5.5     4.9     9.9    13.8 R    25.0    -5.1     5.3
03074 201202  2.412 -106.7414   32.6137    16.0    -3.6     6.2     6.5     1.5    14.3 C    30.3    -4.8     8.1
03074 201203  2.412 -106.7414   32.6137    22.0    -2.0    10.0    10.8     2.1    18.1 C    38.9    -3.1    13.1
03074 201204  2.412 -106.7414   32.6137    27.4     4.2    15.8    17.3     0.0    21.6 C    47.7     3.2    21.0
03074 201205  2.412 -106.7414   32.6137    30.3     9.2    19.7    20.9    11.6    23.3 C    47.8     7.4    23.9
03074 201206  2.412 -106.7414   32.6137    36.8    13.7    25.3    26.9     0.0    24.3 C    56.5    12.3    30.7
03074 201207  2.412 -106.7414   32.6137    34.1    18.5    26.3    26.3    27.6    20.3 C    52.9    17.3    29.9
03074 201208  2.412 -106.7414   32.6137    35.0    18.2    26.6    27.0    15.0    20.3 C    53.0    17.0    30.6
03074 201209  2.412 -106.7414   32.6137    30.3    13.2    21.7    21.9    17.0    17.2 C    45.9    11.8    24.6
03074 201210  2.412 -106.7414   32.6137    26.9     4.8    15.9    16.3     0.0    15.1 C    40.2     3.1    17.1
03074 201211  2.412 -106.7414   32.6137    20.8    -1.5     9.7     9.6     1.4    11.2 C    31.1    -2.9     9.9
03074 201212  2.412 -106.7414   32.6137    13.9    -5.4     4.3     4.2     8.1     9.1 C    20.3    -7.2     3.4
03074 201301  2.412 -106.7414   32.6137    11.2    -8.1     1.6     1.3     3.9    10.1 C    19.6    -9.4     1.4
03074 201302  2.422 -106.7414   32.6137    14.8    -7.6     3.6     4.1     0.0    15.5 C    27.7    -9.1     5.3
03074 201303  2.422 -106.7414   32.6137    22.2    -0.9    10.6    11.8     0.0    20.7 C    37.9    -2.2    13.9
03074 201304  2.422 -106.7414   32.6137    25.7     4.0    14.9    16.2     0.0    25.5 C    43.2     2.1    19.1
03074 201305  2.422 -106.7414   32.6137    29.3     8.5    18.9    20.6     0.8    27.7 C    49.0     6.8    24.6
03074 201306  2.422 -106.7414   32.6137    37.0    16.7    26.8    28.2    10.6    28.5 C    56.6    15.0    32.4
03074 201307  2.422 -106.7414   32.6137    33.0    19.2    26.1    25.8    83.4    23.8 C    48.9    18.2    29.2
03074 201308  2.422 -106.7414   32.6137    32.6    18.3    25.5    25.4    60.3    23.4 C    47.7    17.4    28.5
03074 201309  2.422 -106.7414   32.6137    28.7    14.0    21.4    21.7    68.9    20.4 C    41.2    13.3    23.6
03074 201310  2.422 -106.7414   32.6137    24.3     2.5    13.4    14.0     1.1    18.8 C    36.0     1.9    15.2
03074 201311  2.422 -106.7414   32.6137    17.4    -1.0     8.2     8.1     4.7    12.8 C    25.7    -1.8     8.6
03074 201312  2.422 -106.7414   32.6137    12.7    -5.9     3.4     3.0     5.3    11.8 C    19.3    -7.4     2.5
03074 201401  2.422 -106.7414   32.6137    15.3    -7.4     4.0     3.7     0.0    13.9 C    23.5    -8.9     3.3
03074 201402  2.422 -106.7414   32.6137    19.6    -1.6     9.0     9.7     0.0    16.4 C    30.5    -3.2     9.8
03074 201403  2.422 -106.7414   32.6137    20.9     1.1    11.0    11.7     8.3    21.4 C    36.0    -0.6    13.6
03074 201404  2.422 -106.7414   32.6137    24.6     3.8    14.2    15.7     0.0    25.5 C    41.7     1.6    18.0
03074 201405  2.422 -106.7414   32.6137    28.9     7.8    18.4    19.9     0.0    27.6 C    46.7     6.0    23.1
03074 201406  2.422 -106.7414   32.6137    36.7    15.4    26.1    27.6     0.9    28.8 C    54.9    13.8    31.0
03074 201407  2.422 -106.7414   32.6137    34.7    19.2    27.0    27.0    48.7    24.6 C    52.4    18.0    30.5
03074 201408  2.422 -106.7414   32.6137    31.2    17.7    24.4    24.2    58.4    21.5 C    45.6    16.7    27.0
03074 201409  2.422 -106.7414   32.6137    28.5    15.4    21.9    21.8    63.9    17.7 C    41.0    14.7    24.0
03074 201410  2.422 -106.7414   32.6137    26.1     6.3    16.2    16.5    14.9    17.4 C    37.1     5.7    17.8
03074 201411  2.422 -106.7414   32.6137    17.9    -0.9     8.5     8.5     9.4    13.2 C    25.7    -2.3     8.2
03074 201412  2.422 -106.7414   32.6137    14.6    -3.0     5.8     5.8     8.2    10.6 C    20.6    -4.2     5.2
03074 201501  2.422 -106.7414   32.6137    11.8    -4.1     3.8     3.1    46.7    10.0 C    17.1    -4.7     3.4
03074 201502  2.422 -106.7414   32.6137    18.8    -1.8     8.5     8.3     2.0    15.8 C    31.8    -2.7    10.1
03074 201503  2.422 -106.7414   32.6137    21.4     2.3    11.8    12.4     7.1    17.8 C    38.0     1.1    14.8
03074 201504  2.422 -106.7414   32.6137    24.1     3.9    14.0    15.3     5.2    23.2 C    41.3     2.3    18.1
03074 201505  2.422 -106.7414   32.6137    27.7     8.0    17.8    19.0    42.2    26.2 C    43.9     6.5    21.7
03074 201506  2.422 -106.7414   32.6137    34.7    16.8    25.8    26.6     2.3    25.3 C    53.9    15.6    30.7
03074 201507  2.422 -106.7414   32.6137    33.7    18.7    26.2    25.8   107.4    24.1 C    51.1    18.0    30.0
03074 201508  2.422 -106.7414   32.6137    34.9    18.8    26.8    26.7    36.5    23.3 C    51.9    18.0    30.4
03074 201509  2.422 -106.7414   32.6137    31.7    15.3    23.5    23.6     1.7    17.9 C    47.4    14.5    26.6
03074 201510  2.422 -106.7414   32.6137    24.9     9.1    17.0    16.9    35.3    14.8 C    35.3     7.6    17.8
03074 201511  2.422 -106.7414   32.6137    17.7     0.3     9.0     8.8    15.2    13.1 C    23.5    -1.1     8.4
03074 201512  2.422 -106.7414   32.6137    13.0    -3.7     4.6     4.0    14.5    11.2 C    16.5    -5.1     2.8
03074 201601  2.422 -106.7414   32.6137    12.5    -5.3     3.6     3.7     4.7    12.8 C    19.4    -6.4     3.4
03074 201602  2.422 -106.7414   32.6137    19.3    -4.7     7.3     7.2     1.5    18.0 C    30.5    -5.8     8.1
03074 201603  2.422 -106.7414   32.6137    22.8     0.5    11.6    12.7     0.0    21.8 C    36.8    -1.2    13.9
03074 201604  2.422 -106.7414   32.6137    24.3     4.6    14.4    15.5     6.2    25.4 C    40.8     2.5    17.8
03074 201605  2.422 -106.7414   32.6137    28.4     9.0    18.7    19.9     7.7    28.1 C    45.0     6.7    22.4
03074 201606  2.422 -106.7414   32.6137    35.3    16.4    25.8    26.8     7.1    27.2 C    52.6    14.5    30.1
03074 201607  2.422 -106.7414   32.6137    37.3    18.8    28.1    28.8     4.6    26.5 C    56.1    17.4    32.6
03074 201608  2.422 -106.7414   32.6137    32.2    17.2    24.7    24.5    49.6    23.8 C    49.2    16.0    27.9
03074 201609  2.422 -106.7414   32.6137    29.8    14.4    22.1    22.2    43.2    19.9 C    43.0    13.1    24.1
03074 201610  2.422 -106.7414   32.6137    28.1     8.8    18.4    18.6     0.2    18.2 C    39.7     7.0    19.3
03074 201611  2.422 -106.7414   32.6137    18.5     2.2    10.3    10.5    23.2    12.5 C    27.3     0.2    10.3
03074 201612  2.422 -106.7414   32.6137    14.5    -1.0     6.7     6.6    25.7    10.1 C    21.0    -3.3     5.8
03074 201701  2.422 -106.7414   32.6137    13.3    -0.7     6.3     6.1    48.3    11.8 C    18.4    -3.1     4.9
03074 201702  2.422 -106.7414   32.6137    18.6     0.8     9.7     9.7    13.8    16.0 C    26.9    -1.2     9.4
03074 201703  2.422 -106.7414   32.6137    24.1     2.6    13.3    14.0     0.9    20.9 C    38.4     1.2    15.7
03074 201704  2.422 -106.7414   32.6137    25.8     4.7    15.3    16.6     2.8    25.1 C    42.6     3.2    19.5
03074 201705  2.422 -106.7414   32.6137    29.0     8.7    18.9    20.2     7.7    28.1 C    47.3     7.2    24.0
03074 201706  2.422 -106.7414   32.6137    35.7    16.0    25.8    26.6    37.1    27.8 C    52.8    14.6    30.1
03074 201707  2.422 -106.7414   32.6137    33.6    19.0    26.3    26.1    70.2    24.7 C    51.2    17.9    29.9
