94060 200112  1.001 -105.1018   48.3082 -9999.0 -9999.0 -9999.0 -9999.0 -9999.0 -9999.0 U -9999.0 -9999.0 -9999.0
94060 200201  1.001 -105.1018   48.3082 -9999.0 -9999.0 -9999.0 -9999.0 -9999.0     5.2 R -9999.0 -9999.0   -10.3
94060 200202  1.001 -105.1018   48.3082     3.3   -11.0    -3.8    -4.3 -9999.0     9.3 R -9999.0 -9999.0    -5.2
94060 200203  1.002 -105.1018   48.3082 -9999.0 -9999.0 -9999.0 -9999.0 -9999.0    10.8 R -9999.0 -9999.0    -9.1
94060 200204  1.001 -105.1018   48.3082     9.5    -5.2     2.2     2.4 -9999.0    11.2 R -9999.0 -9999.0     6.0
94060 200205  1.001 -105.1018   48.3082    16.4     0.0     8.2     9.3 -9999.0    23.1 R -9999.0 -9999.0    13.3
94060 200206  1.001 -105.1018   48.3082    24.5     9.9    17.2    17.6 -9999.0    21.1 R -9999.0 -9999.0    21.8
94060 200207  1.002 -105.1018   48.3082    30.4    13.4    21.9    22.2 -9999.0    23.7 R -9999.0 -9999.0    27.5
94060 200208  1.002 -105.1018   48.3082    24.7    10.1    17.4    17.4 -9999.0    17.1 R -9999.0 -9999.0    19.9
94060 200209  1.002 -105.1018   48.3082    22.8     5.0    13.9    13.9    24.7    15.4 R -9999.0 -9999.0    15.8
94060 200210  1.002 -105.1018   48.3082     6.6    -7.3    -0.3    -0.2 -9999.0     9.0 R -9999.0 -9999.0     0.4
94060 200211  1.003 -105.1018   48.3082     6.5    -7.7    -0.6    -0.8 -9999.0     5.6 R -9999.0 -9999.0    -1.5
94060 200212  1.003 -105.1018   48.3082     0.9   -12.7    -5.9    -5.8     1.7     4.2 R -9999.0 -9999.0    -7.0
94060 200301  1.003 -105.1018   48.3082    -3.4   -17.0   -10.2    -9.8     8.8     4.6 R -9999.0 -9999.0   -10.6
94060 200302  1.003 -105.1018   48.3082    -4.2   -17.7   -10.9   -10.8     3.8     8.2 R -9999.0 -9999.0   -11.2
94060 200303  1.003 -105.1018   48.3082     2.7   -12.4    -4.9    -4.4    17.4    14.4 R -9999.0 -9999.0    -4.1
94060 200304  1.003 -105.1018   48.3082    15.1     0.8     8.0     7.9    21.5    17.4 R -9999.0 -9999.0     9.6
94060 200305  1.003 -105.1018   48.3082    18.6     4.1    11.4    12.1    75.6    19.5 R -9999.0 -9999.0    14.5
94060 200306  1.003 -105.1018   48.3082    23.0     8.3    15.7    16.2    61.8    21.3 R -9999.0 -9999.0    19.5
94060 200307  1.003 -105.1018   48.3082    31.0    11.9    21.4    22.1    43.0    26.1 R -9999.0 -9999.0    27.4
94060 200308  1.003 -105.1018   48.3082    32.1    13.9    23.0    23.7    17.8    21.7 R -9999.0 -9999.0    28.0
94060 200309  1.003 -105.1018   48.3082    21.7     3.1    12.4    12.6     8.2    14.2 R -9999.0 -9999.0    15.2
94060 200310  1.003 -105.1018   48.3082    17.0    -0.4     8.3     7.9    18.3    10.0 R -9999.0 -9999.0     8.6
94060 200311  1.200 -105.1018   48.3082    -4.3   -16.9   -10.6   -10.0     5.7     7.0 R -9999.0 -9999.0   -11.6
94060 200312  1.200 -105.1018   48.3082    -3.3   -15.9    -9.6    -9.0    12.3     4.4 R -9999.0 -9999.0   -10.6
94060 200401  1.200 -105.1018   48.3082    -9.6   -20.7   -15.1   -15.1    17.3     5.3 R -9999.0 -9999.0   -15.8
94060 200402  1.200 -105.1018   48.3082    -5.9   -17.1   -11.5   -11.1     3.7     9.1 R -9999.0 -9999.0   -12.4
94060 200403  1.200 -105.1018   48.3082     6.1    -6.6    -0.3    -0.1     9.8    15.4 R -9999.0 -9999.0    -1.3
94060 200404  1.200 -105.1018   48.3082    15.0    -2.4     6.3     6.7    12.8    18.9 R -9999.0 -9999.0     8.8
94060 200405  1.200 -105.1018   48.3082    16.9     1.8     9.3    10.0    74.4    19.9 R -9999.0 -9999.0    11.8
94060 200406  1.200 -105.1018   48.3082    21.2     5.4    13.3    14.4    47.0    23.1 R -9999.0 -9999.0    16.6
94060 200407  1.200 -105.1018   48.3082    27.1    10.5    18.8    19.3    58.2    23.3 R -9999.0 -9999.0    21.8
94060 200408  1.200 -105.1018   48.3082    24.7     8.5    16.6    16.5    47.5    19.1 R -9999.0 -9999.0    18.6
94060 200409  1.201 -105.1018   48.3082    22.8     3.2    13.0    13.2    10.9    15.2 R -9999.0 -9999.0    15.2
94060 200410  1.201 -105.1018   48.3082    12.5    -3.7     4.4     4.7    16.6     8.4 R -9999.0 -9999.0     5.3
94060 200411  1.201 -105.1018   48.3082     7.3   -10.1    -1.4    -1.5    26.9     6.1 R -9999.0 -9999.0    -2.2
94060 200412  1.201 -105.1018   48.3082     0.2   -13.2    -6.5    -6.3    27.2     3.2 R -9999.0 -9999.0    -7.1
94060 200501  1.201 -105.1018   48.3082    -7.9   -22.7   -15.3   -15.2    43.9     5.4 R -9999.0 -9999.0   -16.2
94060 200502  1.201 -105.1018   48.3082     3.0   -12.8    -4.9    -5.2    20.8     9.2 R -9999.0 -9999.0    -4.8
94060 200503  1.201 -105.1018   48.3082     6.8    -6.8     0.0     0.3    31.7    11.9 R -9999.0 -9999.0     1.0
94060 200504  1.201 -105.1018   48.3082    16.7    -1.0     7.9     8.4    24.8    18.8 R -9999.0 -9999.0    10.8
94060 200505  1.201 -105.1018   48.3082    17.8     2.7    10.3    10.8    95.0    19.0 R -9999.0 -9999.0    12.8
94060 200506  1.201 -105.1018   48.3082    23.9    10.8    17.3    17.5   110.6    21.7 R -9999.0 -9999.0    19.9
94060 200507  1.201 -105.1018   48.3082    29.8    11.6    20.7    21.1    64.6    24.7 R -9999.0 -9999.0    24.4
94060 200508  1.201 -105.1018   48.3082    28.1     9.3    18.7    19.0    36.5    21.2 R -9999.0 -9999.0    22.0
94060 200509  1.201 -105.1018   48.3082    24.0     3.8    13.9    14.3     0.8    15.9 R -9999.0 -9999.0    16.8
94060 200510  1.201 -105.1018   48.3082    14.9    -2.9     6.0     6.2    10.3     9.3 R -9999.0 -9999.0     6.9
94060 200511  1.201 -105.1018   48.3082     5.8    -6.1    -0.2     0.0    20.4     5.2 R -9999.0 -9999.0    -0.3
94060 200512  1.201 -105.1018   48.3082    -3.2   -14.7    -8.9    -8.6     9.4     4.0 R -9999.0 -9999.0    -9.4
94060 200601  1.201 -105.1018   48.3082     3.0   -10.2    -3.6    -3.2    13.1     4.3 R -9999.0 -9999.0    -4.0
94060 200602  1.201 -105.1018   48.3082    -1.4   -14.3    -7.8    -7.2    11.3     7.9 R -9999.0 -9999.0    -6.9
94060 200603  1.201 -105.1018   48.3082     3.3    -7.9    -2.3    -2.2    22.6    12.6 R -9999.0 -9999.0    -1.4
94060 200604  1.201 -105.1018   48.3082    16.8    -0.3     8.3     8.7    44.3    18.5 R -9999.0 -9999.0    10.1
94060 200605  1.201 -105.1018   48.3082    21.5     5.1    13.3    13.7    27.7    22.6 R -9999.0 -9999.0    16.2
94060 200606  1.201 -105.1018   48.3082    26.0     8.8    17.4    18.5    48.3    24.1 R -9999.0 -9999.0    21.8
94060 200607  1.301 -105.1018   48.3082    33.4    12.6    23.0    24.0    23.7    26.0 R -9999.0 -9999.0    28.4
94060 200608  1.301 -105.1018   48.3082    30.0    10.6    20.3    20.7    19.1    20.4 R    50.2     9.6    24.4
94060 200609  1.301 -105.1018   48.3082    21.1     4.3    12.7    12.9    51.2    13.9 R    34.9     4.1    15.1
94060 200610  1.301 -105.1018   48.3082    10.0    -3.8     3.1     3.0    30.2     9.5 R    15.9    -4.7     3.1
94060 200611  1.301 -105.1018   48.3082     4.2   -10.2    -3.0    -3.0     2.4     5.3 R     6.6   -11.5    -3.7
94060 200612  1.301 -105.1018   48.3082     0.6   -14.4    -6.9    -6.7     7.6     3.9 R     1.3   -16.3    -8.0
94060 200701  1.301 -105.1018   48.3082    -1.4   -16.1    -8.8    -8.2     2.2     5.7 R     1.3   -17.7    -9.1
94060 200702  1.301 -105.1018   48.3082    -5.3   -16.8   -11.0   -10.5    13.8     7.4 R    -0.2   -18.3   -10.2
94060 200703  1.301 -105.1018   48.3082    10.1    -5.5     2.3     1.9    11.2    13.2 R    18.1    -6.8     2.5
94060 200704  1.301 -105.1018   48.3082    12.7    -3.2     4.8     5.4    20.4    19.1 R    28.6    -4.4     7.8
94060 200705  1.301 -105.1018   48.3082    19.6     4.7    12.2    12.8   150.5    18.8 R    34.2     4.7    15.5
94060 200706  1.301 -105.1018   48.3082    24.7     9.4    17.1    17.8    55.2    24.9 R    40.3     9.9    21.2
94060 200707  1.302 -105.1018   48.3082    33.0    14.5    23.8    24.3    20.8    24.0 R    50.0    14.7    28.2
94060 200708  1.302 -105.1018   48.3082    29.1    11.2    20.1    20.1    43.1    21.9 R    44.3    11.3    23.2
94060 200709  1.302 -105.1018   48.3082    21.9     4.1    13.0    13.3    46.9    15.2 R    30.5     4.2    14.5
94060 200710  1.302 -105.1018   48.3082    14.7    -1.2     6.7     6.9    34.3     9.6 R    20.2    -1.3     7.3
94060 200711  1.302 -105.1018   48.3082     5.6    -9.6    -2.0    -1.8     4.8     5.6 R    10.7    -9.8    -1.8
94060 200712  1.302 -105.1018   48.3082    -1.8   -18.6   -10.2   -10.1     3.8     4.3 R     3.0   -19.3   -10.4
94060 200801  1.302 -105.1018   48.3082    -3.4   -20.1   -11.7   -11.9     2.3     5.4 R     2.2   -20.5   -12.1
94060 200802  1.302 -105.1018   48.3082    -2.2   -17.9   -10.1    -9.8     5.2     7.9 R     3.5   -17.9    -9.2
94060 200803  1.302 -105.1018   48.3082     6.9    -9.8    -1.5    -1.0     9.8    13.5 R    15.9    -9.7     0.3
94060 200804  1.302 -105.1018   48.3082    13.6    -5.4     4.1     4.8     7.4    18.7 R    24.3    -5.6     6.7
94060 200805  1.302 -105.1018   48.3082    19.1     3.2    11.1    11.8    49.1    20.5 R    29.6     3.0    13.6
94060 200806  1.302 -105.1018   48.3082    23.6     6.7    15.2    15.9    61.8    22.6 R    34.8     6.9    18.2
94060 200807  1.302 -105.1018   48.3082    30.2    11.4    20.8    21.3    65.9    24.8 R    41.4    11.6    24.0
94060 200808  1.302 -105.1018   48.3082    29.4    10.6    20.0    20.7    22.8    21.6 R    41.3    10.7    23.1
94060 200809  2.302 -105.1018   48.3082    21.8     3.0    12.4    12.4    25.8    14.3 R    32.1     2.9    13.7
94060 200810  2.302 -105.1018   48.3082    14.4    -2.7     5.9     6.1    32.5    10.1 R    20.8    -3.2     6.2
94060 200811  2.302 -105.1018   48.3082     6.7    -7.0    -0.1    -0.3    18.7     4.9 R    10.0    -7.4    -0.5
94060 200812  2.302 -105.1018   48.3082    -8.8   -21.3   -15.1   -14.5    22.9     3.9 R    -7.9   -22.3   -14.9
94060 200901  2.302 -105.1018   48.3082    -6.1   -19.4   -12.7   -12.6    11.3     5.6 R    -6.0   -20.7   -13.4
94060 200902  2.302 -105.1018   48.3082    -6.5   -17.3   -11.9   -11.6     2.6    10.0 R    -4.6   -18.3   -11.5
94060 200903  2.302 -105.1018   48.3082     0.7   -12.2    -5.8    -5.6     3.5    14.1 R     6.0   -12.6    -4.8
94060 200904  2.302 -105.1018   48.3082    12.6    -2.0     5.3     5.1    57.3    16.6 R    24.5    -2.6     7.0
94060 200905  2.302 -105.1018   48.3082    19.8     1.0    10.4    11.5     9.9    22.5 R    32.2     0.8    14.0
94060 200906  2.302 -105.1018   48.3082    24.4     6.1    15.2    16.3    33.2    23.4 R    38.9     6.3    19.7
94060 200907  2.302 -105.1018   48.3082    26.1    10.5    18.3    18.6   118.8    24.2 R    41.7    10.9    22.3
94060 200908  2.302 -105.1018   48.3082    26.1     9.3    17.7    18.1    73.6    20.1 R    37.7     9.4    20.3
94060 200909  2.302 -105.1018   48.3082    27.1     6.5    16.8    16.9    11.7    16.8 R    36.1     6.5    18.0
94060 200910  2.302 -105.1018   48.3082     7.6    -2.5     2.5     2.6    21.9     6.2 R    17.5    -2.5     3.3
94060 200911  2.302 -105.1018   48.3082    10.4    -8.5     0.9     0.3     0.6     6.4 R    13.5    -8.9    -0.4
94060 200912  2.302 -105.1018   48.3082    -9.9   -22.5   -16.2   -15.9     7.7     3.6 R    -7.4   -23.2   -15.8
94060 201001  2.302 -105.1018   48.3082    -6.8   -17.3   -12.1   -11.7    11.9     5.1 R    -4.0   -18.6   -12.3
94060 201002  2.302 -105.1018   48.3082    -8.5   -19.7   -14.1   -13.2     3.9     9.4 R    -5.5   -21.0   -12.9
94060 201003  2.302 -105.1018   48.3082     6.2    -6.8    -0.3    -0.3     1.1    13.1 R    15.1    -7.2     0.8
94060 201004  2.302 -105.1018   48.3082    15.3    -2.2     6.5     7.3    12.1    17.0 R    29.2    -2.9     9.2
94060 201005  2.402 -105.1018   48.3082    16.8     2.7     9.7    10.1    93.2    18.4 R    31.3     2.6    12.3
94060 201006  2.402 -105.1018   48.3082    23.7     9.4    16.6    17.1    64.2    24.3 R    37.9     9.9    20.6
94060 201007  2.402 -105.1018   48.3082    28.4    11.0    19.7    20.1    48.2    25.6 R    48.7    11.8    25.0
94060 201008  2.402 -105.1018   48.3082    28.2    11.3    19.8    19.8    65.1    21.3 R    44.3    11.9    23.2
94060 201009  2.402 -105.1018   48.3082    20.1     4.5    12.3    12.5    19.2    13.5 R    32.5     4.7    14.1
94060 201010  2.402 -105.1018   48.3082    17.2    -1.8     7.7     7.4    24.1    11.1 R    27.0    -2.0     8.2
94060 201011  2.402 -105.1018   48.3082     2.5   -10.7    -4.1    -4.1 -9999.0     6.1 R     9.4   -10.8    -3.9
94060 201012  2.402 -105.1018   48.3082    -7.8   -19.6   -13.7   -12.9 -9999.0     4.5 R    -3.4   -20.9   -13.4
94060 201101  2.402 -105.1018   48.3082    -7.5   -18.7   -13.1   -12.7 -9999.0     5.6 R    -0.7   -19.7   -13.2
94060 201102  2.402 -105.1018   48.3082    -7.5   -19.8   -13.6   -13.1 -9999.0    10.6 R    -0.7   -21.3   -13.8
94060 201103  2.402 -105.1018   48.3082    -3.3   -12.1    -7.7    -7.4 -9999.0    14.7 R     2.1   -12.9    -7.4
94060 201104  2.402 -105.1018   48.3082    10.3    -2.8     3.8     4.1 -9999.0    17.5 R    21.3    -2.9     5.5
94060 201105  2.402 -105.1018   48.3082    16.6     3.6    10.1    10.6   157.9    17.2 R    27.9     3.3    12.2
94060 201106  2.402 -105.1018   48.3082    22.2     9.3    15.7    16.1   133.1    22.8 R    35.2     9.5    18.9
94060 201107  2.402 -105.1018   48.3082    28.6    12.8    20.7    21.2    45.8    26.5 R    42.6    13.6    24.8
94060 201108  2.402 -105.1018   48.3082    28.9    10.9    19.9    20.1    24.4    21.2 R    42.1    11.7    22.8
94060 201109  2.402 -105.1018   48.3082    24.7     3.9    14.3    14.4    26.3    17.6 R    36.5     4.9    16.5
94060 201110  2.402 -105.1018   48.3082    16.8    -1.0     7.9     7.9    10.7    10.3 R    22.5    -0.8     8.4
94060 201111  2.402 -105.1018   48.3082     4.9   -10.6    -2.8    -3.0    11.1     6.2 R     6.2   -11.0    -3.5
94060 201112  2.402 -105.1018   48.3082     0.6   -11.8    -5.6    -5.0     3.1     4.3 R     0.0   -13.0    -6.1
94060 201201  2.402 -105.1018   48.3082     0.3   -14.3    -7.0    -6.4     3.0     4.9 R     1.3   -15.0    -7.2
94060 201202  2.402 -105.1018   48.3082     0.5   -14.3    -6.9    -6.7     5.4     8.3 R     6.2   -14.4    -6.1
94060 201203  2.402 -105.1018   48.3082    13.7    -3.9     4.9     5.0     3.1    14.6 R    21.6    -4.3     6.0
94060 201204  2.402 -105.1018   48.3082    15.6    -1.1     7.2     7.6    37.4    17.6 R    28.0    -1.0    10.0
94060 201205  2.402 -105.1018   48.3082    19.3     3.5    11.4    11.8    43.1    21.0 R    33.1     3.9    14.9
94060 201206  2.412 -105.1018   48.3082    25.2     9.4    17.3    17.7   100.5    24.7 R    38.2     9.8    20.6
94060 201207  2.412 -105.1018   48.3082    31.9    14.2    23.1    23.5    52.9    24.4 C    44.7    15.1    27.5
94060 201208  2.412 -105.1018   48.3082    30.0     9.7    19.9    20.5     7.1    20.0 C    44.1    10.4    24.1
94060 201209  2.412 -105.1018   48.3082    25.1     3.1    14.1    14.5     0.0    16.4 C    37.5     3.8    17.6
94060 201210  2.412 -105.1018   48.3082    10.6    -2.8     3.9     4.1    35.9     8.0 C    15.8    -2.1     5.5
94060 201211  2.412 -105.1018   48.3082     1.2    -9.6    -4.2    -4.2    14.9     4.3 C     2.1    -9.5    -4.2
94060 201212  2.412 -105.1018   48.3082    -5.7   -17.3   -11.5   -10.7     9.1     3.3 C    -5.1   -18.0   -10.7
94060 201301  2.412 -105.1018   48.3082    -5.1   -17.6   -11.3   -10.8    11.1     4.8 C    -5.0   -18.4   -11.2
94060 201302  2.412 -105.1018   48.3082    -0.8   -11.4    -6.1    -5.6     2.0     8.3 C     1.0   -10.8    -4.9
94060 201303  2.412 -105.1018   48.3082    -2.8   -15.5    -9.1    -8.4    46.6    14.1 C    -0.6   -16.1    -7.9
94060 201304  2.412 -105.1018   48.3082     7.2    -4.6     1.3     1.5    21.7    17.4 C    15.6    -4.1     3.7
94060 201305  2.412 -105.1018   48.3082    20.5     4.9    12.7    13.3   148.0    20.4 C    30.4     4.8    15.7
94060 201306  2.412 -105.1018   48.3082    23.2     9.3    16.3    16.7   104.8    23.1 C    30.9    10.2    19.0
94060 201307  2.422 -105.1018   48.3082    26.4    11.6    19.0    19.3    35.2    23.9 C    37.6    12.2    22.4
94060 201308  2.422 -105.1018   48.3082    28.5    11.8    20.2    19.9    60.0    19.6 C    39.3    12.1    22.1
94060 201309  2.422 -105.1018   48.3082    24.2     8.1    16.2    16.2    34.8    14.4 C    30.6     8.0    16.9
94060 201310  2.422 -105.1018   48.3082    12.6    -3.2     4.7     4.7     7.8     9.4 C    18.1    -3.2     5.3
94060 201311  2.422 -105.1018   48.3082     3.7   -11.8    -4.0    -3.9     8.8     6.2 C     5.1   -12.4    -4.6
94060 201312  2.422 -105.1018   48.3082    -7.5   -20.8   -14.2   -13.8    15.9     3.6 C    -7.6   -22.7   -14.8
94060 201401  2.422 -105.1018   48.3082    -1.7   -15.6    -8.6    -8.8     2.8     5.2 C    -3.4   -16.9    -9.7
94060 201402  2.422 -105.1018   48.3082    -5.7   -20.0   -12.9   -12.6     3.4     8.9 C    -3.0   -19.7   -12.1
94060 201403  2.422 -105.1018   48.3082     2.8   -10.9    -4.1    -4.0    12.6    12.1 C     8.0   -10.9    -2.9
94060 201404  2.422 -105.1018   48.3082    12.4    -3.4     4.5     4.6    28.9    16.2 C    22.7    -4.2     6.3
94060 201405  2.422 -105.1018   48.3082    19.9     3.1    11.5    12.1    45.3    21.9 C    32.6     3.2    14.9
94060 201406  2.422 -105.1018   48.3082    22.8     8.1    15.4    15.8    64.2    21.4 C    37.3     8.3    19.3
94060 201407  2.422 -105.1018   48.3082    29.6    10.2    19.9    20.4    36.4    25.6 C    47.7    10.5    25.4
94060 201408  2.422 -105.1018   48.3082    27.5    12.2    19.9    19.8    80.3    16.6 C    42.0    12.1    22.8
94060 201409  2.422 -105.1018   48.3082    21.5     4.1    12.8    12.8    18.2    14.7 C    30.0     4.1    14.0
94060 201410  2.422 -105.1018   48.3082    16.0    -0.8     7.6     7.6     2.1     9.0 C    21.2    -1.9     7.4
94060 201411  2.422 -105.1018   48.3082    -0.3   -14.8    -7.6    -6.9    11.7     5.1 C     0.4   -16.8    -7.9
94060 201412  2.422 -105.1018   48.3082    -2.2   -14.2    -8.2    -7.8     3.5     3.3 C    -3.4   -16.1    -9.4
94060 201501  2.422 -105.1018   48.3082    -2.3   -15.1    -8.7    -8.3    12.4     5.2 C    -3.4   -16.9   -10.0
94060 201502  2.422 -105.1018   48.3082    -3.0   -16.6    -9.8    -9.2    11.5     7.6 C    -1.6   -16.5    -9.0
94060 201503  2.422 -105.1018   48.3082    10.4    -5.5     2.5     2.2    32.2    13.4 C    17.5    -5.9     2.6
94060 201504  2.422 -105.1018   48.3082    15.0    -2.4     6.3     7.0     9.7    18.7 C    30.1    -3.1     9.6
94060 201505  2.422 -105.1018   48.3082    19.1     1.1    10.1    11.0    19.4    22.7 C    39.3     1.1    16.5
94060 201506  2.422 -105.1018   48.3082    26.7     9.7    18.2    18.6    49.6    24.5 C    48.0    10.1    24.4
94060 201507  2.422 -105.1018   48.3082    29.4    12.2    20.8    21.1    74.2    23.6 C    49.2    12.6    26.4
94060 201508  2.422 -105.1018   48.3082    29.7     9.8    19.8    20.4    28.1    19.5 C    46.9     9.5    24.2
94060 201509  2.422 -105.1018   48.3082    24.3     5.1    14.7    14.8    21.0    15.2 C    37.7     4.7    16.9
94060 201510  2.422 -105.1018   48.3082    16.4     0.2     8.3     8.1    29.0     9.1 C    22.4    -0.3     8.2
94060 201511  2.422 -105.1018   48.3082     5.8    -8.8    -1.5    -1.7     8.2     5.6 C     7.5    -9.2    -2.8
94060 201512  2.422 -105.1018   48.3082    -0.8   -12.8    -6.8    -6.6    11.3     3.8 C    -1.1   -14.9    -8.1
94060 201601  2.422 -105.1018   48.3082    -3.7   -16.1    -9.9    -9.4     5.5     5.0 C    -4.6   -17.0   -10.6
94060 201602  2.422 -105.1018   48.3082     4.1    -8.0    -1.9    -1.8    13.9     6.8 C     4.5    -7.6    -2.2
94060 201603  2.422 -105.1018   48.3082    10.0    -4.6     2.7     2.4     9.2    10.9 C    18.2    -5.4     3.2
94060 201604  2.422 -105.1018   48.3082    15.0    -1.5     6.7     7.1    46.5    16.1 C    26.3    -2.0     9.4
94060 201605  2.422 -105.1018   48.3082    21.2     3.9    12.5    13.2    50.2    21.0 C    36.3     4.2    17.0
94060 201606  2.422 -105.1018   48.3082    26.3     9.8    18.0    18.8    73.1    25.6 C    44.9    10.3    24.0
94060 201607  2.422 -105.1018   48.3082    28.0    12.4    20.2    20.4    60.0    21.8 C    45.8    12.9    25.0
94060 201608  2.422 -105.1018   48.3082    29.4     9.9    19.6    20.1    16.3    20.6 C    48.9    10.3    25.0
94060 201609  2.422 -105.1018   48.3082    22.0     6.0    14.0    14.2    51.7    11.9 C    31.7     6.2    15.9
94060 201610  2.422 -105.1018   48.3082    13.0     0.6     6.8     6.5    55.3     6.6 C    15.6     0.6     6.7
94060 201611  2.422 -105.1018   48.3082    10.0    -4.7     2.6     2.5     4.2     5.2 C    10.4    -4.3     1.7
94060 201612  2.422 -105.1018   48.3082    -7.5   -19.3   -13.4   -12.5    18.8     4.0 C    -8.3   -22.3   -14.2
94060 201701  2.422 -105.1018   48.3082    -7.3   -17.9   -12.6   -12.5     7.3     5.9 C    -8.8   -20.2   -14.3
94060 201702  2.422 -105.1018   48.3082    -1.0   -12.0    -6.5    -6.3    19.3     8.2 C    -1.3   -13.4    -7.2
94060 201703  2.422 -105.1018   48.3082     5.7    -6.6    -0.4    -0.7    16.7    12.3 C     8.8    -7.7    -0.9
94060 201704  2.422 -105.1018   48.3082    13.7    -1.4     6.1     6.6    14.6    15.7 C    22.6    -1.8     8.2
94060 201705  2.422 -105.1018   48.3082    22.1     2.5    12.3    13.5     7.3    22.8 C    38.1     2.6    17.2
94060 201706  2.422 -105.1018   48.3082    26.9     8.1    17.5    18.6    12.0    23.8 C    45.3     8.2    23.4
94060 201707  2.422 -105.1018   48.3082    33.4    14.1    23.7    24.4     9.0    24.6 C    53.6    13.5    30.2
