63896 200608  5.001  -85.9998   34.6941 -9999.0 -9999.0 -9999.0 -9999.0 -9999.0 -9999.0 U -9999.0 -9999.0 -9999.0
63896 200609  5.001  -85.9998   34.6941    27.6    13.5    20.6    20.1   124.8 -9999.0 U -9999.0 -9999.0 -9999.0
63896 200610  5.001  -85.9998   34.6941    21.2     7.0    14.1    13.6   142.2 -9999.0 U -9999.0 -9999.0 -9999.0
63896 200611  5.001  -85.9998   34.6941    16.7     2.5     9.6     8.9    91.2 -9999.0 U -9999.0 -9999.0 -9999.0
63896 200612  5.001  -85.9998   34.6941    14.3    -0.7     6.8     6.1    92.1 -9999.0 U -9999.0 -9999.0 -9999.0
63896 200701  5.001  -85.9998   34.6941    11.3    -0.3     5.5     5.6    58.7 -9999.0 U -9999.0 -9999.0 -9999.0
63896 200702  5.001  -85.9998   34.6941    11.4    -2.9     4.3     4.2    62.5 -9999.0 U -9999.0 -9999.0 -9999.0
63896 200703  5.001  -85.9998   34.6941    22.0     5.7    13.9    13.6    34.9 -9999.0 U -9999.0 -9999.0 -9999.0
63896 200704  5.001  -85.9998   34.6941    20.7     6.0    13.4    13.3    97.4 -9999.0 U -9999.0 -9999.0 -9999.0
63896 200705  5.001  -85.9998   34.6941    28.3    11.7    20.0    19.8    43.2 -9999.0 U -9999.0 -9999.0 -9999.0
63896 200706  5.001  -85.9998   34.6941    32.3    16.6    24.5    24.0    88.5 -9999.0 U -9999.0 -9999.0 -9999.0
63896 200707  5.001  -85.9998   34.6941    29.6    19.3    24.4    23.7   121.8 -9999.0 U -9999.0 -9999.0 -9999.0
63896 200708  5.001  -85.9998   34.6941    36.0    20.6    28.3    27.2    17.5 -9999.0 U -9999.0 -9999.0 -9999.0
63896 200709  5.001  -85.9998   34.6941    30.9    15.4    23.2    22.3    60.7 -9999.0 U -9999.0 -9999.0 -9999.0
63896 200710  5.001  -85.9998   34.6941    25.2    10.2    17.7    17.2    31.4 -9999.0 U -9999.0 -9999.0 -9999.0
63896 200711  5.001  -85.9998   34.6941    17.7     1.3     9.5     8.8    99.8 -9999.0 U -9999.0 -9999.0 -9999.0
63896 200712  5.001  -85.9998   34.6941    14.8     2.3     8.5     8.4    70.6 -9999.0 U -9999.0 -9999.0 -9999.0
63896 200801  5.001  -85.9998   34.6941     9.9    -2.2     3.8     3.8    93.4 -9999.0 U -9999.0 -9999.0 -9999.0
63896 200802  5.001  -85.9998   34.6941    13.7    -0.1     6.8     6.6   133.3 -9999.0 U -9999.0 -9999.0 -9999.0
63896 200803  5.001  -85.9998   34.6941    17.8     3.2    10.5    10.5   142.9 -9999.0 U -9999.0 -9999.0 -9999.0
63896 200804  5.001  -85.9998   34.6941    21.9     8.7    15.3    15.2    87.1 -9999.0 U -9999.0 -9999.0 -9999.0
63896 200805  5.001  -85.9998   34.6941    25.6    12.7    19.1    19.1    81.9 -9999.0 U -9999.0 -9999.0 -9999.0
63896 200806  5.001  -85.9998   34.6941    31.3    17.4    24.4    23.8    22.3 -9999.0 U -9999.0 -9999.0 -9999.0
63896 200807  5.001  -85.9998   34.6941    32.4    18.6    25.5    24.6    61.2 -9999.0 U -9999.0 -9999.0 -9999.0
63896 200808  6.001  -85.9998   34.6941    31.7    18.2    25.0    24.3   155.0 -9999.0 U -9999.0 -9999.0 -9999.0
63896 200809  6.001  -85.9998   34.6941    28.4    15.8    22.1    21.6    20.5 -9999.0 U -9999.0 -9999.0 -9999.0
63896 200810  6.001  -85.9998   34.6941    22.1     7.6    14.9    14.1    52.8 -9999.0 U -9999.0 -9999.0 -9999.0
63896 200811  6.001  -85.9998   34.6941    14.9     0.3     7.6     7.0    73.8 -9999.0 U -9999.0 -9999.0 -9999.0
63896 200812  6.001  -85.9998   34.6941    12.4     1.2     6.8     6.7   249.3 -9999.0 U -9999.0 -9999.0 -9999.0
63896 200901  6.001  -85.9998   34.6941    10.2    -2.2     4.0     3.7   159.4 -9999.0 U -9999.0 -9999.0 -9999.0
63896 200902  6.001  -85.9998   34.6941    13.8    -1.5     6.2     6.1    95.9 -9999.0 U -9999.0 -9999.0 -9999.0
63896 200903  6.001  -85.9998   34.6941    18.1     4.7    11.4    11.3   139.6 -9999.0 U -9999.0 -9999.0 -9999.0
63896 200904  6.001  -85.9998   34.6941    22.0     7.2    14.6    14.6    65.2 -9999.0 U -9999.0 -9999.0 -9999.0
63896 200905  6.101  -85.9998   34.6941    25.0    15.0    20.0    19.8   182.2 -9999.0 U -9999.0 -9999.0 -9999.0
63896 200906  6.101  -85.9998   34.6941    31.3    18.1    24.7    24.2    58.3 -9999.0 U -9999.0 -9999.0 -9999.0
63896 200907  6.101  -85.9998   34.6941    29.8    18.0    23.9    23.6   142.2 -9999.0 U -9999.0 -9999.0 -9999.0
63896 200908  6.101  -85.9998   34.6941    30.2    18.8    24.5    23.8    70.7 -9999.0 U -9999.0 -9999.0 -9999.0
63896 200909  6.101  -85.9998   34.6941    27.0    17.4    22.2    21.4   117.1 -9999.0 U -9999.0 -9999.0 -9999.0
63896 200910  6.101  -85.9998   34.6941    20.3     9.0    14.7    14.5   198.9 -9999.0 U -9999.0 -9999.0 -9999.0
63896 200911  6.101  -85.9998   34.6941    17.9     2.9    10.4     9.4    78.4 -9999.0 U -9999.0 -9999.0 -9999.0
63896 200912  6.101  -85.9998   34.6941    10.0    -0.4     4.8     4.6   172.7 -9999.0 U -9999.0 -9999.0 -9999.0
63896 201001  6.101  -85.9998   34.6941     7.0    -3.9     1.5     1.3   136.5 -9999.0 U -9999.0 -9999.0 -9999.0
63896 201002  6.101  -85.9998   34.6941     7.7    -2.5     2.6     2.4    94.8 -9999.0 U -9999.0 -9999.0 -9999.0
63896 201003  6.101  -85.9998   34.6941    15.0     2.6     8.8     8.6   105.7 -9999.0 U -9999.0 -9999.0 -9999.0
63896 201004  6.101  -85.9998   34.6941    24.7     7.5    16.1    16.0    78.7 -9999.0 U -9999.0 -9999.0 -9999.0
63896 201005  6.101  -85.9998   34.6941    27.3    14.9    21.1    20.7   156.2 -9999.0 U -9999.0 -9999.0 -9999.0
63896 201006  6.101  -85.9998   34.6941    31.5    20.0    25.8    25.1    49.2 -9999.0 U -9999.0 -9999.0 -9999.0
63896 201007  6.101  -85.9998   34.6941    32.9    20.8    26.8    26.0   141.0 -9999.0 U -9999.0 -9999.0 -9999.0
63896 201008  6.101  -85.9998   34.6941    32.8    21.3    27.1    26.0 -9999.0 -9999.0 U -9999.0 -9999.0 -9999.0
63896 201009  6.101  -85.9998   34.6941    30.6    14.3    22.5    21.5    27.7 -9999.0 U -9999.0 -9999.0 -9999.0
63896 201010  6.101  -85.9998   34.6941    24.8     5.7    15.2    14.5    66.9 -9999.0 U -9999.0 -9999.0 -9999.0
63896 201011  6.101  -85.9998   34.6941    18.2     2.8    10.5     9.7   173.7 -9999.0 U -9999.0 -9999.0 -9999.0
63896 201012  6.101  -85.9998   34.6941     7.1    -3.5     1.8     1.5    38.0 -9999.0 U -9999.0 -9999.0 -9999.0
63896 201101  6.101  -85.9998   34.6941     8.1    -3.0     2.6     2.3   112.9 -9999.0 U -9999.0 -9999.0 -9999.0
63896 201102  6.101  -85.9998   34.6941    15.2     0.6     7.9     7.7    49.4 -9999.0 U -9999.0 -9999.0 -9999.0
63896 201103  6.101  -85.9998   34.6941    17.6     5.3    11.5    11.3   288.2 -9999.0 U -9999.0 -9999.0 -9999.0
63896 201104  6.101  -85.9998   34.6941    24.2     9.5    16.8    16.9   249.1 -9999.0 U -9999.0 -9999.0 -9999.0
63896 201105  6.101  -85.9998   34.6941    26.1    12.5    19.3    19.1    71.0 -9999.0 U -9999.0 -9999.0 -9999.0
63896 201106  6.101  -85.9998   34.6941    31.9    18.3    25.1    24.3   105.4 -9999.0 U -9999.0 -9999.0 -9999.0
63896 201107  6.101  -85.9998   34.6941    32.1    21.0    26.5    25.8    75.1 -9999.0 U -9999.0 -9999.0 -9999.0
63896 201108  6.101  -85.9998   34.6941    32.9    18.9    25.9    25.0    53.8 -9999.0 U -9999.0 -9999.0 -9999.0
63896 201109  6.101  -85.9998   34.6941    26.1    14.0    20.1    19.5   306.6 -9999.0 U -9999.0 -9999.0 -9999.0
63896 201110  6.101  -85.9998   34.6941    21.6     6.3    14.0    13.0    33.3 -9999.0 U -9999.0 -9999.0 -9999.0
63896 201111  6.101  -85.9998   34.6941    17.4     4.2    10.8    10.8   180.1 -9999.0 U -9999.0 -9999.0 -9999.0
63896 201112  6.101  -85.9998   34.6941    13.9     1.6     7.7     7.3   170.9 -9999.0 U -9999.0 -9999.0 -9999.0
63896 201201  6.101  -85.9998   34.6941    14.0     1.1     7.5     7.3   259.9 -9999.0 U -9999.0 -9999.0 -9999.0
63896 201202  6.101  -85.9998   34.6941    15.1     1.7     8.4     8.5    88.1 -9999.0 U -9999.0 -9999.0 -9999.0
63896 201203  6.101  -85.9998   34.6941    23.3     8.8    16.1    16.1    91.2 -9999.0 U -9999.0 -9999.0 -9999.0
63896 201204  6.101  -85.9998   34.6941    23.8     9.4    16.6    16.3    18.9 -9999.0 U -9999.0 -9999.0 -9999.0
63896 201205  6.101  -85.9998   34.6941    28.2    14.8    21.5    20.9    67.5 -9999.0 U -9999.0 -9999.0 -9999.0
63896 201206  6.101  -85.9998   34.6941    30.3    16.2    23.2    23.0   141.4 -9999.0 U -9999.0 -9999.0 -9999.0
63896 201207  6.101  -85.9998   34.6941    32.4    20.9    26.6    25.8   200.8 -9999.0 U -9999.0 -9999.0 -9999.0
63896 201208  6.101  -85.9998   34.6941    30.2    18.4    24.3    23.5    80.9 -9999.0 U -9999.0 -9999.0 -9999.0
63896 201209  6.101  -85.9998   34.6941    27.2    13.9    20.6    19.9   160.8 -9999.0 U -9999.0 -9999.0 -9999.0
63896 201210  6.101  -85.9998   34.6941    21.1     8.2    14.6    14.1    75.6 -9999.0 U -9999.0 -9999.0 -9999.0
63896 201211  6.101  -85.9998   34.6941    16.7     0.1     8.4     7.6    50.8 -9999.0 U -9999.0 -9999.0 -9999.0
63896 201212  6.101  -85.9998   34.6941    14.4     2.9     8.6     8.1   152.8 -9999.0 U -9999.0 -9999.0 -9999.0
63896 201301  6.101  -85.9998   34.6941    11.7     1.7     6.7     6.5   260.5 -9999.0 U -9999.0 -9999.0 -9999.0
63896 201302  6.101  -85.9998   34.6941    11.7     0.2     5.9     5.8   107.7 -9999.0 U -9999.0 -9999.0 -9999.0
63896 201303  6.101  -85.9998   34.6941    14.0     1.6     7.8     7.8   136.4 -9999.0 U -9999.0 -9999.0 -9999.0
63896 201304  6.101  -85.9998   34.6941    22.0     8.1    15.0    14.7   129.4 -9999.0 U -9999.0 -9999.0 -9999.0
63896 201305  6.101  -85.9998   34.6941    24.8    12.2    18.5    18.5   110.7 -9999.0 U -9999.0 -9999.0 -9999.0
63896 201306  6.101  -85.9998   34.6941    29.6    18.2    23.9    23.4   148.3 -9999.0 U -9999.0 -9999.0 -9999.0
63896 201307  6.101  -85.9998   34.6941    29.1    19.7    24.4    23.7   219.7 -9999.0 U -9999.0 -9999.0 -9999.0
63896 201308  6.101  -85.9998   34.6941    29.1    19.2    24.2    23.3    28.0 -9999.0 U -9999.0 -9999.0 -9999.0
63896 201309  6.101  -85.9998   34.6941    28.4    15.5    21.9    21.1    76.6 -9999.0 U -9999.0 -9999.0 -9999.0
63896 201310  6.101  -85.9998   34.6941    23.0     9.4    16.2    15.5    18.6 -9999.0 U -9999.0 -9999.0 -9999.0
63896 201311  6.101  -85.9998   34.6941    14.6     1.2     7.9     7.8   102.9 -9999.0 U -9999.0 -9999.0 -9999.0
63896 201312  6.101  -85.9998   34.6941    11.7     0.9     6.3     5.8   191.9 -9999.0 U -9999.0 -9999.0 -9999.0
63896 201401  6.101  -85.9998   34.6941     6.9    -6.8     0.1     0.0    56.7 -9999.0 U -9999.0 -9999.0 -9999.0
63896 201402  6.101  -85.9998   34.6941    11.9    -1.3     5.3     5.3   155.2 -9999.0 U -9999.0 -9999.0 -9999.0
63896 201403  6.101  -85.9998   34.6941    16.9     1.9     9.4     9.2    78.0 -9999.0 U -9999.0 -9999.0 -9999.0
63896 201404  6.101  -85.9998   34.6941    23.0     8.2    15.6    15.6   126.7 -9999.0 U -9999.0 -9999.0 -9999.0
63896 201405  6.101  -85.9998   34.6941    26.5    12.9    19.7    19.5    66.0 -9999.0 U -9999.0 -9999.0 -9999.0
63896 201406  6.101  -85.9998   34.6941    29.3    19.0    24.2    23.4   145.0 -9999.0 U -9999.0 -9999.0 -9999.0
63896 201407  6.101  -85.9998   34.6941    28.9    17.9    23.4    23.2   142.5 -9999.0 U -9999.0 -9999.0 -9999.0
63896 201408  6.101  -85.9998   34.6941    30.5    18.6    24.5    23.5   156.1 -9999.0 U -9999.0 -9999.0 -9999.0
63896 201409  6.101  -85.9998   34.6941    28.5    17.2    22.8    21.9    53.4 -9999.0 U -9999.0 -9999.0 -9999.0
63896 201410  6.101  -85.9998   34.6941    23.4    10.0    16.7    15.7   190.1 -9999.0 U -9999.0 -9999.0 -9999.0
63896 201411  6.101  -85.9998   34.6941    13.9    -0.3     6.8     6.4    63.4 -9999.0 U -9999.0 -9999.0 -9999.0
63896 201412  6.101  -85.9998   34.6941    12.2     2.2     7.2     7.0   119.1 -9999.0 U -9999.0 -9999.0 -9999.0
63896 201501  6.101  -85.9998   34.6941     9.4    -2.4     3.5     3.4   110.0 -9999.0 U -9999.0 -9999.0 -9999.0
63896 201502  6.101  -85.9998   34.6941     7.7    -4.4     1.6     1.3    95.4 -9999.0 U -9999.0 -9999.0 -9999.0
63896 201503  6.101  -85.9998   34.6941    18.0     5.2    11.6    11.4   110.1 -9999.0 U -9999.0 -9999.0 -9999.0
63896 201504  6.101  -85.9998   34.6941    23.1    10.0    16.5    16.6   162.9 -9999.0 U -9999.0 -9999.0 -9999.0
63896 201505  6.101  -85.9998   34.6941    27.7    13.7    20.7    20.3   125.1 -9999.0 U -9999.0 -9999.0 -9999.0
63896 201506  6.101  -85.9998   34.6941    31.1    18.6    24.9    24.4    47.6 -9999.0 U -9999.0 -9999.0 -9999.0
63896 201507  6.101  -85.9998   34.6941    31.5    20.6    26.0    25.3   126.8 -9999.0 U -9999.0 -9999.0 -9999.0
63896 201508  6.101  -85.9998   34.6941    30.0    18.4    24.2    23.3   155.9 -9999.0 U -9999.0 -9999.0 -9999.0
63896 201509  6.101  -85.9998   34.6941    27.9    15.7    21.8    21.0    28.2 -9999.0 U -9999.0 -9999.0 -9999.0
63896 201510  6.101  -85.9998   34.6941    22.7     9.5    16.1    15.4    84.0 -9999.0 U -9999.0 -9999.0 -9999.0
63896 201511  6.101  -85.9998   34.6941    18.9     7.6    13.2    12.9   136.2 -9999.0 U -9999.0 -9999.0 -9999.0
63896 201512  6.101  -85.9998   34.6941    17.3     6.1    11.7    11.3   347.5 -9999.0 U -9999.0 -9999.0 -9999.0
63896 201601  6.101  -85.9998   34.6941     9.3    -2.6     3.4     3.1    93.6 -9999.0 U -9999.0 -9999.0 -9999.0
63896 201602  6.101  -85.9998   34.6941    13.1     1.3     7.2     7.1   181.1 -9999.0 U -9999.0 -9999.0 -9999.0
63896 201603  6.101  -85.9998   34.6941    20.3     6.1    13.2    13.4   113.2 -9999.0 U -9999.0 -9999.0 -9999.0
63896 201604  6.101  -85.9998   34.6941    23.4     8.5    15.9    15.9    49.6 -9999.0 U -9999.0 -9999.0 -9999.0
63896 201605  6.101  -85.9998   34.6941    26.6    12.7    19.6    19.5    26.1 -9999.0 U -9999.0 -9999.0 -9999.0
63896 201606  6.101  -85.9998   34.6941    32.5    17.9    25.2    24.7    53.9 -9999.0 U -9999.0 -9999.0 -9999.0
63896 201607  6.101  -85.9998   34.6941    33.5    20.9    27.2    26.3    96.9 -9999.0 U -9999.0 -9999.0 -9999.0
63896 201608  6.101  -85.9998   34.6941    32.8    20.9    26.8    25.9    72.5 -9999.0 U -9999.0 -9999.0 -9999.0
63896 201609  6.101  -85.9998   34.6941    32.0    16.6    24.3    23.6    31.9 -9999.0 U -9999.0 -9999.0 -9999.0
63896 201610  6.101  -85.9998   34.6941    27.9     9.3    18.6    17.9     2.4 -9999.0 U -9999.0 -9999.0 -9999.0
63896 201611  6.101  -85.9998   34.6941    21.2     2.5    11.8    11.3   155.6 -9999.0 U -9999.0 -9999.0 -9999.0
63896 201612  6.101  -85.9998   34.6941    12.9     1.2     7.1     6.9   135.4 -9999.0 U -9999.0 -9999.0 -9999.0
63896 201701  6.101  -85.9998   34.6941    14.6     3.9     9.2     9.1   199.3 -9999.0 U -9999.0 -9999.0 -9999.0
63896 201702  6.101  -85.9998   34.6941    16.7     3.5    10.1    10.2    92.0 -9999.0 U -9999.0 -9999.0 -9999.0
63896 201703  6.101  -85.9998   34.6941    18.8     5.1    12.0    11.9   141.9 -9999.0 U -9999.0 -9999.0 -9999.0
63896 201704  6.101  -85.9998   34.6941    25.5    11.1    18.3    17.9   117.2 -9999.0 U -9999.0 -9999.0 -9999.0
63896 201705  6.101  -85.9998   34.6941    26.3    13.2    19.8    19.6   132.0 -9999.0 U -9999.0 -9999.0 -9999.0
63896 201706  6.101  -85.9998   34.6941    29.0    17.7    23.3    22.9   183.3 -9999.0 U -9999.0 -9999.0 -9999.0
63896 201707  6.101  -85.9998   34.6941    31.4    20.6    26.0    25.0   200.1 -9999.0 U -9999.0 -9999.0 -9999.0
