53010 201008  6.101 -109.6165   38.1402 -9999.0 -9999.0 -9999.0 -9999.0 -9999.0 -9999.0 U -9999.0 -9999.0 -9999.0
53010 201009  6.101 -109.6165   38.1402    29.5    11.6    20.5    21.4     9.8 -9999.0 U -9999.0 -9999.0 -9999.0
53010 201010  6.101 -109.6165   38.1402    20.2     5.3    12.7    12.8    29.2 -9999.0 U -9999.0 -9999.0 -9999.0
53010 201011  6.101 -109.6165   38.1402    10.1    -3.1     3.5     3.7    12.2 -9999.0 U -9999.0 -9999.0 -9999.0
53010 201012  6.101 -109.6165   38.1402     7.8    -3.0     2.4     2.4    12.2 -9999.0 U -9999.0 -9999.0 -9999.0
53010 201101  6.101 -109.6165   38.1402     1.8   -10.2    -4.2    -4.0     3.3 -9999.0 U -9999.0 -9999.0 -9999.0
53010 201102  6.101 -109.6165   38.1402     6.9    -7.3    -0.2     0.4     5.6 -9999.0 U -9999.0 -9999.0 -9999.0
53010 201103  6.101 -109.6165   38.1402    15.4    -0.3     7.6     8.3     3.1 -9999.0 U -9999.0 -9999.0 -9999.0
53010 201104  6.101 -109.6165   38.1402    17.7     2.5    10.1    10.8    33.6 -9999.0 U -9999.0 -9999.0 -9999.0
53010 201105  6.101 -109.6165   38.1402    22.1     6.4    14.2    15.1    12.9 -9999.0 U -9999.0 -9999.0 -9999.0
53010 201106  6.101 -109.6165   38.1402    31.3    13.7    22.5    23.7    10.5 -9999.0 U -9999.0 -9999.0 -9999.0
53010 201107  6.101 -109.6165   38.1402    33.4    18.0    25.7    25.9    40.1 -9999.0 U -9999.0 -9999.0 -9999.0
53010 201108  6.101 -109.6165   38.1402    34.5    17.8    26.2    26.7    13.2 -9999.0 U -9999.0 -9999.0 -9999.0
53010 201109  6.101 -109.6165   38.1402    27.5    12.6    20.0    20.3    45.2 -9999.0 U -9999.0 -9999.0 -9999.0
53010 201110  6.101 -109.6165   38.1402    19.4     4.5    11.9    12.3    11.4 -9999.0 U -9999.0 -9999.0 -9999.0
53010 201111  6.101 -109.6165   38.1402    11.4    -1.4     5.0     5.0    19.2 -9999.0 U -9999.0 -9999.0 -9999.0
53010 201112  6.101 -109.6165   38.1402     4.1    -7.8    -1.8    -2.0     5.5 -9999.0 U -9999.0 -9999.0 -9999.0
53010 201201  6.101 -109.6165   38.1402     7.0    -7.3    -0.1     0.1     6.3 -9999.0 U -9999.0 -9999.0 -9999.0
53010 201202  6.101 -109.6165   38.1402     7.5    -5.1     1.2     1.6    23.4 -9999.0 U -9999.0 -9999.0 -9999.0
53010 201203  6.101 -109.6165   38.1402    16.4     0.5     8.5     9.2     9.6 -9999.0 U -9999.0 -9999.0 -9999.0
53010 201204  6.101 -109.6165   38.1402    21.4     4.4    12.9    13.8     2.3 -9999.0 U -9999.0 -9999.0 -9999.0
53010 201205  6.101 -109.6165   38.1402    27.3     9.7    18.5    19.8     0.0 -9999.0 U -9999.0 -9999.0 -9999.0
53010 201206  6.101 -109.6165   38.1402    34.4    15.9    25.2    26.6     0.0 -9999.0 U -9999.0 -9999.0 -9999.0
53010 201207  6.101 -109.6165   38.1402    33.6    19.3    26.5    26.7    22.6 -9999.0 U -9999.0 -9999.0 -9999.0
53010 201208  6.101 -109.6165   38.1402    33.4    18.8    26.1    26.3    37.6 -9999.0 U -9999.0 -9999.0 -9999.0
53010 201209  6.101 -109.6165   38.1402    28.1    12.2    20.1    20.4    27.3 -9999.0 U -9999.0 -9999.0 -9999.0
53010 201210  6.101 -109.6165   38.1402    21.1     4.9    13.0    13.4     5.4 -9999.0 U -9999.0 -9999.0 -9999.0
53010 201211  6.101 -109.6165   38.1402    14.4    -1.3     6.6     6.7     3.0 -9999.0 U -9999.0 -9999.0 -9999.0
53010 201212  6.101 -109.6165   38.1402     4.8    -6.7    -0.9    -0.5    10.4 -9999.0 U -9999.0 -9999.0 -9999.0
53010 201301  6.101 -109.6165   38.1402    -0.1   -13.2    -6.7    -6.7    15.3 -9999.0 U -9999.0 -9999.0 -9999.0
53010 201302  6.101 -109.6165   38.1402     5.8    -6.6    -0.4    -0.2    12.6 -9999.0 U -9999.0 -9999.0 -9999.0
53010 201303  6.101 -109.6165   38.1402    15.6    -0.7     7.4     8.1     2.6 -9999.0 U -9999.0 -9999.0 -9999.0
53010 201304  6.101 -109.6165   38.1402    18.0     2.6    10.3    11.0    12.7 -9999.0 U -9999.0 -9999.0 -9999.0
53010 201305  6.101 -109.6165   38.1402    24.6     9.3    16.9    17.7    21.3 -9999.0 U -9999.0 -9999.0 -9999.0
53010 201306  6.101 -109.6165   38.1402    34.2    15.9    25.0    26.4     0.0 -9999.0 U -9999.0 -9999.0 -9999.0
53010 201307  6.101 -109.6165   38.1402    35.1    19.9    27.5    27.8    11.0 -9999.0 U -9999.0 -9999.0 -9999.0
53010 201308  6.101 -109.6165   38.1402    31.0    18.1    24.5    24.7    56.7 -9999.0 U -9999.0 -9999.0 -9999.0
53010 201309  6.101 -109.6165   38.1402    26.6    13.4    20.0    20.2    77.8 -9999.0 U -9999.0 -9999.0 -9999.0
53010 201310  6.101 -109.6165   38.1402    17.4     3.3    10.4    10.7    20.8 -9999.0 U -9999.0 -9999.0 -9999.0
53010 201311  6.101 -109.6165   38.1402     9.9    -1.0     4.4     4.9    32.5 -9999.0 U -9999.0 -9999.0 -9999.0
53010 201312  6.101 -109.6165   38.1402    -0.1   -11.1    -5.6    -5.6    14.8 -9999.0 U -9999.0 -9999.0 -9999.0
53010 201401  6.101 -109.6165   38.1402     6.0    -6.3    -0.2    -0.5    13.0 -9999.0 U -9999.0 -9999.0 -9999.0
53010 201402  6.101 -109.6165   38.1402    11.4    -2.2     4.6     4.9     4.1 -9999.0 U -9999.0 -9999.0 -9999.0
53010 201403  6.101 -109.6165   38.1402    15.4    -0.2     7.6     8.2     5.5 -9999.0 U -9999.0 -9999.0 -9999.0
53010 201404  6.101 -109.6165   38.1402    18.3     4.1    11.2    11.8    26.8 -9999.0 U -9999.0 -9999.0 -9999.0
53010 201405  6.101 -109.6165   38.1402    23.8     9.0    16.4    17.2    24.4 -9999.0 U -9999.0 -9999.0 -9999.0
53010 201406  6.101 -109.6165   38.1402 -9999.0 -9999.0 -9999.0 -9999.0 -9999.0 -9999.0 U -9999.0 -9999.0 -9999.0
