93243 200403  1.201 -120.8825   37.2381 -9999.0 -9999.0 -9999.0 -9999.0 -9999.0 -9999.0 U -9999.0 -9999.0 -9999.0
93243 200404  1.201 -120.8825   37.2381    25.1     4.9    15.0    15.4     1.2    23.9 R -9999.0 -9999.0    19.8
93243 200405  1.201 -120.8825   37.2381    28.5     6.6    17.6    18.3     3.7    27.9 R -9999.0 -9999.0    24.6
93243 200406  1.201 -120.8825   37.2381    32.6     9.1    20.8    21.4     0.0    29.5 R -9999.0 -9999.0    24.8
93243 200407  1.201 -120.8825   37.2381    34.7    11.8    23.2    23.6     0.0    28.6 R -9999.0 -9999.0    28.4
93243 200408  1.201 -120.8825   37.2381    33.9    11.2    22.6    22.8     0.0    25.6 R -9999.0 -9999.0    28.4
93243 200409  1.201 -120.8825   37.2381    31.4     9.6    20.5    20.4     5.7    21.6 R -9999.0 -9999.0    23.8
93243 200410  1.201 -120.8825   37.2381    23.5     7.2    15.4    15.3    45.8    14.3 R -9999.0 -9999.0    16.9
93243 200411  1.201 -120.8825   37.2381    15.2     3.2     9.2     9.4    30.7     8.7 R -9999.0 -9999.0     9.7
93243 200412  1.201 -120.8825   37.2381    11.4     2.3     6.9     6.9    74.0     5.7 R -9999.0 -9999.0     7.1
93243 200501  1.201 -120.8825   37.2381    10.6     4.3     7.5     7.4    62.3     5.1 R -9999.0 -9999.0     7.8
93243 200502  1.201 -120.8825   37.2381    16.1     5.9    11.0    10.9   109.6    10.6 R -9999.0 -9999.0    11.0
93243 200503  1.201 -120.8825   37.2381    19.0     7.3    13.2    13.0    51.7    16.5 R -9999.0 -9999.0    12.6
93243 200504  1.201 -120.8825   37.2381    20.7     5.8    13.2    13.2    14.0    22.2 R -9999.0 -9999.0    12.6
93243 200505  1.201 -120.8825   37.2381 -9999.0 -9999.0 -9999.0 -9999.0     6.8    25.2 R -9999.0 -9999.0    19.2
93243 200506  1.201 -120.8825   37.2381    29.8     8.9    19.3    19.9     4.6    29.3 R -9999.0 -9999.0    22.3
93243 200507  1.201 -120.8825   37.2381    36.5    13.7    25.1    25.6     0.2    29.1 R -9999.0 -9999.0    28.6
93243 200508  1.201 -120.8825   37.2381    35.2    12.3    23.8    23.8     3.3    26.1 R -9999.0 -9999.0    26.5
93243 200509  1.201 -120.8825   37.2381    30.3     8.0    19.1    18.9    10.5    22.3 R -9999.0 -9999.0    20.9
93243 200510  1.201 -120.8825   37.2381    25.8     6.8    16.3    16.0     2.2    16.8 R -9999.0 -9999.0    17.0
93243 200511  1.201 -120.8825   37.2381    20.4     3.2    11.8    11.5     5.4    10.6 R -9999.0 -9999.0    11.8
93243 200512  1.201 -120.8825   37.2381    14.3     3.3     8.8     8.8    65.2     5.7 R -9999.0 -9999.0     8.8
93243 200601  1.201 -120.8825   37.2381    14.0     2.1     8.1     7.8    56.1     8.4 R -9999.0 -9999.0     6.9
93243 200602  1.201 -120.8825   37.2381    17.4     1.1     9.3     9.0    17.7    13.1 R -9999.0 -9999.0     7.7
93243 200603  1.201 -120.8825   37.2381    15.8     3.0     9.4     9.5    78.8    14.9 R -9999.0 -9999.0     9.1
93243 200604  1.201 -120.8825   37.2381    20.2     6.9    13.6    13.5    40.6    18.8 R -9999.0 -9999.0    14.3
93243 200605  1.301 -120.8825   37.2381    28.3     8.1    18.2    18.6    27.7    27.4 R -9999.0 -9999.0    22.4
93243 200606  1.301 -120.8825   37.2381    33.8    11.6    22.7    23.1     1.2    29.6 R    59.5     7.8    28.5
93243 200607  1.301 -120.8825   37.2381    37.2    14.2    25.7    26.2     0.0    28.5 R    64.4    10.8    32.2
93243 200608  1.301 -120.8825   37.2381    33.5    10.1    21.8    21.9     0.0    26.8 R    60.6     6.7    27.6
93243 200609  1.301 -120.8825   37.2381    31.0     8.8    19.9    19.8     0.0    21.5 R    53.9     5.2    23.2
93243 200610  1.301 -120.8825   37.2381    24.5     5.1    14.8    14.5     2.3    15.6 R    44.3     1.3    16.1
93243 200611  1.301 -120.8825   37.2381    18.0     4.3    11.1    11.0    10.9     8.8 R    29.1     1.2    11.2
93243 200612  1.301 -120.8825   37.2381    13.9    -0.6     6.7     6.3    24.9     7.6 R    23.6    -3.1     5.7
93243 200701  1.301 -120.8825   37.2381    13.6    -3.2     5.2     4.7    12.9    10.2 R    25.6    -6.2     4.2
93243 200702  1.301 -120.8825   37.2381    16.2     3.1     9.7     9.6    37.7    11.2 R    27.6     1.4    10.4
93243 200703  1.301 -120.8825   37.2381    23.2     4.7    14.0    13.7     6.6    19.5 R    42.2     1.9    16.0
93243 200704  1.301 -120.8825   37.2381    24.4     5.1    14.7    15.2    13.2    22.4 R    48.7     2.3    19.3
93243 200705  1.301 -120.8825   37.2381    29.7     7.1    18.4    18.9     0.9    28.2 R    59.0     4.4    25.8
93243 200706  1.302 -120.8825   37.2381    33.1     9.0    21.1    21.8     0.0    30.0 R    55.6     7.2    27.6
93243 200707  1.302 -120.8825   37.2381    34.4    11.6    23.0    23.6     0.0    28.8 R    51.5    10.5    28.7
93243 200708  1.302 -120.8825   37.2381    34.5    11.7    23.1    23.3     0.0    26.6 R    50.9    10.7    27.9
93243 200709  1.302 -120.8825   37.2381    29.0     9.3    19.2    19.1    12.5    20.8 R    43.4     8.2    22.3
93243 200710  1.302 -120.8825   37.2381    24.2     6.5    15.3    15.2     9.9    16.1 R    38.1     5.2    17.5
93243 200711  1.302 -120.8825   37.2381    20.4     3.1    11.7    11.3     7.7    11.4 R    29.9     1.9    12.3
93243 200712  1.302 -120.8825   37.2381    12.9    -0.1     6.4     6.3    23.3     8.3 R    18.8    -0.9     6.9
93243 200801  1.302 -120.8825   37.2381    12.1     1.7     6.9     6.7    95.9     6.6 R    15.9     1.3     7.0
93243 200802  1.302 -120.8825   37.2381    15.9     1.7     8.8     8.9    48.3    12.7 R    20.8     1.2     9.4
93243 200803  1.302 -120.8825   37.2381    19.6     2.4    11.0    11.4     0.0    19.8 R    25.5     1.7    12.5
93243 200804  1.302 -120.8825   37.2381    23.7     2.1    12.9    13.4     0.6    25.0 R    31.4     1.4    15.2
93243 200805  1.302 -120.8825   37.2381    28.4     7.9    18.1    18.6     1.0    27.1 R    36.9     7.2    21.1
93243 200806  1.302 -120.8825   37.2381    33.4     9.1    21.2    22.1     0.0    30.4 R    42.8     8.4    25.1
93243 200807  1.302 -120.8825   37.2381    34.9    11.3    23.1    23.7     0.0    28.9 R    44.2    11.0    26.9
93243 200808  1.302 -120.8825   37.2381    35.1    11.8    23.4    23.8     0.0    26.8 R    54.7     9.4    27.7
93243 200809  1.302 -120.8825   37.2381    32.8     9.4    21.1    20.8     0.0    22.4 R    51.1     6.3    23.5
93243 200810  1.302 -120.8825   37.2381    26.3     6.9    16.6    16.3     8.2    15.9 R    40.4     3.0    16.5
93243 200811  1.302 -120.8825   37.2381    19.5     4.4    12.0    11.7    14.4    10.0 R    31.1     2.0    11.7
93243 200812  1.302 -120.8825   37.2381    11.0    -0.1     5.5     5.7    32.2     6.2 R    18.2    -1.6     5.9
93243 200901  1.302 -120.8825   37.2381 -9999.0 -9999.0 -9999.0 -9999.0    36.5     6.1 R    22.6    -2.6     5.9
93243 200902  1.302 -120.8825   37.2381    15.7     3.5     9.6     9.4    50.1    11.5 R    21.0     2.0     9.1
93243 200903  1.302 -120.8825   37.2381    19.3     2.7    11.0    11.4    10.0    19.6 R    26.8     0.1    11.2
93243 200904  1.302 -120.8825   37.2381    23.6     3.7    13.6    14.0     9.2    24.4 R    36.3     0.0    15.1
93243 200905  1.302 -120.8825   37.2381    30.9     9.1    20.0    20.4    11.5    27.5 R    47.2     6.0    23.3
93243 200906  1.302 -120.8825   37.2381    31.3     9.6    20.4    20.9     2.1    28.7 R    50.1     6.6    24.8
93243 200907  1.302 -120.8825   37.2381    35.4    11.6    23.5    24.0     0.0    29.9 R    54.6     8.7    28.2
93243 200908  1.302 -120.8825   37.2381    34.7    10.9    22.8    23.0     0.0    26.5 R    52.8     7.7    26.3
93243 200909  1.302 -120.8825   37.2381    33.5    11.0    22.3    22.2     0.9    21.9 R    51.0     7.1    23.8
93243 200910  1.302 -120.8825   37.2381    23.7     7.2    15.5    15.4    68.5    16.2 R    35.2     4.5    15.7
93243 200911  1.302 -120.8825   37.2381    18.5     1.5    10.0     9.7     7.2    11.6 R    25.3    -1.0     8.6
93243 200912  1.302 -120.8825   37.2381    12.1     0.7     6.4     6.4    44.7     7.0 R    16.5    -1.5     5.6
93243 201001  1.302 -120.8825   37.2381    11.9     4.0     8.0     8.0    74.5     5.7 R    14.7     2.3     7.4
93243 201002  1.302 -120.8825   37.2381    15.6     4.7    10.2    10.3    61.3    10.9 R    19.1     3.0     9.6
93243 201003  1.302 -120.8825   37.2381    18.4     3.2    10.8    10.9    19.0    18.2 R    25.1     0.5    10.4
93243 201004  1.302 -120.8825   37.2381    19.2     3.9    11.5    11.8    63.3    20.6 R    31.1     1.0    12.7
93243 201005  1.302 -120.8825   37.2381    24.8     5.2    15.0    15.5     5.8    26.5 R    41.9     1.4    17.7
93243 201006  1.302 -120.8825   37.2381    32.3    10.7    21.5    22.1     0.0    30.9 R    51.2     6.6    25.5
93243 201007  1.302 -120.8825   37.2381    34.8    10.8    22.8    23.1     0.0    30.3 R    53.8     7.6    27.2
93243 201008  1.302 -120.8825   37.2381    32.9     9.3    21.1    21.2     0.0    27.6 R    47.8     7.0    24.3
93243 201009  1.302 -120.8825   37.2381    31.8     9.1    20.5    20.5     0.0    23.0 R    45.5     6.5    22.2
93243 201010  2.302 -120.8825   37.2381    25.7     9.2    17.5    17.1    14.6    14.4 R    36.5     7.2    18.2
93243 201011  2.302 -120.8825   37.2381    17.6     2.5    10.0     9.8    29.1    10.4 R    26.8     1.3    11.7
93243 201012  2.302 -120.8825   37.2381    13.7     4.8     9.2     9.4    80.4     5.1 R    18.8     5.2    11.3
93243 201101  2.302 -120.8825   37.2381    10.2     2.8     6.5     6.3    46.9     5.2 R    16.5     3.5     8.4
93243 201102  2.302 -120.8825   37.2381    15.1     0.8     8.0     7.9    45.5    12.8 R    25.0     0.4    10.1
93243 201103  2.302 -120.8825   37.2381    17.5     5.1    11.3    11.4    58.3    14.1 R    24.9     4.9    13.2
93243 201104  2.302 -120.8825   37.2381    21.4     4.8    13.1    13.6     2.5    22.5 R    30.2     3.9    15.1
93243 201105  2.302 -120.8825   37.2381    24.9     5.2    15.0    15.4    11.2    25.4 R    32.9     3.9    16.3
93243 201106  2.302 -120.8825   37.2381    30.0     9.8    19.9    20.2    51.1    26.7 R    38.2     9.0    21.2
93243 201107  2.402 -120.8825   37.2381    34.0    11.9    22.9    23.2     0.0    28.9 R    41.7    10.2    23.0
93243 201108  2.402 -120.8825   37.2381    33.9    10.5    22.2    22.3     0.0    27.2 R    41.4     8.6    21.5
93243 201109  2.402 -120.8825   37.2381    33.2    11.2    22.2    21.9     0.0    21.6 R    41.4     8.9    22.2
93243 201110  2.402 -120.8825   37.2381    26.0     7.9    17.0    16.5    13.8    16.1 R    34.6     6.2    17.7
93243 201111  2.402 -120.8825   37.2381    16.7     3.1     9.9     9.7    21.4     9.7 R    23.4     2.7    11.4
93243 201112  2.402 -120.8825   37.2381    13.6    -2.9     5.3     4.6     2.2     9.5 R    23.2    -3.6     6.3
93243 201201  2.402 -120.8825   37.2381    15.6    -1.2     7.2     6.9    19.5    10.1 R    23.9    -2.1     8.5
93243 201202  2.402 -120.8825   37.2381    17.4     1.5     9.5     9.6     5.7    13.6 R    24.8     0.7    10.7
93243 201203  2.402 -120.8825   37.2381    19.1     4.1    11.6    11.4    37.7    16.6 R    26.1     3.2    12.1
93243 201204  2.402 -120.8825   37.2381    23.4     6.0    14.7    14.9    19.6    22.9 R    30.2     5.0    15.0
93243 201205  2.402 -120.8825   37.2381    29.4     7.4    18.4    18.9     0.0    28.7 R    35.2     5.5    17.5
93243 201206  2.402 -120.8825   37.2381    31.8     9.3    20.5    21.5     5.3    30.1 R    37.5     8.2    19.9
93243 201207  2.402 -120.8825   37.2381    34.5    11.3    22.9    23.3     0.0    29.4 R    40.5    10.0    21.7
93243 201208  2.402 -120.8825   37.2381    35.5    12.2    23.9    24.0     0.0    26.1 R    41.7    10.8    22.9
93243 201209  2.412 -120.8825   37.2381    33.3    10.5    21.9    21.5     0.4    22.2 R    42.5     8.6    21.7
93243 201210  2.412 -120.8825   37.2381    25.9     8.2    17.1    16.9     1.5    15.5 C    40.3     6.1    19.4
93243 201211  2.412 -120.8825   37.2381    19.4     4.2    11.8    11.5    26.4    10.4 C    29.5     2.3    12.2
93243 201212  2.412 -120.8825   37.2381    13.1     2.3     7.7     7.9    70.6     7.1 C    17.2     1.8     8.1
93243 201301  2.412 -120.8825   37.2381    12.9    -1.7     5.6     5.4    26.1    10.3 C    17.7    -2.7     5.0
93243 201302  2.412 -120.8825   37.2381    16.6    -0.5     8.0     7.9     6.3    15.1 C    22.9    -2.2     7.7
93243 201303  2.412 -120.8825   37.2381    22.3     4.8    13.5    13.5    17.2    19.1 C    33.5     2.9    15.1
93243 201304  2.412 -120.8825   37.2381    26.0     6.5    16.2    16.7     5.4    25.9 C    39.3     4.6    19.5
93243 201305  2.412 -120.8825   37.2381    29.2     8.6    18.9    19.4     0.0    28.0 C    45.2     6.3    23.5
93243 201306  2.412 -120.8825   37.2381    33.3    11.2    22.2    22.8     0.0    29.1 C    48.7     9.6    27.3
93243 201307  2.412 -120.8825   37.2381    35.9    13.1    24.5    24.7     0.0    28.9 C    51.4    12.1    29.6
93243 201308  2.412 -120.8825   37.2381    33.7    11.1    22.4    22.6     0.0    27.1 C    49.2     9.8    27.0
93243 201309  2.422 -120.8825   37.2381    30.6    10.3    20.5    20.4     0.0    20.9 C    45.0     8.0    23.2
93243 201310  2.422 -120.8825   37.2381    25.7     5.4    15.6    15.2     0.0    14.6 C    39.3     0.4    15.1
93243 201311  2.422 -120.8825   37.2381    20.0     2.5    11.2    10.9    12.1     9.9 C    30.4    -1.1    10.1
93243 201312  2.422 -120.8825   37.2381    14.4    -3.6     5.4     5.1     7.3     9.5 C    22.7    -7.2     3.2
93243 201401  2.422 -120.8825   37.2381    18.1    -1.0     8.5     8.2     7.3    10.3 C    28.8    -4.6     6.7
93243 201402  2.422 -120.8825   37.2381    18.2     4.2    11.2    11.1    50.6    11.8 C    28.5     1.0    11.0
93243 201403  2.422 -120.8825   37.2381    22.0     5.2    13.6    13.8    25.5    17.7 C    33.8     1.7    14.3
93243 201404  2.422 -120.8825   37.2381    25.2     5.7    15.4    15.7    22.4    23.4 C    42.5     2.7    18.5
93243 201405  2.422 -120.8825   37.2381    30.1     7.5    18.8    19.7     0.8    27.9 C    53.1     3.8    24.6
93243 201406  2.422 -120.8825   37.2381    34.0     9.4    21.7    22.6     0.0    29.8 C    57.1     6.6    28.6
93243 201407  2.422 -120.8825   37.2381    36.0    14.4    25.2    25.4     0.0    27.1 C    58.4    12.6    31.6
93243 201408  2.422 -120.8825   37.2381    34.4    12.7    23.5    23.5     0.0    24.6 C    54.7    10.4    28.5
93243 201409  2.422 -120.8825   37.2381    32.7    11.0    21.8    21.6     2.4    14.7 C    50.6     8.6    25.3
93243 201410  2.422 -120.8825   37.2381    28.6     7.9    18.2    17.9    23.5    16.5 C    44.2     4.0    18.8
93243 201411  2.422 -120.8825   37.2381    19.3     4.1    11.7    11.5    20.7    10.3 C    27.3     2.0    11.2
93243 201412  2.422 -120.8825   37.2381    14.6     5.6    10.1    10.1   118.8     6.3 C    16.7     4.2     9.4
93243 201501  2.422 -120.8825   37.2381    13.4     1.9     7.6     7.2     2.9     7.3 C    16.5     0.4     6.4
93243 201502  2.422 -120.8825   37.2381    19.0     3.6    11.3    11.2    18.0     7.9 C    22.4     1.5    10.1
93243 201503  2.422 -120.8825   37.2381    24.5     4.6    14.6    14.4     4.2    12.3 C    30.2     1.7    13.8
93243 201504  2.422 -120.8825   37.2381    25.1     4.5    14.8    15.1    14.8    15.5 C    33.2     0.7    15.4
93243 201505  2.422 -120.8825   37.2381    27.2     6.7    16.9    17.0     4.9    16.7 C    38.9     3.3    19.1
93243 201506  2.422 -120.8825   37.2381    35.0    10.9    23.0    23.8     0.0    18.3 C    47.0     7.5    26.1
93243 201507  2.422 -120.8825   37.2381    34.8    13.2    24.0    24.3     1.8    17.2 C    47.2    10.2    26.9
93243 201508  2.422 -120.8825   37.2381    34.5    11.6    23.0    23.2     0.5    16.0 C    46.8     8.5    25.4
93243 201509  2.422 -120.8825   37.2381    32.7    10.5    21.6    21.7     0.0    12.2 C    43.2     7.1    22.2
93243 201510  2.422 -120.8825   37.2381    28.8     9.3    19.0    18.7    10.1    12.6 C    39.0     5.9    18.9
93243 201511  2.422 -120.8825   37.2381    17.2     1.0     9.1     8.7    50.7    11.2 C    24.8    -2.3     7.5
93243 201512  2.422 -120.8825   37.2381    13.5     0.0     6.7     6.6    14.9     8.0 C    19.2    -3.2     5.3
93243 201601  2.422 -120.8825   37.2381    13.8     4.0     8.9     8.9   107.2     6.6 C    18.1     1.5     8.2
93243 201602  2.422 -120.8825   37.2381    19.4     2.3    10.9    10.8     8.6    14.1 C    24.7     0.4     9.7
93243 201603  2.422 -120.8825   37.2381    20.1     5.3    12.7    13.0    71.5    17.0 C    25.5     2.5    12.4
93243 201604  2.422 -120.8825   37.2381    24.6     6.8    15.7    15.8    43.1    22.2 C    37.9     3.6    17.3
93243 201605  2.422 -120.8825   37.2381    28.7     8.4    18.5    18.8    15.3    25.6 C    48.5     5.2    22.8
93243 201606  2.422 -120.8825   37.2381    34.8    10.8    22.8    23.5     0.0    29.1 C    55.2     6.4    27.7
93243 201607  2.422 -120.8825   37.2381    35.9    11.6    23.7    24.3     0.0    28.9 C    56.9     7.3    28.9
93243 201608  2.422 -120.8825   37.2381    34.7    11.1    22.9    22.8     0.0    25.7 C    53.9     7.5    26.8
93243 201609  2.422 -120.8825   37.2381    32.2     9.0    20.6    20.5     0.0    21.5 C    49.6     4.9    22.6
93243 201610  2.422 -120.8825   37.2381    25.6     8.0    16.8    16.6    52.7    14.2 C    37.3     4.2    16.8
93243 201611  2.422 -120.8825   37.2381    19.5     5.1    12.3    12.0    11.3    10.6 C    28.2     1.8    11.3
93243 201612  2.422 -120.8825   37.2381    13.3     0.6     6.9     6.7    31.9     8.4 C    18.9    -2.0     5.6
93243 201701  2.422 -120.8825   37.2381    12.6     2.7     7.7     7.6   130.9     7.4 C    17.6     0.5     7.0
93243 201702  2.422 -120.8825   37.2381    16.2     6.8    11.5    11.3    85.3    11.0 C    22.7     4.3    11.2
93243 201703  2.422 -120.8825   37.2381    19.9     6.2    13.0    13.3    31.2    18.1 C    30.6     3.8    14.2
93243 201704  2.422 -120.8825   37.2381    21.8     6.4    14.1    14.5    27.1    20.8 C    32.2     4.7    16.0
93243 201705  2.422 -120.8825   37.2381    28.2     8.9    18.6    18.9     3.9    27.3 C    40.7     6.7    21.7
93243 201706  2.422 -120.8825   37.2381    33.2    11.7    22.4    23.0     0.0    28.4 C    48.6    10.0    27.1
93243 201707  2.422 -120.8825   37.2381    36.9    13.0    24.9    25.5     0.0    28.6 C    52.5    11.6    29.6
