03097 201006  6.101 -106.2702   34.5170 -9999.0 -9999.0 -9999.0 -9999.0 -9999.0 -9999.0 U -9999.0 -9999.0 -9999.0
03097 201007  6.101 -106.2702   34.5170    29.0    14.2    21.6    20.9    69.5 -9999.0 U -9999.0 -9999.0 -9999.0
03097 201008  6.101 -106.2702   34.5170    29.2    13.1    21.1    21.2     6.7 -9999.0 U -9999.0 -9999.0 -9999.0
03097 201009  6.101 -106.2702   34.5170    27.7    10.9    19.3    19.4    25.8 -9999.0 U -9999.0 -9999.0 -9999.0
03097 201010  6.101 -106.2702   34.5170    19.8     4.7    12.3    12.2    39.4 -9999.0 U -9999.0 -9999.0 -9999.0
03097 201011  6.101 -106.2702   34.5170    11.8    -3.7     4.0     4.5     0.0 -9999.0 U -9999.0 -9999.0 -9999.0
03097 201012  6.101 -106.2702   34.5170    10.3    -3.3     3.5     3.5    12.3 -9999.0 U -9999.0 -9999.0 -9999.0
03097 201101  6.101 -106.2702   34.5170     7.4    -7.4     0.0     0.1     5.4 -9999.0 U -9999.0 -9999.0 -9999.0
03097 201102  6.101 -106.2702   34.5170     6.4    -8.9    -1.2    -0.7    13.6 -9999.0 U -9999.0 -9999.0 -9999.0
03097 201103  6.101 -106.2702   34.5170    17.3     0.0     8.6     9.4     0.7 -9999.0 U -9999.0 -9999.0 -9999.0
03097 201104  6.101 -106.2702   34.5170    20.3     3.5    11.9    13.0     1.9 -9999.0 U -9999.0 -9999.0 -9999.0
03097 201105  6.101 -106.2702   34.5170    22.7     4.4    13.6    14.6     0.8 -9999.0 U -9999.0 -9999.0 -9999.0
03097 201106  6.101 -106.2702   34.5170    31.4    12.2    21.8    23.0     0.8 -9999.0 U -9999.0 -9999.0 -9999.0
03097 201107  6.101 -106.2702   34.5170    31.1    14.8    22.9    23.0    29.5 -9999.0 U -9999.0 -9999.0 -9999.0
03097 201108  6.101 -106.2702   34.5170    30.5    15.2    22.9    22.4    89.5 -9999.0 U -9999.0 -9999.0 -9999.0
03097 201109  6.101 -106.2702   34.5170    25.1     9.1    17.1    16.9    22.2 -9999.0 U -9999.0 -9999.0 -9999.0
03097 201110  6.101 -106.2702   34.5170    19.3     3.3    11.3    11.4    24.5 -9999.0 U -9999.0 -9999.0 -9999.0
03097 201111  6.101 -106.2702   34.5170    12.1    -2.3     4.9     5.0     6.3 -9999.0 U -9999.0 -9999.0 -9999.0
03097 201112  6.101 -106.2702   34.5170     1.4    -9.3    -3.9    -3.5    57.1 -9999.0 U -9999.0 -9999.0 -9999.0
03097 201201  6.101 -106.2702   34.5170     8.1    -4.6     1.7     1.7     7.9 -9999.0 U -9999.0 -9999.0 -9999.0
03097 201202  6.101 -106.2702   34.5170     8.7    -5.0     1.8     1.7     2.7 -9999.0 U -9999.0 -9999.0 -9999.0
03097 201203  6.101 -106.2702   34.5170    15.7    -1.2     7.3     7.8     3.8 -9999.0 U -9999.0 -9999.0 -9999.0
03097 201204  6.101 -106.2702   34.5170    20.7     3.2    12.0    12.7     8.9 -9999.0 U -9999.0 -9999.0 -9999.0
03097 201205  6.101 -106.2702   34.5170    24.2     7.1    15.7    16.5    17.3 -9999.0 U -9999.0 -9999.0 -9999.0
03097 201206  6.101 -106.2702   34.5170    31.8    12.5    22.1    23.3     4.5 -9999.0 U -9999.0 -9999.0 -9999.0
03097 201207  6.101 -106.2702   34.5170    29.5    14.3    21.9    21.9    34.7 -9999.0 U -9999.0 -9999.0 -9999.0
03097 201208  6.101 -106.2702   34.5170    30.0    13.7    21.9    21.9    23.1 -9999.0 U -9999.0 -9999.0 -9999.0
03097 201209  6.101 -106.2702   34.5170    25.0     9.7    17.3    17.3    41.9 -9999.0 U -9999.0 -9999.0 -9999.0
03097 201210  6.101 -106.2702   34.5170    21.2     3.9    12.6    12.8     2.7 -9999.0 U -9999.0 -9999.0 -9999.0
03097 201211  6.101 -106.2702   34.5170    15.1    -1.8     6.6     6.7     1.2 -9999.0 U -9999.0 -9999.0 -9999.0
03097 201212  6.101 -106.2702   34.5170     7.8    -6.3     0.7     0.9     9.2 -9999.0 U -9999.0 -9999.0 -9999.0
03097 201301  6.101 -106.2702   34.5170     5.7    -8.6    -1.5    -1.5     5.1 -9999.0 U -9999.0 -9999.0 -9999.0
03097 201302  6.101 -106.2702   34.5170     8.2    -6.8     0.7     1.0     5.8 -9999.0 U -9999.0 -9999.0 -9999.0
03097 201303  6.101 -106.2702   34.5170    15.6    -1.3     7.2     7.8     3.1 -9999.0 U -9999.0 -9999.0 -9999.0
03097 201304  6.101 -106.2702   34.5170    19.1     1.2    10.2    11.0     2.5 -9999.0 U -9999.0 -9999.0 -9999.0
03097 201305  6.101 -106.2702   34.5170    23.7     5.6    14.6    15.8     0.8 -9999.0 U -9999.0 -9999.0 -9999.0
03097 201306  6.101 -106.2702   34.5170    31.7    13.1    22.4    22.8    18.2 -9999.0 U -9999.0 -9999.0 -9999.0
03097 201307  6.101 -106.2702   34.5170    27.9    14.1    21.0    20.5    87.7 -9999.0 U -9999.0 -9999.0 -9999.0
03097 201308  6.101 -106.2702   34.5170    27.8    12.9    20.4    20.1    41.6 -9999.0 U -9999.0 -9999.0 -9999.0
03097 201309  6.101 -106.2702   34.5170    24.1     9.7    16.9    17.1    74.7 -9999.0 U -9999.0 -9999.0 -9999.0
03097 201310  6.101 -106.2702   34.5170    17.9     1.1     9.5    10.0    15.0 -9999.0 U -9999.0 -9999.0 -9999.0
03097 201311  6.101 -106.2702   34.5170    10.2    -3.2     3.5     3.6    21.2 -9999.0 U -9999.0 -9999.0 -9999.0
03097 201312  6.101 -106.2702   34.5170     6.2    -7.4    -0.6    -0.4     6.7 -9999.0 U -9999.0 -9999.0 -9999.0
03097 201401  6.101 -106.2702   34.5170     9.7    -6.3     1.7     1.6     0.0 -9999.0 U -9999.0 -9999.0 -9999.0
03097 201402  6.101 -106.2702   34.5170    12.2    -3.0     4.6     5.3     3.8 -9999.0 U -9999.0 -9999.0 -9999.0
03097 201403  6.101 -106.2702   34.5170    14.7    -2.0     6.4     6.8     8.8 -9999.0 U -9999.0 -9999.0 -9999.0
03097 201404  6.101 -106.2702   34.5170    18.0     1.5     9.8    10.5    14.8 -9999.0 U -9999.0 -9999.0 -9999.0
03097 201405  6.101 -106.2702   34.5170    23.1     5.1    14.1    14.9     2.8 -9999.0 U -9999.0 -9999.0 -9999.0
03097 201406  6.101 -106.2702   34.5170 -9999.0 -9999.0 -9999.0 -9999.0 -9999.0 -9999.0 U -9999.0 -9999.0 -9999.0
