63838 200306  1.001  -84.7465   38.0945 -9999.0 -9999.0 -9999.0 -9999.0 -9999.0 -9999.0 U -9999.0 -9999.0 -9999.0
63838 200307  1.001  -84.7465   38.0945    28.1    18.2    23.2    23.2   129.0    21.7 R -9999.0 -9999.0    23.8
63838 200308  1.001  -84.7465   38.0945    28.7    18.2    23.5    23.1   116.3    20.6 R -9999.0 -9999.0    23.1
63838 200309  1.001  -84.7465   38.0945    23.4    12.2    17.8    17.9   146.0    16.7 R -9999.0 -9999.0    17.3
63838 200310  1.001  -84.7465   38.0945    18.8     7.6    13.2    13.2    50.4    13.5 R -9999.0 -9999.0    12.3
63838 200311  1.001  -84.7465   38.0945    14.6     4.9     9.7     9.7   123.6     8.0 R -9999.0 -9999.0     8.6
63838 200312  1.001  -84.7465   38.0945     6.0    -1.9     2.0     2.1   108.4     6.1 R -9999.0 -9999.0     0.8
63838 200401  1.001  -84.7465   38.0945     4.0    -6.1    -1.0    -1.0    98.9     7.7 R -9999.0 -9999.0    -1.6
63838 200402  1.001  -84.7465   38.0945     7.3    -3.0     2.1     2.0    33.9    10.4 R -9999.0 -9999.0     1.2
63838 200403  1.001  -84.7465   38.0945    13.4     3.4     8.4     8.5   105.9    12.7 R -9999.0 -9999.0     7.8
63838 200404  1.001  -84.7465   38.0945    17.8     7.3    12.5    12.7    97.1    18.0 R -9999.0 -9999.0    11.9
63838 200405  1.201  -84.7465   38.0945    25.0    15.4    20.2    19.9   306.8    20.0 R -9999.0 -9999.0    19.9
63838 200406  1.201  -84.7465   38.0945    26.5    16.7    21.6    21.7   116.5    23.3 R -9999.0 -9999.0    22.2
63838 200407  1.201  -84.7465   38.0945    27.2    17.7    22.5    22.3   200.7    21.0 R -9999.0 -9999.0    22.8
63838 200408  1.201  -84.7465   38.0945    26.0    15.8    20.9    21.0    73.8    20.7 R -9999.0 -9999.0    21.3
63838 200409  1.201  -84.7465   38.0945    24.8    14.1    19.4    19.4    73.9    17.2 R -9999.0 -9999.0    19.4
63838 200410  1.201  -84.7465   38.0945    19.4     9.4    14.4    14.5   176.0    10.9 R -9999.0 -9999.0    13.7
63838 200411  1.201  -84.7465   38.0945    13.5     5.0     9.2     9.2   170.2     6.9 R -9999.0 -9999.0     8.3
63838 200412  1.201  -84.7465   38.0945     6.7    -2.2     2.2     2.3    92.2     7.5 R -9999.0 -9999.0     1.3
63838 200501  1.201  -84.7465   38.0945     6.7    -0.7     3.0     3.0    98.3     5.4 R -9999.0 -9999.0     2.5
63838 200502  1.201  -84.7465   38.0945     8.8    -0.5     4.1     4.1    59.1     8.9 R -9999.0 -9999.0     3.5
63838 200503  1.201  -84.7465   38.0945     9.6    -0.3     4.7     4.7    97.3    13.3 R -9999.0 -9999.0     4.4
63838 200504  1.201  -84.7465   38.0945    18.8     7.6    13.2    13.3    95.1    17.5 R -9999.0 -9999.0    12.1
63838 200505  1.201  -84.7465   38.0945    21.7     9.6    15.7    16.1    76.0    24.6 R -9999.0 -9999.0    16.3
63838 200506  1.201  -84.7465   38.0945    29.0    17.4    23.2    23.2    26.4    22.9 R -9999.0 -9999.0    23.4
63838 200507  1.201  -84.7465   38.0945    30.8    19.5    25.1    24.8    53.4    20.2 R -9999.0 -9999.0    26.6
63838 200508  1.201  -84.7465   38.0945    31.6    19.6    25.6    25.1   148.6    17.8 R -9999.0 -9999.0    26.8
63838 200509  1.201  -84.7465   38.0945    27.2    15.2    21.2    21.2    25.3    17.9 R -9999.0 -9999.0    20.0
63838 200510  1.201  -84.7465   38.0945    19.6     8.2    13.9    13.8    24.5    11.2 R -9999.0 -9999.0    13.4
63838 200511  1.201  -84.7465   38.0945    14.4     2.2     8.3     8.8    58.7     8.0 R -9999.0 -9999.0     7.3
63838 200512  1.201  -84.7465   38.0945     3.9    -4.2    -0.1     0.0    65.7     5.4 R -9999.0 -9999.0    -0.7
63838 200601  1.201  -84.7465   38.0945    10.4     0.5     5.4     5.6   139.3     6.8 R -9999.0 -9999.0     4.2
63838 200602  1.201  -84.7465   38.0945     6.7    -3.1     1.8     1.7    59.2    10.7 R -9999.0 -9999.0     1.2
63838 200603  1.201  -84.7465   38.0945    11.8     1.2     6.5     6.9    96.8    12.2 R -9999.0 -9999.0     6.5
63838 200604  1.301  -84.7465   38.0945    20.3     8.7    14.5    14.6   116.5    17.8 R -9999.0 -9999.0    13.8
63838 200605  1.301  -84.7465   38.0945    21.8    10.6    16.2    16.2    88.4    21.3 R    28.5     8.6    16.5
63838 200606  1.301  -84.7465   38.0945    26.1    15.2    20.6    20.8    65.9    22.6 R    33.1    13.8    21.3
63838 200607  1.301  -84.7465   38.0945    29.4    18.9    24.1    24.2   179.4    21.9 R    35.8    17.8    24.7
63838 200608  1.301  -84.7465   38.0945    28.9    19.5    24.2    24.1   107.3    19.0 R    33.1    18.5    24.1
63838 200609  1.301  -84.7465   38.0945    22.6    13.0    17.8    17.6 -9999.0    14.4 R    29.0    13.2    19.2
63838 200610  1.301  -84.7465   38.0945    16.6     6.3    11.5    11.5   127.3    11.1 R    19.7     4.9    11.1
63838 200611  1.301  -84.7465   38.0945    13.4     3.3     8.4     8.3    61.0     8.6 R    15.9     1.5     7.4
63838 200612  1.301  -84.7465   38.0945    10.4     0.1     5.3     5.1    79.9     7.4 R    12.3    -1.7     4.2
63838 200701  1.301  -84.7465   38.0945     6.9    -1.5     2.7     2.8    80.3     6.6 R     8.7    -2.7     2.6
63838 200702  1.301  -84.7465   38.0945     1.7    -7.2    -2.7    -2.5    61.1    10.8 R     5.6    -8.9    -2.5
63838 200703  1.301  -84.7465   38.0945    16.6     5.3    11.0    11.0    62.0    14.2 R    21.1     3.3    10.6
63838 200704  1.301  -84.7465   38.0945    16.6     6.1    11.3    11.3   131.9    18.5 R    20.8     4.5    11.2
63838 200705  1.302  -84.7465   38.0945    25.6    13.0    19.3    19.7    39.2    24.1 R    34.5    10.3    20.1
63838 200706  1.302  -84.7465   38.0945    29.3    16.8    23.0    23.1    64.1    22.7 R    38.8    14.6    23.5
63838 200707  1.302  -84.7465   38.0945    28.7    17.6    23.2    23.1   192.2    22.4 R    37.5    16.1    24.0
63838 200708  1.302  -84.7465   38.0945    32.3    20.2    26.3    26.2    95.7    21.6 R    39.2    18.5    26.2
63838 200709  1.302  -84.7465   38.0945 -9999.0 -9999.0 -9999.0 -9999.0 -9999.0    17.4 R    37.9    13.7    22.6
63838 200710  1.302  -84.7465   38.0945    22.2    11.0    16.6    16.5 -9999.0    11.3 R    27.9     8.8    15.9
63838 200711  1.302  -84.7465   38.0945    12.8     1.9     7.4     7.4    68.7     8.6 R    16.5    -0.1     6.7
63838 200712  1.302  -84.7465   38.0945     9.1     0.1     4.6     4.4   163.1     5.1 R    11.0    -0.9     4.0
63838 200801  1.302  -84.7465   38.0945     4.7    -4.5     0.1     0.3   102.2     6.8 R     7.4    -6.0    -0.1
63838 200802  1.302  -84.7465   38.0945     6.2    -2.2     2.0     2.0   121.5     7.5 R     9.3    -3.3     2.0
63838 200803  1.302  -84.7465   38.0945    12.1     1.3     6.7     6.6   173.1    11.4 R    16.2    -0.7     6.2
63838 200804  1.302  -84.7465   38.0945    18.2     7.1    12.7    13.0   149.2    17.8 R    22.6     5.0    12.6
63838 200805  1.302  -84.7465   38.0945 -9999.0 -9999.0 -9999.0 -9999.0 -9999.0 -9999.0 U -9999.0 -9999.0 -9999.0
63838 200806  1.302  -84.7465   38.0945    28.5    17.8    23.1    23.2    96.6    23.4 R    32.6    15.2    22.3
63838 200807  1.302  -84.7465   38.0945    29.7    18.1    23.9    23.9    57.0    22.9 R    35.4    15.5    23.4
63838 200808  1.302  -84.7465   38.0945    30.0    16.9    23.4    23.2    16.7    21.4 R    39.9    13.9    23.6
63838 200809  1.302  -84.7465   38.0945    28.7    15.0    21.9    21.7    22.6    16.6 R    39.6    12.0    22.0
63838 200810  1.302  -84.7465   38.0945    20.3     7.1    13.7    13.5    36.9    14.1 R    26.8     3.8    12.5
63838 200811  1.302  -84.7465   38.0945    11.1     1.0     6.1     6.1    60.5     8.0 R    15.2    -2.2     4.7
63838 200812  1.302  -84.7465   38.0945     7.4    -3.1     2.1     2.1   127.5     5.5 R     8.7    -4.7     1.7
63838 200901  1.302  -84.7465   38.0945     2.5    -6.4    -1.9    -1.6   121.5     6.7 R     5.2    -8.2    -1.9
63838 200902  1.302  -84.7465   38.0945     8.2    -2.1     3.0     3.0    66.9    10.5 R    12.2    -4.8     2.2
63838 200903  1.302  -84.7465   38.0945    13.8     3.3     8.6     8.6    60.2    13.3 R    20.3     0.7     8.5
63838 200904  1.302  -84.7465   38.0945    18.1     7.4    12.8    12.9   107.1    17.8 R    22.7     4.8    12.2
63838 200905  1.302  -84.7465   38.0945    22.5    12.5    17.5    17.8   167.2    20.5 R    26.2    10.4    17.3
63838 200906  1.302  -84.7465   38.0945    27.4    17.3    22.3    22.4   100.3    22.7 R    31.1    15.1    21.8
63838 200907  2.402  -84.7465   38.0945    25.9    16.8    21.3    21.3   149.7    19.5 R    34.2    14.4    21.8
63838 200908  2.402  -84.7465   38.0945    27.0    17.1    22.1    22.0    78.9    20.4 R    32.2    15.3    21.9
63838 200909  2.402  -84.7465   38.0945    24.3    14.6    19.5    19.3   110.5    14.6 R    29.3    13.4    19.3
63838 200910  2.402  -84.7465   38.0945    16.4     6.5    11.4    11.5   164.0    10.3 R    19.8     4.6    10.9
63838 200911  2.402  -84.7465   38.0945    13.7     3.5     8.6     8.6    19.1     9.1 R    16.1     1.3     7.4
63838 200912  2.402  -84.7465   38.0945     5.9    -2.8     1.6     1.4    85.4     5.5 R     8.1    -4.1     1.1
63838 201001  2.402  -84.7465   38.0945     1.8    -5.8    -2.0    -2.0    64.6     6.3 R     3.6    -7.8    -2.4
63838 201002  2.402  -84.7465   38.0945     2.0    -5.7    -1.8    -1.6    45.5     8.3 R     4.2    -7.5    -2.1
63838 201003  2.402  -84.7465   38.0945    13.4     2.4     7.9     7.8 -9999.0    13.5 R    21.6    -0.2     7.7
63838 201004  2.402  -84.7465   38.0945    21.1     8.4    14.7    15.0    68.4    19.1 R    28.3     4.8    14.4
63838 201005  2.402  -84.7465   38.0945    23.5    14.0    18.7    18.9   291.7    18.4 R    27.1    12.3    18.5
63838 201006  2.402  -84.7465   38.0945    29.6    18.9    24.3    24.3    99.8    22.6 R    32.9    17.6    24.0
63838 201007  2.402  -84.7465   38.0945    30.0    19.7    24.9    24.8   204.9    21.4 R    35.7    18.3    25.0
63838 201008  2.402  -84.7465   38.0945    31.1    18.9    25.0    24.8     7.4    20.5 R    44.5    17.1    26.4
63838 201009  2.402  -84.7465   38.0945    28.5    13.9    21.2    21.2    22.2    17.2 R    42.7    10.9    22.3
63838 201010  2.402  -84.7465   38.0945    22.1     7.6    14.8    14.6    40.0    13.4 R    34.1     3.8    14.7
63838 201011  2.402  -84.7465   38.0945    14.4     2.0     8.2     8.2   115.4     8.1 R    19.8    -0.3     7.5
63838 201012  2.402  -84.7465   38.0945     0.7    -5.7    -2.5    -2.4    55.3     5.7 R     2.2    -7.5    -2.9
63838 201101  2.402  -84.7465   38.0945     1.6    -6.0    -2.2    -2.1    48.6     6.1 R     4.1    -7.6    -2.3
63838 201102  2.402  -84.7465   38.0945     8.7    -2.0     3.3     3.4   140.3     7.8 R    13.5    -4.1     3.1
63838 201103  2.402  -84.7465   38.0945    12.8     3.1     8.0     7.8   118.5    11.6 R    19.8     2.1     8.2
63838 201104  2.402  -84.7465   38.0945    20.2     8.7    14.5    14.5   326.6    16.3 R    26.3     7.1    14.3
63838 201105  2.402  -84.7465   38.0945    22.1    12.7    17.4    17.5   203.5    18.3 R    28.3    11.5    17.9
63838 201106  2.402  -84.7465   38.0945    27.6    17.0    22.3    22.5    99.2    22.0 R    36.0    15.1    23.1
63838 201107  2.402  -84.7465   38.0945    30.6    20.7    25.6    25.5   167.3    23.1 R    38.1    19.8    26.3
63838 201108  2.402  -84.7465   38.0945    29.0    17.7    23.3    23.4    74.7    22.2 R    39.3    16.5    24.7
63838 201109  2.402  -84.7465   38.0945    23.2    13.5    18.3    18.3   140.7    13.8 R    29.5    12.6    18.7
63838 201110  2.402  -84.7465   38.0945    17.9     6.3    12.1    12.2   109.7    12.4 R    23.1     4.5    11.7
63838 201111  2.402  -84.7465   38.0945    14.7     5.1     9.9    10.0   173.1     8.0 R    17.1     3.1     9.1
63838 201112  2.402  -84.7465   38.0945     9.1     0.7     4.9     4.9   108.8     6.5 R    11.6    -1.0     4.3
63838 201201  2.402  -84.7465   38.0945     8.3    -2.5     2.9     3.0    91.7     7.0 R    10.7    -4.2     2.4
63838 201202  2.402  -84.7465   38.0945     9.1    -0.5     4.3     4.4    65.0     9.6 R    15.4    -2.2     4.1
63838 201203  2.402  -84.7465   38.0945    18.8     7.5    13.2    13.3    87.8    16.0 R    22.7     5.4    12.4
63838 201204  2.412  -84.7465   38.0945    18.9     6.4    12.7    12.9    56.4    20.7 R    25.8     4.1    12.9
63838 201205  2.412  -84.7465   38.0945    25.7    14.2    19.9    20.1    85.8    22.6 C    34.8    12.2    21.0
63838 201206  2.412  -84.7465   38.0945    28.7    15.7    22.2    22.5    46.3    24.8 C    39.0    13.1    23.6
63838 201207  2.412  -84.7465   38.0945    32.9    20.2    26.5    26.2   149.4    21.4 C    44.6    19.2    28.1
63838 201208  2.412  -84.7465   38.0945    28.9    17.0    23.0    23.0    40.7    21.5 C    35.4    14.8    23.0
63838 201209  2.412  -84.7465   38.0945    24.5    13.5    19.0    19.0   139.4    15.6 C    33.3    11.4    19.5
63838 201210  2.412  -84.7465   38.0945    17.3     7.4    12.4    12.4    33.0    11.8 C    21.3     4.8    11.6
63838 201211  2.412  -84.7465   38.0945    11.8    -0.6     5.6     5.8    36.4     9.7 C    15.4    -3.7     4.1
63838 201212  2.412  -84.7465   38.0945     9.0     1.4     5.2     5.2   166.0     6.5 C     9.4    -0.1     4.2
63838 201301  2.412  -84.7465   38.0945     6.3    -2.3     2.0     2.3   115.3     7.0 C     8.2    -2.8     2.3
63838 201302  2.412  -84.7465   38.0945     6.6    -3.5     1.6     1.8    40.5    10.2 C     9.2    -4.3     1.8
63838 201303  2.422  -84.7465   38.0945     8.1    -0.9     3.6     3.6   118.9    11.5 C    12.6    -1.7     3.8
63838 201304  2.422  -84.7465   38.0945    18.2     6.6    12.4    12.5   108.3    17.2 C    22.2     4.1    11.8
63838 201305  2.422  -84.7465   38.0945    23.0    13.0    18.0    17.9   126.6    19.7 C    28.5    11.6    18.2
63838 201306  2.422  -84.7465   38.0945    26.9    16.8    21.9    21.9   181.5    21.8 C    32.3    15.4    22.1
63838 201307  2.422  -84.7465   38.0945    27.0    18.1    22.6    22.6   189.6    19.6 C    31.0    17.1    22.6
63838 201308  2.422  -84.7465   38.0945    27.7    17.8    22.8    22.5   151.3    19.7 C    38.1    16.3    23.8
63838 201309  2.422  -84.7465   38.0945    25.4    14.1    19.8    19.7    38.7    17.7 C    33.8    12.7    20.4
63838 201310  2.422  -84.7465   38.0945    18.8     7.9    13.4    13.4   120.8    11.1 C    23.0     6.4    13.1
63838 201311  2.422  -84.7465   38.0945    10.9     0.0     5.5     5.5    59.5     9.1 C    13.0    -2.4     4.5
63838 201312  2.422  -84.7465   38.0945     6.8    -1.5     2.7     2.7   126.4     5.4 C     7.7    -3.1     2.0
63838 201401  2.422  -84.7465   38.0945     2.4    -9.3    -3.4    -3.4    71.0     8.1 C     3.0   -11.7    -4.2
63838 201402  2.422  -84.7465   38.0945     3.7    -5.7    -1.0    -1.0   106.0    11.5 C     5.7    -8.0    -1.7
63838 201403  2.422  -84.7465   38.0945    11.0    -1.9     4.5     4.8    58.2    14.9 C    15.3    -3.9     4.4
63838 201404  2.422  -84.7465   38.0945    19.7     7.3    13.5    13.7   169.3    18.0 C    23.2     5.2    13.1
63838 201405  2.422  -84.7465   38.0945    23.9    12.1    18.0    18.2   133.3    21.5 C    27.6    10.1    17.7
63838 201406  2.422  -84.7465   38.0945    27.9    17.7    22.8    22.7    87.0    21.3 C    34.4    16.3    23.3
63838 201407  2.422  -84.7465   38.0945    27.5    16.1    21.8    22.0    78.8    21.8 C    37.4    14.8    23.7
63838 201408  2.422  -84.7465   38.0945    27.9    18.1    23.0    22.7   150.0    17.8 C    35.5    17.6    24.0
63838 201409  2.422  -84.7465   38.0945    24.7    13.2    18.9    19.0   115.9    17.5 C    31.2    12.0    19.4
63838 201410  2.422  -84.7465   38.0945    18.1     8.2    13.1    13.2   114.4     9.8 C    20.6     6.3    12.5
63838 201411  2.422  -84.7465   38.0945     8.7    -0.9     3.9     4.2    51.5     7.6 C    11.3    -2.6     3.5
63838 201412  2.422  -84.7465   38.0945     7.2    -0.2     3.5     3.4    87.4     4.3 C     8.6    -0.8     3.3
63838 201501  2.422  -84.7465   38.0945     4.1    -5.4    -0.6    -0.4    40.0     6.9 C     5.9    -6.3    -0.7
63838 201502  2.422  -84.7465   38.0945     1.2    -9.2    -4.0    -3.9    67.0    10.8 C     3.8   -10.7    -3.8
63838 201503  2.422  -84.7465   38.0945    11.5     0.7     6.1     6.4   173.7    13.0 C    13.6    -2.1     5.2
63838 201504  2.422  -84.7465   38.0945    18.8     7.8    13.3    13.3   283.5    17.1 C    23.4     5.7    13.1
63838 201505  2.422  -84.7465   38.0945    24.8    13.7    19.2    19.6    73.1    21.9 C    33.2    12.0    20.4
63838 201506  2.422  -84.7465   38.0945    27.8    17.6    22.7    22.4   151.6    20.5 C    38.1    16.7    24.4
63838 201507  2.422  -84.7465   38.0945    28.1    19.2    23.6    23.3   305.1    19.6 C    34.8    19.0    24.6
63838 201508  2.422  -84.7465   38.0945    27.2    16.4    21.8    21.8    87.6    20.9 C    32.8    15.6    22.4
63838 201509  2.422  -84.7465   38.0945    26.8    14.6    20.7    20.5    47.3    17.1 C    34.6    13.3    21.1
63838 201510  2.422  -84.7465   38.0945    19.3     8.6    13.9    13.9    89.5    11.9 C    25.2     6.6    13.8
63838 201511  2.422  -84.7465   38.0945    15.1     4.8     9.9     9.9    89.0     8.0 C    19.9     2.1     9.1
63838 201512  2.422  -84.7465   38.0945    13.2     4.5     8.8     8.7   182.0     5.1 C    15.3     3.0     8.0
63838 201601  2.422  -84.7465   38.0945     4.4    -4.9    -0.3    -0.3    25.7     7.9 C     6.8    -6.5    -0.8
63838 201602  2.422  -84.7465   38.0945     7.7    -2.1     2.8     3.1   102.7     9.6 C    10.8    -3.2     3.1
63838 201603  2.422  -84.7465   38.0945    15.7     5.3    10.5    10.5   115.8    12.5 C    20.1     3.2    10.1
63838 201604  2.422  -84.7465   38.0945    19.2     6.9    13.0    13.3    68.9    18.4 C    28.6     4.1    13.9
63838 201605  2.422  -84.7465   38.0945    21.7    11.5    16.6    16.5   135.9    17.7 C    29.9    10.0    17.5
63838 201606  2.422  -84.7465   38.0945    28.7    17.3    23.0    23.1    77.0    23.6 C    43.9    15.3    25.9
63838 201607  2.422  -84.7465   38.0945    29.3    20.0    24.7    24.3   160.7    19.2 C    37.2    19.0    25.4
63838 201608  2.422  -84.7465   38.0945    29.8    20.4    25.1    24.6   120.6    18.3 C    48.5    19.0    27.8
63838 201609  2.422  -84.7465   38.0945    27.8    15.4    21.6    21.5    56.9    17.5 C    43.7    13.6    23.5
63838 201610  2.422  -84.7465   38.0945    22.9    10.4    16.7    16.7    28.1    12.6 C    33.0     7.9    16.8
63838 201611  2.422  -84.7465   38.0945    16.0     3.3     9.6     9.4    36.5     8.7 C    21.9     0.4     8.3
63838 201612  2.422  -84.7465   38.0945     6.6    -2.1     2.2     2.2   164.1     5.7 C    10.1    -3.4     2.1
63838 201701  2.422  -84.7465   38.0945     7.8     0.0     3.9     4.4   128.1     4.6 C     8.6    -1.1     3.7
63838 201702  2.422  -84.7465   38.0945    13.1     2.1     7.6     7.6    73.8     9.2 C    17.9    -0.5     6.9
63838 201703  2.422  -84.7465   38.0945    13.5     2.1     7.8     7.8   105.9    13.4 C    19.1    -0.1     7.7
63838 201704  2.422  -84.7465   38.0945    21.2    10.6    15.9    16.0   103.1    17.6 C    24.6     8.5    15.3
63838 201705  2.422  -84.7465   38.0945 -9999.0 -9999.0 -9999.0 -9999.0 -9999.0 -9999.0 U -9999.0 -9999.0 -9999.0
63838 201706  2.422  -84.7465   38.0945    27.3    15.9    21.6    21.8   152.8    24.1 C    43.9    13.6    24.6
63838 201707  2.422  -84.7465   38.0945    28.8    19.1    23.9    24.1    93.6    21.6 C    36.1    17.8    25.0
