03083 200906  6.101 -102.6217   39.6553 -9999.0 -9999.0 -9999.0 -9999.0 -9999.0 -9999.0 U -9999.0 -9999.0 -9999.0
03083 200907  6.101 -102.6217   39.6553    28.5    14.1    21.3    21.0    78.3 -9999.0 U -9999.0 -9999.0 -9999.0
03083 200908  6.101 -102.6217   39.6553    28.6    13.0    20.8    20.2    50.7 -9999.0 U -9999.0 -9999.0 -9999.0
03083 200909  6.101 -102.6217   39.6553    23.6     8.5    16.0    15.5    42.0 -9999.0 U -9999.0 -9999.0 -9999.0
03083 200910  6.101 -102.6217   39.6553    11.5    -0.8     5.4     5.1    50.2 -9999.0 U -9999.0 -9999.0 -9999.0
03083 200911  6.101 -102.6217   39.6553    13.3    -2.8     5.3     4.3     5.7 -9999.0 U -9999.0 -9999.0 -9999.0
03083 200912  6.101 -102.6217   39.6553     1.5   -12.0    -5.2    -5.3     5.3 -9999.0 U -9999.0 -9999.0 -9999.0
03083 201001  6.101 -102.6217   39.6553     6.8    -8.9    -1.1    -1.9     0.4 -9999.0 U -9999.0 -9999.0 -9999.0
03083 201002  6.101 -102.6217   39.6553     4.6    -9.7    -2.6    -2.6     7.6 -9999.0 U -9999.0 -9999.0 -9999.0
03083 201003  6.101 -102.6217   39.6553    12.0    -3.3     4.4     4.1    20.6 -9999.0 U -9999.0 -9999.0 -9999.0
03083 201004  6.101 -102.6217   39.6553    17.3     1.1     9.2     9.1    34.3 -9999.0 U -9999.0 -9999.0 -9999.0
03083 201005  6.101 -102.6217   39.6553    20.8     4.8    12.8    13.0    23.1 -9999.0 U -9999.0 -9999.0 -9999.0
03083 201006  6.101 -102.6217   39.6553    28.1    13.2    20.7    20.7    67.3 -9999.0 U -9999.0 -9999.0 -9999.0
03083 201007  6.101 -102.6217   39.6553    31.0    15.3    23.1    22.7    53.3 -9999.0 U -9999.0 -9999.0 -9999.0
03083 201008  6.101 -102.6217   39.6553    30.8    14.6    22.7    22.6    74.3 -9999.0 U -9999.0 -9999.0 -9999.0
03083 201009  6.101 -102.6217   39.6553    28.3     9.3    18.8    18.6    18.7 -9999.0 U -9999.0 -9999.0 -9999.0
03083 201010  6.101 -102.6217   39.6553    21.0     3.0    12.0    11.6     6.9 -9999.0 U -9999.0 -9999.0 -9999.0
03083 201011  6.101 -102.6217   39.6553    11.4    -5.6     2.9     2.7     1.7 -9999.0 U -9999.0 -9999.0 -9999.0
03083 201012  6.101 -102.6217   39.6553     8.5    -8.5     0.0    -0.3     5.6 -9999.0 U -9999.0 -9999.0 -9999.0
03083 201101  6.101 -102.6217   39.6553     4.7   -10.6    -3.0    -3.1     7.6 -9999.0 U -9999.0 -9999.0 -9999.0
03083 201102  6.101 -102.6217   39.6553     5.7   -10.8    -2.5    -2.6     0.9 -9999.0 U -9999.0 -9999.0 -9999.0
03083 201103  6.101 -102.6217   39.6553    12.9    -3.9     4.5     4.3     9.4 -9999.0 U -9999.0 -9999.0 -9999.0
03083 201104  6.101 -102.6217   39.6553    16.6     0.5     8.6     8.4    35.6 -9999.0 U -9999.0 -9999.0 -9999.0
03083 201105  6.101 -102.6217   39.6553    20.4     4.3    12.3    12.4   133.6 -9999.0 U -9999.0 -9999.0 -9999.0
03083 201106  6.101 -102.6217   39.6553    28.7    11.9    20.3    20.2    35.2 -9999.0 U -9999.0 -9999.0 -9999.0
03083 201107  6.101 -102.6217   39.6553    32.9    16.2    24.5    24.3   114.6 -9999.0 U -9999.0 -9999.0 -9999.0
03083 201108  6.101 -102.6217   39.6553    32.3    15.3    23.8    23.5    41.7 -9999.0 U -9999.0 -9999.0 -9999.0
03083 201109  6.101 -102.6217   39.6553    25.0     7.9    16.5    16.1    27.6 -9999.0 U -9999.0 -9999.0 -9999.0
03083 201110  6.101 -102.6217   39.6553    19.8     1.4    10.6    10.5    19.2 -9999.0 U -9999.0 -9999.0 -9999.0
03083 201111  6.101 -102.6217   39.6553    12.5    -5.2     3.7     2.8     9.6 -9999.0 U -9999.0 -9999.0 -9999.0
03083 201112  6.101 -102.6217   39.6553     5.9    -9.5    -1.8    -2.3     2.2 -9999.0 U -9999.0 -9999.0 -9999.0
03083 201201  6.101 -102.6217   39.6553     9.9    -8.5     0.7     0.4     1.5 -9999.0 U -9999.0 -9999.0 -9999.0
03083 201202  6.101 -102.6217   39.6553     5.3    -8.3    -1.5    -1.5    10.2 -9999.0 U -9999.0 -9999.0 -9999.0
03083 201203  6.101 -102.6217   39.6553    18.6    -0.6     9.0     8.9     8.4 -9999.0 U -9999.0 -9999.0 -9999.0
03083 201204  6.101 -102.6217   39.6553    19.9     3.7    11.8    11.8    61.2 -9999.0 U -9999.0 -9999.0 -9999.0
03083 201205  6.101 -102.6217   39.6553    25.3     6.4    15.8    16.4    20.0 -9999.0 U -9999.0 -9999.0 -9999.0
03083 201206  6.101 -102.6217   39.6553    33.8    13.7    23.8    24.2    23.9 -9999.0 U -9999.0 -9999.0 -9999.0
03083 201207  6.101 -102.6217   39.6553    35.3    16.1    25.7    26.1    61.2 -9999.0 U -9999.0 -9999.0 -9999.0
03083 201208  6.101 -102.6217   39.6553    31.6    13.4    22.5    22.4    15.8 -9999.0 U -9999.0 -9999.0 -9999.0
03083 201209  6.101 -102.6217   39.6553    27.2     8.7    17.9    18.0    25.7 -9999.0 U -9999.0 -9999.0 -9999.0
03083 201210  6.101 -102.6217   39.6553    17.4     0.9     9.2     8.9     9.5 -9999.0 U -9999.0 -9999.0 -9999.0
03083 201211  6.101 -102.6217   39.6553    16.1    -4.5     5.8     5.0     0.0 -9999.0 U -9999.0 -9999.0 -9999.0
03083 201212  6.101 -102.6217   39.6553     6.1   -10.5    -2.2    -2.1     2.3 -9999.0 U -9999.0 -9999.0 -9999.0
03083 201301  6.101 -102.6217   39.6553     7.2    -9.8    -1.3    -2.0     2.0 -9999.0 U -9999.0 -9999.0 -9999.0
03083 201302  6.101 -102.6217   39.6553     6.6    -9.6    -1.5    -1.3     6.7 -9999.0 U -9999.0 -9999.0 -9999.0
03083 201303  6.101 -102.6217   39.6553    10.5    -6.3     2.1     2.2    25.2 -9999.0 U -9999.0 -9999.0 -9999.0
03083 201304  6.101 -102.6217   39.6553    13.6    -2.5     5.6     5.7     5.8 -9999.0 U -9999.0 -9999.0 -9999.0
03083 201305  6.101 -102.6217   39.6553    22.6     6.1    14.4    14.3    27.8 -9999.0 U -9999.0 -9999.0 -9999.0
03083 201306  6.101 -102.6217   39.6553    31.0    11.8    21.4    21.6    32.8 -9999.0 U -9999.0 -9999.0 -9999.0
03083 201307  6.101 -102.6217   39.6553    31.1    14.8    23.0    22.7    35.2 -9999.0 U -9999.0 -9999.0 -9999.0
03083 201308  6.101 -102.6217   39.6553    30.4    14.8    22.6    22.3    77.7 -9999.0 U -9999.0 -9999.0 -9999.0
03083 201309  6.101 -102.6217   39.6553    26.8    11.4    19.1    19.0   109.1 -9999.0 U -9999.0 -9999.0 -9999.0
03083 201310  6.101 -102.6217   39.6553    16.3     1.2     8.8     8.4    12.1 -9999.0 U -9999.0 -9999.0 -9999.0
03083 201311  6.101 -102.6217   39.6553    12.1    -5.3     3.4     2.9     4.1 -9999.0 U -9999.0 -9999.0 -9999.0
03083 201312  6.101 -102.6217   39.6553     5.9   -10.7    -2.4    -3.1     0.6 -9999.0 U -9999.0 -9999.0 -9999.0
03083 201401  6.101 -102.6217   39.6553     6.1    -9.5    -1.7    -1.6    15.4 -9999.0 U -9999.0 -9999.0 -9999.0
03083 201402  6.101 -102.6217   39.6553     2.6   -11.4    -4.4    -4.6     2.8 -9999.0 U -9999.0 -9999.0 -9999.0
03083 201403  6.101 -102.6217   39.6553    12.7    -4.8     4.0     3.8     6.8 -9999.0 U -9999.0 -9999.0 -9999.0
03083 201404  6.101 -102.6217   39.6553    17.5     0.9     9.2     9.0    10.1 -9999.0 U -9999.0 -9999.0 -9999.0
03083 201405  6.101 -102.6217   39.6553    22.6     5.8    14.2    14.2    73.3 -9999.0 U -9999.0 -9999.0 -9999.0
03083 201406  6.101 -102.6217   39.6553 -9999.0 -9999.0 -9999.0 -9999.0 -9999.0 -9999.0 U -9999.0 -9999.0 -9999.0
