03098 201007  6.101 -106.7337   39.4827 -9999.0 -9999.0 -9999.0 -9999.0 -9999.0 -9999.0 U -9999.0 -9999.0 -9999.0
03098 201008  6.101 -106.7337   39.4827    21.2     5.2    13.2    13.0    49.3 -9999.0 U -9999.0 -9999.0 -9999.0
03098 201009  6.101 -106.7337   39.4827    20.6     1.7    11.1    10.7    15.5 -9999.0 U -9999.0 -9999.0 -9999.0
03098 201010  6.101 -106.7337   39.4827    11.9    -2.5     4.7     4.2    54.4 -9999.0 U -9999.0 -9999.0 -9999.0
03098 201011  6.101 -106.7337   39.4827     2.6   -10.4    -3.9    -4.2    45.9 -9999.0 U -9999.0 -9999.0 -9999.0
03098 201012  6.101 -106.7337   39.4827     1.3    -9.0    -3.9    -3.8    51.1 -9999.0 U -9999.0 -9999.0 -9999.0
03098 201101  6.101 -106.7337   39.4827    -2.5   -15.1    -8.8    -8.4    31.9 -9999.0 U -9999.0 -9999.0 -9999.0
03098 201102  6.101 -106.7337   39.4827    -1.8   -15.0    -8.4    -7.9    45.2 -9999.0 U -9999.0 -9999.0 -9999.0
03098 201103  6.101 -106.7337   39.4827     4.2    -8.1    -1.9    -1.4    60.7 -9999.0 U -9999.0 -9999.0 -9999.0
03098 201104  6.101 -106.7337   39.4827     6.4    -5.9     0.3     0.6   108.1 -9999.0 U -9999.0 -9999.0 -9999.0
03098 201105  6.101 -106.7337   39.4827    11.5    -2.4     4.6     4.5    50.7 -9999.0 U -9999.0 -9999.0 -9999.0
03098 201106  6.101 -106.7337   39.4827    20.4     2.2    11.3    11.7    26.4 -9999.0 U -9999.0 -9999.0 -9999.0
03098 201107  6.101 -106.7337   39.4827    23.1     6.5    14.8    14.3    63.6 -9999.0 U -9999.0 -9999.0 -9999.0
03098 201108  6.101 -106.7337   39.4827    23.7     5.8    14.7    14.2    21.2 -9999.0 U -9999.0 -9999.0 -9999.0
03098 201109  6.101 -106.7337   39.4827    18.4     1.8    10.1     9.2    38.2 -9999.0 U -9999.0 -9999.0 -9999.0
03098 201110  6.101 -106.7337   39.4827    11.3    -3.9     3.7     3.0    45.8 -9999.0 U -9999.0 -9999.0 -9999.0
03098 201111  6.101 -106.7337   39.4827     3.4    -9.5    -3.1    -3.2    35.2 -9999.0 U -9999.0 -9999.0 -9999.0
03098 201112  6.101 -106.7337   39.4827    -1.2   -13.9    -7.6    -8.0    13.6 -9999.0 U -9999.0 -9999.0 -9999.0
03098 201201  6.101 -106.7337   39.4827     0.6   -13.4    -6.4    -6.5    36.4 -9999.0 U -9999.0 -9999.0 -9999.0
03098 201202  6.101 -106.7337   39.4827    -0.6   -13.7    -7.1    -6.7    33.5 -9999.0 U -9999.0 -9999.0 -9999.0
03098 201203  6.101 -106.7337   39.4827     8.1    -7.7     0.2     0.4    14.7 -9999.0 U -9999.0 -9999.0 -9999.0
03098 201204  6.101 -106.7337   39.4827    12.0    -3.8     4.1     4.0    36.9 -9999.0 U -9999.0 -9999.0 -9999.0
03098 201205  6.101 -106.7337   39.4827    16.9    -1.1     7.9     8.2    25.5 -9999.0 U -9999.0 -9999.0 -9999.0
03098 201206  6.101 -106.7337   39.4827    24.4     4.3    14.4    14.8     3.2 -9999.0 U -9999.0 -9999.0 -9999.0
03098 201207  6.101 -106.7337   39.4827    24.0     7.2    15.6    14.5   154.7 -9999.0 U -9999.0 -9999.0 -9999.0
03098 201208  6.101 -106.7337   39.4827    22.5     6.1    14.3    13.7    46.0 -9999.0 U -9999.0 -9999.0 -9999.0
03098 201209  6.101 -106.7337   39.4827    18.8     1.6    10.2     9.6    27.8 -9999.0 U -9999.0 -9999.0 -9999.0
03098 201210  6.101 -106.7337   39.4827    12.3    -3.5     4.4     4.0    23.8 -9999.0 U -9999.0 -9999.0 -9999.0
03098 201211  6.101 -106.7337   39.4827     7.6    -7.1     0.2    -1.0    13.3 -9999.0 U -9999.0 -9999.0 -9999.0
03098 201212  6.101 -106.7337   39.4827 -9999.0 -9999.0 -9999.0 -9999.0    41.1 -9999.0 U -9999.0 -9999.0 -9999.0
03098 201301  6.101 -106.7337   39.4827    -2.7   -16.0    -9.3    -9.9    21.5 -9999.0 U -9999.0 -9999.0 -9999.0
03098 201302  6.101 -106.7337   39.4827 -9999.0 -9999.0 -9999.0 -9999.0    38.7 -9999.0 U -9999.0 -9999.0 -9999.0
03098 201303  6.101 -106.7337   39.4827     3.5    -9.8    -3.1    -2.7    49.5 -9999.0 U -9999.0 -9999.0 -9999.0
03098 201304  6.101 -106.7337   39.4827     6.4    -6.1     0.2     0.2    84.0 -9999.0 U -9999.0 -9999.0 -9999.0
03098 201305  6.101 -106.7337   39.4827    13.7    -1.4     6.1     6.0    52.4 -9999.0 U -9999.0 -9999.0 -9999.0
03098 201306  6.101 -106.7337   39.4827    22.7     3.2    13.0    13.4     4.4 -9999.0 U -9999.0 -9999.0 -9999.0
03098 201307  6.101 -106.7337   39.4827    24.3     6.6    15.5    15.0    33.4 -9999.0 U -9999.0 -9999.0 -9999.0
03098 201308  6.101 -106.7337   39.4827    21.9     5.6    13.8    12.9    82.1 -9999.0 U -9999.0 -9999.0 -9999.0
03098 201309  6.101 -106.7337   39.4827    18.4     3.2    10.8     9.9    85.2 -9999.0 U -9999.0 -9999.0 -9999.0
03098 201310  6.101 -106.7337   39.4827     9.7    -4.6     2.5     1.8    39.0 -9999.0 U -9999.0 -9999.0 -9999.0
03098 201311  6.101 -106.7337   39.4827     4.3    -8.7    -2.2    -2.7    39.0 -9999.0 U -9999.0 -9999.0 -9999.0
03098 201312  6.101 -106.7337   39.4827 -9999.0 -9999.0 -9999.0 -9999.0 -9999.0 -9999.0 U -9999.0 -9999.0 -9999.0
03098 201401  6.101 -106.7337   39.4827     0.1   -13.4    -6.6    -6.9 -9999.0 -9999.0 U -9999.0 -9999.0 -9999.0
03098 201402  6.101 -106.7337   39.4827 -9999.0 -9999.0 -9999.0 -9999.0 -9999.0 -9999.0 U -9999.0 -9999.0 -9999.0
03098 201403  6.101 -106.7337   39.4827     4.1    -9.8    -2.8    -2.6    66.7 -9999.0 U -9999.0 -9999.0 -9999.0
03098 201404  6.101 -106.7337   39.4827     7.2    -5.7     0.7     1.0    35.8 -9999.0 U -9999.0 -9999.0 -9999.0
03098 201405  6.101 -106.7337   39.4827    13.9    -1.3     6.3     6.3    57.4 -9999.0 U -9999.0 -9999.0 -9999.0
03098 201406  6.101 -106.7337   39.4827 -9999.0 -9999.0 -9999.0 -9999.0 -9999.0 -9999.0 U -9999.0 -9999.0 -9999.0
