53131 200209  1.001 -111.1696   32.2395 -9999.0 -9999.0 -9999.0 -9999.0 -9999.0 -9999.0 U -9999.0 -9999.0 -9999.0
53131 200210  1.001 -111.1696   32.2395    27.9    13.2    20.6    20.8     9.8    18.6 R -9999.0 -9999.0    24.4
53131 200211  1.001 -111.1696   32.2395    23.9     8.9    16.4    16.9    18.2    14.1 R -9999.0 -9999.0    17.6
53131 200212  1.001 -111.1696   32.2395 -9999.0 -9999.0 -9999.0 -9999.0 -9999.0 -9999.0 U -9999.0 -9999.0 -9999.0
53131 200301  1.001 -111.1696   32.2395    22.8     6.9    14.8    14.8     3.6    14.4 R -9999.0 -9999.0    15.3
53131 200302  1.001 -111.1696   32.2395    19.2     5.9    12.6    13.0 -9999.0    13.7 R -9999.0 -9999.0    14.1
53131 200303  1.001 -111.1696   32.2395 -9999.0 -9999.0 -9999.0 -9999.0 -9999.0 -9999.0 U -9999.0 -9999.0 -9999.0
53131 200304  1.001 -111.1696   32.2395    26.6    10.0    18.3    19.1     0.7    27.2 R -9999.0 -9999.0    24.7
53131 200305  1.001 -111.1696   32.2395    33.6    16.4    25.0    25.8    10.8    28.4 R -9999.0 -9999.0    31.6
53131 200306  1.001 -111.1696   32.2395    38.0    20.9    29.4    30.4     4.8    30.6 R -9999.0 -9999.0    36.6
53131 200307  1.001 -111.1696   32.2395    39.0    24.3    31.7    31.9    20.3    26.3 R -9999.0 -9999.0    38.1
53131 200308  1.001 -111.1696   32.2395    36.6    23.6    30.1    29.8 -9999.0    23.5 R -9999.0 -9999.0    35.2
53131 200309  1.001 -111.1696   32.2395    35.3    21.2    28.3    28.6    45.9    22.5 R -9999.0 -9999.0    33.0
53131 200310  1.001 -111.1696   32.2395    31.6    17.3    24.4    24.6    20.4    18.6 R -9999.0 -9999.0    26.5
53131 200311  1.001 -111.1696   32.2395    21.9     7.3    14.6    14.9    30.9    13.4 R -9999.0 -9999.0    15.8
53131 200312  1.200 -111.1696   32.2395    19.3     5.4    12.3    12.5    16.2    12.1 R -9999.0 -9999.0    12.1
53131 200401  1.200 -111.1696   32.2395    17.9     5.6    11.7    11.6    29.0    11.4 R -9999.0 -9999.0    12.0
53131 200402  1.200 -111.1696   32.2395    17.1     3.0    10.1    10.6    26.6    15.7 R -9999.0 -9999.0    12.3
53131 200403  1.200 -111.1696   32.2395    26.4    12.2    19.3    19.5    37.8    19.3 R -9999.0 -9999.0    21.9
53131 200404  1.200 -111.1696   32.2395    26.2    11.7    19.0    19.5    44.2    23.9 R -9999.0 -9999.0    24.2
53131 200405  1.200 -111.1696   32.2395    33.9    16.9    25.4    26.4    25.7    28.4 R -9999.0 -9999.0    32.4
53131 200406  1.200 -111.1696   32.2395    37.8    20.2    29.0    30.1    28.6    29.2 R -9999.0 -9999.0    36.5
53131 200407  1.200 -111.1696   32.2395    37.7    23.1    30.4    30.5    38.0    25.2 R -9999.0 -9999.0    36.4
53131 200408  1.200 -111.1696   32.2395    36.1    22.2    29.1    29.2    70.5    22.8 R -9999.0 -9999.0    34.5
53131 200409  1.200 -111.1696   32.2395    33.7    19.8    26.7    27.1    65.4    21.9 R -9999.0 -9999.0    31.4
53131 200410  1.200 -111.1696   32.2395    27.5    13.4    20.4    20.8    51.0    17.9 R -9999.0 -9999.0    24.0
53131 200411  1.200 -111.1696   32.2395    19.4     7.0    13.2    13.4    56.0    12.6 R -9999.0 -9999.0    14.6
53131 200412  1.200 -111.1696   32.2395    18.0     4.9    11.5    11.5    64.4    11.2 R -9999.0 -9999.0    11.2
53131 200501  1.200 -111.1696   32.2395    18.3     6.4    12.3    12.4    89.7    11.3 R -9999.0 -9999.0    12.2
53131 200502  1.201 -111.1696   32.2395    17.6     7.8    12.7    12.5    63.6    12.4 R -9999.0 -9999.0    13.7
53131 200503  1.201 -111.1696   32.2395    21.3     7.6    14.5    14.8    17.6    20.2 R -9999.0 -9999.0    18.9
53131 200504  1.201 -111.1696   32.2395    27.6    11.3    19.4    20.2     6.2    24.9 R -9999.0 -9999.0    25.9
53131 200505  1.201 -111.1696   32.2395    33.1    16.3    24.7    25.7    16.2    27.2 R -9999.0 -9999.0    32.6
53131 200506  1.201 -111.1696   32.2395    37.6    20.6    29.1    30.0     6.7    28.5 R -9999.0 -9999.0    37.3
53131 200507  1.201 -111.1696   32.2395    39.6    24.6    32.1    32.2    41.7    24.9 R -9999.0 -9999.0    38.7
53131 200508  1.201 -111.1696   32.2395    34.2    21.6    27.9    27.8   181.4    22.0 R -9999.0 -9999.0    32.3
53131 200509  1.201 -111.1696   32.2395    35.3    20.3    27.8    28.2    50.8    20.8 R -9999.0 -9999.0    33.1
53131 200510  1.201 -111.1696   32.2395    29.4    14.8    22.1    22.4    43.0    17.4 R -9999.0 -9999.0    26.1
53131 200511  1.201 -111.1696   32.2395    25.1     9.7    17.4    17.5    17.5    14.0 R -9999.0 -9999.0    19.2
53131 200512  1.201 -111.1696   32.2395    20.5     4.5    12.5    12.6     7.2    11.7 R -9999.0 -9999.0    13.5
53131 200601  1.201 -111.1696   32.2395    20.3     4.8    12.6    12.8     7.8    13.6 R -9999.0 -9999.0    14.0
53131 200602  1.201 -111.1696   32.2395    22.4     6.4    14.4    14.9    10.0    15.9 R -9999.0 -9999.0    17.3
53131 200603  1.301 -111.1696   32.2395    21.5     6.9    14.2    14.4    20.3    19.0 R -9999.0 -9999.0    18.3
53131 200604  1.301 -111.1696   32.2395    28.3    10.8    19.5    20.3     0.0    25.0 R    51.9    11.5    27.1
53131 200605  1.301 -111.1696   32.2395    34.6    17.1    25.9    26.7     1.4    28.3 R    60.3    17.3    34.0
53131 200606  1.301 -111.1696   32.2395    38.9    22.8    30.8    31.4    15.1    26.8 R    62.5    23.2    38.1
53131 200607  1.301 -111.1696   32.2395    37.4    24.5    30.9    30.8   115.2    23.7 R    58.3    25.5    37.1
53131 200608  1.301 -111.1696   32.2395    34.4    22.5    28.5    28.1    29.0    21.6 R    55.6    23.7    34.2
53131 200609  1.301 -111.1696   32.2395    32.2    18.9    25.6    25.5    35.5    20.5 R    51.7    19.7    30.6
53131 200610  1.301 -111.1696   32.2395    28.5    13.4    20.9    21.2    18.3    17.2 R    44.5    13.8    24.6
53131 200611  1.301 -111.1696   32.2395    25.6     9.2    17.4    17.6     0.3    15.1 R    39.8     8.6    19.5
53131 200612  1.301 -111.1696   32.2395    17.8     3.2    10.5    10.4    15.2    12.1 R    28.9     2.8    11.6
53131 200701  1.301 -111.1696   32.2395    15.6     2.8     9.2     9.1    17.5    12.1 R    24.7     2.0     9.9
53131 200702  1.301 -111.1696   32.2395    20.5     5.3    12.9    13.4     0.8    16.3 R    35.1     5.0    15.6
53131 200703  1.302 -111.1696   32.2395    25.7     9.5    17.6    18.1    11.1    21.1 R    46.4     9.1    22.7
53131 200704  1.302 -111.1696   32.2395    28.2    11.6    19.9    20.4     4.1    25.3 R    52.6    12.0    27.1
53131 200705  1.302 -111.1696   32.2395    33.7    16.7    25.2    26.0     0.0    28.2 R    60.3    17.0    33.9
53131 200706  1.302 -111.1696   32.2395    38.1    20.9    29.5    30.7     1.8    29.0 R    64.0    21.2    38.4
53131 200707  1.302 -111.1696   32.2395    37.1    24.3    30.7    30.4    97.9    24.0 R    59.3    25.3    37.5
53131 200708  1.302 -111.1696   32.2395    35.4    22.9    29.1    28.9    90.3    22.1 R    54.0    24.2    34.6
53131 200709  1.302 -111.1696   32.2395    34.4    20.7    27.6    27.5    27.8    20.8 R    54.1    21.8    33.2
53131 200710  1.302 -111.1696   32.2395    30.2    14.4    22.3    22.6     0.2    18.4 R    48.3    15.1    26.8
53131 200711  1.302 -111.1696   32.2395    26.1    11.0    18.6    18.8    58.5    12.8 R    39.3    11.2    20.9
53131 200712  1.302 -111.1696   32.2395    15.6     2.9     9.3     9.1    19.5    11.6 R    23.5     3.3    10.2
53131 200801  1.302 -111.1696   32.2395    16.8     4.3    10.5    10.4    16.1    12.3 R    25.8     4.2    11.5
53131 200802  1.302 -111.1696   32.2395    19.5     4.5    12.0    11.9    31.7    15.9 R    29.7     4.7    13.7
53131 200803  1.302 -111.1696   32.2395    23.7     7.4    15.6    16.0     1.2    22.3 R    43.3     7.5    20.6
53131 200804  1.302 -111.1696   32.2395    28.7    11.0    19.8    20.6     0.0    27.4 R    53.3    11.1    27.2
53131 200805  1.302 -111.1696   32.2395    30.9    13.7    22.3    23.0     0.0    28.3 R    56.8    14.8    30.9
53131 200806  1.302 -111.1696   32.2395    38.7    21.2    29.9    30.8    62.3    29.5 R    63.3    21.8    38.1
53131 200807  1.302 -111.1696   32.2395    35.2    22.7    29.0    28.7    97.9    25.2 R    54.4    24.3    35.1
53131 200808  1.302 -111.1696   32.2395    35.2    22.5    28.8    28.5    64.1    23.1 R    56.9    24.4    35.4
53131 200809  1.302 -111.1696   32.2395    34.5    20.6    27.5    27.6    26.3    22.5 R    54.7    21.2    32.7
53131 200810  1.302 -111.1696   32.2395    30.7    15.0    22.9    23.2     0.2    19.5 R    49.1    14.8    26.9
53131 200811  1.302 -111.1696   32.2395    24.4    10.0    17.2    17.3    12.8    14.7 R    36.1     9.8    19.0
53131 200812  1.302 -111.1696   32.2395    18.4     4.8    11.6    11.5    17.6    10.9 R    25.8     4.4    12.0
53131 200901  1.302 -111.1696   32.2395    19.9     6.0    12.9    13.0    20.6    13.5 R    29.1     5.4    13.6
53131 200902  1.302 -111.1696   32.2395    21.6     5.8    13.7    13.9    20.0    16.9 R    35.3     5.4    15.7
53131 200903  1.302 -111.1696   32.2395    24.9     8.5    16.7    17.2     3.4    21.1 R    45.9     8.5    22.1
53131 200904  1.302 -111.1696   32.2395    27.2    10.7    18.9    19.7     8.5    26.0 R    51.5    10.8    26.1
53131 200905  1.302 -111.1696   32.2395    34.4    17.6    26.0    26.9     5.3    26.3 R    59.5    18.2    33.9
53131 200906  1.302 -111.1696   32.2395    35.4    19.6    27.5    28.1     0.0    26.1 R    59.9    20.4    35.4
53131 200907  1.302 -111.1696   32.2395    38.7    24.4    31.6    31.4    51.8    24.5 R    62.2    25.2    38.0
53131 200908  1.302 -111.1696   32.2395    38.1    23.3    30.7    30.9    27.1    25.0 R    61.2    23.8    37.4
53131 200909  1.302 -111.1696   32.2395    35.2    20.6    27.9    28.0    29.9    21.6 R    54.6    20.7    32.7
53131 200910  1.302 -111.1696   32.2395    27.9    12.5    20.2    20.6     3.6    18.4 R    45.9    12.6    24.6
53131 200911  1.302 -111.1696   32.2395    25.3    10.2    17.7    18.0     7.0    13.9 R    38.1     8.9    18.9
53131 200912  1.302 -111.1696   32.2395    16.6     3.7    10.1    10.3    15.6    11.4 R    25.8     2.7    10.9
53131 201001  1.302 -111.1696   32.2395    18.2     5.6    11.9    12.0    53.6    11.9 R    27.3     4.7    12.3
53131 201002  2.403 -111.1696   32.2395    17.5     5.3    11.4    11.6    51.6    14.6 R    23.9     5.3    13.1
53131 201003  2.403 -111.1696   32.2395    21.2     6.4    13.8    14.2     9.1    21.1 R    26.2     6.7    16.1
53131 201004  2.403 -111.1696   32.2395    25.9     9.4    17.6    18.4     5.0    24.6 R    30.6     9.8    20.5
53131 201005  2.403 -111.1696   32.2395    31.5    12.9    22.2    23.4     0.0    29.4 R    42.7    13.4    27.6
53131 201006  2.403 -111.1696   32.2395    37.9    20.4    29.2    30.1     0.0    29.7 R    62.0    20.4    37.3
53131 201007  2.403 -111.1696   32.2395    37.8    25.3    31.5    31.1    43.0    22.8 R    61.5    26.2    38.3
53131 201008  2.403 -111.1696   32.2395    36.8    23.3    30.1    29.9    27.4    22.1 R    57.3    24.0    35.8
53131 201009  2.403 -111.1696   32.2395    36.7    21.7    29.2    29.4     0.2    21.2 R    57.7    22.0    34.8
53131 201010  2.403 -111.1696   32.2395    29.1    14.7    21.9    21.9    30.5    16.8 R    43.7    14.8    24.9
53131 201011  2.403 -111.1696   32.2395    22.0     6.9    14.5    14.8     0.0    14.1 R    35.8     6.3    16.6
53131 201012  2.403 -111.1696   32.2395    20.9     6.6    13.8    13.5    22.4    10.3 R    29.2     5.5    13.6
53131 201101  2.403 -111.1696   32.2395    18.3     2.9    10.6    10.8     0.3    12.9 R    29.5     2.2    11.6
53131 201102  2.403 -111.1696   32.2395    18.5     2.8    10.7    10.9     7.2    16.1 R    34.1     2.0    13.4
53131 201103  2.403 -111.1696   32.2395    25.9     8.3    17.1    18.0     2.9    21.9 R    45.6     7.8    22.0
53131 201104  2.403 -111.1696   32.2395    28.4    12.2    20.3    20.8     9.3    25.1 R    49.6    11.5    26.0
53131 201105  2.403 -111.1696   32.2395    30.9    13.6    22.3    23.3     0.0    28.4 R    55.3    13.3    30.0
53131 201106  2.403 -111.1696   32.2395    38.6    20.2    29.4    30.6     0.0    29.5 R    62.2    19.9    37.2
53131 201107  2.403 -111.1696   32.2395    37.5    23.7    30.6    30.3    40.2    23.4 R    60.0    24.0    36.6
53131 201108  2.403 -111.1696   32.2395    38.1    24.5    31.3    31.1    26.1    20.8 R    60.0    24.7    36.7
53131 201109  2.403 -111.1696   32.2395    35.5    20.8    28.2    28.1    41.2    19.6 R    54.4    20.6    32.3
53131 201110  2.403 -111.1696   32.2395    30.6    14.9    22.8    23.1     0.6    17.3 R    47.6    14.3    26.3
53131 201111  2.403 -111.1696   32.2395    21.4     8.4    14.9    14.9    30.6    12.3 R    31.2     7.5    15.7
53131 201112  2.403 -111.1696   32.2395    15.0     3.0     9.0     8.7    52.6     9.9 R    22.0     2.0     8.9
53131 201201  2.403 -111.1696   32.2395    20.3     5.6    12.9    12.9     7.8    12.0 R    29.0     4.3    12.9
53131 201202  2.413 -111.1696   32.2395    20.4     4.8    12.6    12.8     0.0    16.4 R    34.9     4.1    15.1
53131 201203  2.413 -111.1696   32.2395    23.9     6.8    15.4    15.9    13.9    21.7 C    40.0     5.7    19.0
53131 201204  2.413 -111.1696   32.2395    28.9    11.8    20.3    21.3     8.4    25.4 C    47.8    11.3    25.9
53131 201205  2.413 -111.1696   32.2395    34.4    16.8    25.6    26.6     0.0    29.2 C    53.8    15.6    31.7
53131 201206  2.413 -111.1696   32.2395    38.9    21.7    30.3    31.1    11.8    28.8 C    58.5    20.8    36.4
53131 201207  2.413 -111.1696   32.2395    36.0    23.3    29.7    29.2    61.9    22.0 C    54.4    23.6    34.3
53131 201208  2.413 -111.1696   32.2395    36.8    23.1    30.0    29.8    78.4    22.9 C    54.6    23.6    35.2
53131 201209  2.413 -111.1696   32.2395    33.6    20.4    27.0    26.8    18.7    20.1 C    50.3    20.9    31.1
53131 201210  2.413 -111.1696   32.2395    30.8    14.8    22.8    23.1     0.0    18.8 C    46.6    13.9    25.9
53131 201211  2.413 -111.1696   32.2395    25.8    10.3    18.0    18.2     4.0    13.9 C    37.0     8.7    18.7
53131 201212  2.413 -111.1696   32.2395    18.1     4.8    11.5    11.4    31.9    11.8 C    26.6     3.6    11.7
53131 201301  2.413 -111.1696   32.2395    16.6     2.9     9.8     9.8    20.1    12.5 C    24.9     1.3     9.6
53131 201302  2.423 -111.1696   32.2395    17.1     3.2    10.2    10.4    28.2    16.3 C    27.8     2.0    11.4
53131 201303  2.423 -111.1696   32.2395    25.8     9.4    17.6    18.3     2.3    21.1 C    41.9     8.4    21.4
53131 201304  2.423 -111.1696   32.2395    28.2    11.7    19.9    20.9     2.9    26.3 C    47.9    11.1    25.9
53131 201305  2.423 -111.1696   32.2395    32.9    17.2    25.1    25.7     0.0    28.8 C    53.4    16.6    31.7
53131 201306  2.423 -111.1696   32.2395    39.6    22.4    31.0    32.0     0.0    29.6 C    59.8    21.8    37.8
53131 201307  2.423 -111.1696   32.2395    36.3    24.0    30.2    30.0    46.3    22.4 C    55.1    24.6    35.4
53131 201308  2.423 -111.1696   32.2395    36.4    23.0    29.7    29.3    37.5    20.6 C    54.4    23.4    33.9
53131 201309  2.423 -111.1696   32.2395    34.5    20.7    27.6    27.7     9.4    20.9 C    52.0    20.6    32.1
53131 201310  2.423 -111.1696   32.2395    28.5    12.5    20.5    20.9     0.0    19.3 C    44.2    11.6    23.7
53131 201311  2.423 -111.1696   32.2395    23.5    10.2    16.8    16.9    58.7    13.3 C    33.5     8.9    17.7
53131 201312  2.423 -111.1696   32.2395    17.8     4.4    11.1    11.2    11.0    12.0 C    25.2     3.1    10.9
53131 201401  2.423 -111.1696   32.2395    21.3     5.5    13.4    13.5     0.0    13.4 C    30.6     4.0    13.3
53131 201402  2.423 -111.1696   32.2395    22.9     7.1    15.0    15.4     1.1    15.8 C    36.0     5.9    17.1
53131 201403  2.423 -111.1696   32.2395    25.1     9.2    17.1    17.7     6.7    21.2 C    41.9     8.2    21.0
53131 201404  2.423 -111.1696   32.2395    28.0    11.8    19.9    20.8     0.3    25.2 C    47.1    10.6    25.2
53131 201405  2.423 -111.1696   32.2395    32.5    16.7    24.6    25.3     0.0    28.8 C    52.2    15.5    30.6
53131 201406  2.423 -111.1696   32.2395    39.0    22.1    30.5    31.5     0.0    29.8 C    58.7    21.3    37.1
53131 201407  2.423 -111.1696   32.2395    36.4    23.3    29.9    29.6   133.2    23.3 C    53.0    23.5    34.3
53131 201408  2.423 -111.1696   32.2395    34.8    21.7    28.3    28.2    59.1    22.8 C    52.5    22.5    33.5
53131 201409  2.423 -111.1696   32.2395    33.3    21.0    27.2    27.1    36.2    19.5 C    48.4    21.1    31.0
53131 201410  2.423 -111.1696   32.2395    30.6    15.7    23.2    23.2    32.1    17.8 C    43.3    15.6    25.7
53131 201411  2.423 -111.1696   32.2395    23.8     8.9    16.3    16.6     0.0    14.9 C    35.2     7.8    17.5
53131 201412  2.423 -111.1696   32.2395    18.2     5.5    11.8    11.7    49.9    10.7 C    24.3     4.5    11.5
53131 201501  2.423 -111.1696   32.2395    18.6     6.7    12.6    12.4    57.4    11.7 C    25.2     5.2    12.1
53131 201502  2.423 -111.1696   32.2395    22.9     8.7    15.8    15.7     5.8    16.9 C    33.3     7.8    16.9
53131 201503  2.423 -111.1696   32.2395    25.9    11.2    18.5    19.0    13.7    20.3 C    40.6    10.7    22.0
53131 201504  2.423 -111.1696   32.2395    28.0    11.7    19.8    20.3     4.9    25.3 C    46.7    11.8    25.7
53131 201505  2.423 -111.1696   32.2395    30.0    13.6    21.8    22.6     3.0    26.6 C    49.2    14.6    28.6
53131 201506  2.423 -111.1696   32.2395    38.5    22.7    30.6    31.0     9.2    26.3 C    57.2    23.1    36.9
53131 201507  2.423 -111.1696   32.2395    36.3    23.3    29.8    29.6    24.8    22.3 C    54.7    24.2    35.2
53131 201508  2.423 -111.1696   32.2395    38.5    24.2    31.3    30.9    26.0    23.3 C    57.7    24.9    36.9
53131 201509  2.423 -111.1696   32.2395    33.7    21.5    27.6    27.3    42.1    18.2 C    46.9    21.5    30.7
53131 201510  2.423 -111.1696   32.2395    28.8    16.2    22.5    22.4    42.9    15.8 C    40.6    16.1    24.6
53131 201511  2.423 -111.1696   32.2395    21.8     6.7    14.2    14.5     3.4    13.9 C    32.0     6.2    15.5
53131 201512  2.423 -111.1696   32.2395    17.5     3.5    10.5    10.5    12.2    11.2 C    25.0     2.4    10.4
53131 201601  2.423 -111.1696   32.2395    17.9     3.9    10.9    11.1    37.9    12.3 C    25.1     2.7    10.9
53131 201602  2.423 -111.1696   32.2395    24.5     7.0    15.8    16.1     3.4    17.6 C    36.2     5.9    17.1
53131 201603  2.423 -111.1696   32.2395    26.0     9.2    17.6    18.3     2.2    21.4 C    42.4     9.1    21.9
53131 201604  2.423 -111.1696   32.2395    27.9    11.6    19.7    20.4    12.0    23.6 C    46.6    11.6    25.2
53131 201605  2.423 -111.1696   32.2395    31.5    14.8    23.1    23.9     0.0    27.1 C    51.8    15.0    30.2
53131 201606  2.423 -111.1696   32.2395    38.7    22.4    30.5    31.3    34.2    24.5 C    56.9    22.3    36.4
53131 201607  2.423 -111.1696   32.2395    38.7    24.5    31.6    31.8    74.3    25.0 C    57.1    25.1    37.7
53131 201608  2.423 -111.1696   32.2395    35.1    22.6    28.8    28.7    29.9    21.8 C    53.1    23.2    34.1
53131 201609  2.423 -111.1696   32.2395    33.3    19.6    26.4    26.2    40.5    18.2 C    48.3    19.8    30.0
53131 201610  2.423 -111.1696   32.2395    32.7    16.0    24.4    24.6    14.5    16.7 C    45.6    15.8    26.8
53131 201611  2.423 -111.1696   32.2395    24.3    10.7    17.5    17.7     4.7    12.7 C    35.2     9.7    18.7
53131 201612  2.423 -111.1696   32.2395    19.4     6.0    12.7    12.6    33.8     9.8 C    26.2     5.0    12.7
53131 201701  2.423 -111.1696   32.2395    17.1     4.4    10.7    10.9    23.9    10.6 C    23.5     3.7    10.8
53131 201702  2.423 -111.1696   32.2395    21.6     7.5    14.5    14.6     2.2    14.1 C    32.7     6.7    16.1
53131 201703  2.423 -111.1696   32.2395    27.8    10.8    19.3    19.9     1.8    20.2 C    43.7    10.2    23.2
53131 201704  2.423 -111.1696   32.2395    29.7    12.1    20.9    21.9     0.0    22.0 C    48.7    11.5    26.5
53131 201705  2.423 -111.1696   32.2395    32.3    15.7    24.0    24.7     3.8    23.6 C    51.6    15.0    29.9
53131 201706  2.423 -111.1696   32.2395    40.0    22.5    31.2    32.2     0.0    25.1 C    58.9    22.0    37.7
53131 201707  2.423 -111.1696   32.2395    37.0    23.5    30.2    29.7    74.1    20.2 C    53.7    24.1    34.8
