92827 200712  1.302  -81.3689   27.1526 -9999.0 -9999.0 -9999.0 -9999.0 -9999.0 -9999.0 U -9999.0 -9999.0 -9999.0
92827 200801  1.302  -81.3689   27.1526    23.3    10.1    16.7    16.6    32.8    12.6 R    37.6     8.4    18.2
92827 200802  1.302  -81.3689   27.1526    26.5    12.4    19.4    19.1    44.9    15.2 R    46.0    11.0    21.8
92827 200803  1.302  -81.3689   27.1526    26.5    12.4    19.4    19.4    62.9    18.6 R    48.2    11.0    22.9
92827 200804  1.302  -81.3689   27.1526    28.5    13.4    20.9    20.9    58.3    22.2 R    55.6    12.1    26.1
92827 200805  1.302  -81.3689   27.1526    32.2    17.1    24.6    24.4    41.2    24.2 R    62.4    16.1    30.9
92827 200806  1.302  -81.3689   27.1526    32.7    19.9    26.3    25.2   252.6    20.6 R    56.3    19.5    29.7
92827 200807  1.302  -81.3689   27.1526    31.9    20.9    26.4    25.3   261.1    19.5 R    48.4    21.1    28.6
92827 200808  1.302  -81.3689   27.1526    31.7    22.3    27.0    25.9   334.7    17.5 R    43.1    22.5    28.2
92827 200809  1.302  -81.3689   27.1526    31.1    21.9    26.5    25.8    67.2    17.6 R    39.8    22.0    27.3
92827 200810  1.302  -81.3689   27.1526    28.5    17.4    22.9    22.1    58.8    15.6 R    38.4    16.7    23.6
92827 200811  1.302  -81.3689   27.1526    24.9     9.9    17.4    16.7     9.3    14.7 R    36.8     8.0    18.0
92827 200812  1.302  -81.3689   27.1526    24.6    10.7    17.7    17.3    32.7    12.7 R    36.0     9.3    18.4
92827 200901  1.302  -81.3689   27.1526    22.9     7.4    15.2    14.7    16.5    13.8 R    36.6     5.5    16.0
92827 200902  1.302  -81.3689   27.1526    24.1     7.5    15.8    15.6     8.9    17.3 R    42.4     5.4    18.0
92827 200903  1.302  -81.3689   27.1526    27.2    11.2    19.2    19.1    20.5    18.9 R    48.6     9.4    22.3
92827 200904  1.302  -81.3689   27.1526    29.6    13.4    21.5    21.4    17.8    21.9 R    53.9    11.7    25.7
92827 200905  1.302  -81.3689   27.1526    32.5    17.9    25.2    24.3   164.6    21.1 R    57.5    17.4    29.0
92827 200906  1.302  -81.3689   27.1526    32.9    20.7    26.8    25.9   205.0    21.4 R    52.3    20.7    30.0
92827 200907  1.302  -81.3689   27.1526    32.9    21.1    27.0    26.1   254.1    20.9 R    49.5    21.1    29.5
92827 200908  1.302  -81.3689   27.1526    33.2    22.2    27.7    26.6   119.6    19.2 R    51.8    22.2    30.0
92827 200909  1.302  -81.3689   27.1526    32.2    21.4    26.8    25.8   114.3    17.5 R    45.8    21.4    28.2
92827 200910  1.302  -81.3689   27.1526    31.3    18.0    24.6    24.3    18.7    16.8 R    50.8    17.3    27.6
92827 200911  1.302  -81.3689   27.1526    26.8    13.8    20.3    19.8    19.6    12.3 R    42.3    12.4    21.7
92827 200912  1.302  -81.3689   27.1526    24.3    12.1    18.2    17.8    58.8     9.8 R    37.7    10.9    19.2
92827 201001  2.402  -81.3689   27.1526    20.0     4.9    12.4    12.2    42.7    12.3 R    34.8     3.5    13.9
92827 201002  2.402  -81.3689   27.1526    20.3     5.9    13.1    12.9    44.6    14.0 R    36.8     5.3    15.3
92827 201003  2.402  -81.3689   27.1526    23.1     8.5    15.8    15.8   252.7    18.5 R    42.9     7.2    19.0
92827 201004  2.402  -81.3689   27.1526    27.9    15.3    21.6    21.4    50.0    21.0 R    50.7    13.9    25.6
92827 201005  2.402  -81.3689   27.1526    32.0    19.4    25.7    25.1   116.5    22.0 R    58.2    18.6    30.5
92827 201006  2.402  -81.3689   27.1526    34.3    22.1    28.2    27.1    36.8    21.9 R    55.9    21.9    31.6
92827 201007  2.402  -81.3689   27.1526    33.3    23.0    28.1    27.3   289.8    20.7 R    50.2    22.7    31.0
92827 201008  2.402  -81.3689   27.1526    32.8    23.5    28.2    26.9   335.2    18.3 R    42.3    23.9    29.0
92827 201009  2.402  -81.3689   27.1526    32.2    22.1    27.2    26.2   117.2    18.7 R    40.1    22.2    27.7
92827 201010  2.402  -81.3689   27.1526    29.7    16.4    23.1    22.8     0.0    17.7 R    41.1    15.1    24.4
92827 201011  2.402  -81.3689   27.1526 -9999.0 -9999.0 -9999.0 -9999.0 -9999.0 -9999.0 U -9999.0 -9999.0 -9999.0
92827 201012  2.402  -81.3689   27.1526    19.4     3.6    11.5    11.1    27.2    13.1 R    29.1     2.0    12.1
92827 201101  2.402  -81.3689   27.1526    22.7     8.0    15.3    15.1    56.0    12.3 R    33.7     6.7    16.4
92827 201102  2.402  -81.3689   27.1526    26.1    11.3    18.7    18.2     5.4    15.9 R    41.0    10.0    20.4
92827 201103  2.402  -81.3689   27.1526    27.6    12.1    19.9    19.5   143.5    19.8 R    44.7    10.9    22.4
92827 201104  2.402  -81.3689   27.1526    31.1    16.0    23.6    23.4    73.9    23.3 R    49.1    15.1    27.0
92827 201105  2.402  -81.3689   27.1526    31.8    17.2    24.5    24.2 -9999.0    24.3 R    48.2    16.8    27.8
92827 201106  2.402  -81.3689   27.1526    33.5    19.8    26.7    25.7   180.4    22.2 R    47.9    19.6    28.8
92827 201107  2.402  -81.3689   27.1526    33.2    22.2    27.7    26.6   114.0    20.5 R    45.7    22.3    29.2
92827 201108  2.402  -81.3689   27.1526    33.4    22.8    28.1    26.8   200.5    19.6 R    43.7    22.9    28.9
92827 201109  2.402  -81.3689   27.1526    32.6    21.1    26.9    25.8   121.5    17.8 R    44.0    20.9    27.9
92827 201110  2.402  -81.3689   27.1526    28.0    17.1    22.6    22.0   172.8    14.9 R    37.5    16.4    23.5
92827 201111  2.402  -81.3689   27.1526    26.7    14.6    20.7    19.9    10.5    14.1 R    35.7    13.5    21.0
92827 201112  2.402  -81.3689   27.1526    25.2    12.5    18.8    18.3     6.5    11.8 R    36.6    11.4    19.5
92827 201201  2.402  -81.3689   27.1526    23.9     7.6    15.7    15.7     7.8    14.1 R    38.0     6.0    17.2
92827 201202  2.402  -81.3689   27.1526    26.2    13.4    19.8    19.4    46.9    13.9 R    41.5    12.3    21.7
92827 201203  2.402  -81.3689   27.1526    28.8    13.7    21.3    20.9    26.6    19.4 R    47.4    12.5    23.8
92827 201204  2.402  -81.3689   27.1526    29.5    13.9    21.7    21.5    45.6    21.0 R    50.2    13.0    25.3
92827 201205  2.402  -81.3689   27.1526    31.9    18.3    25.1    24.6   102.2    21.3 R    51.5    17.8    28.5
92827 201206  2.402  -81.3689   27.1526    31.3    20.8    26.1    25.6   257.1    18.5 R    44.4    20.7    28.4
92827 201207  2.402  -81.3689   27.1526    32.9    21.2    27.1    26.2   244.0    20.8 R    48.0    21.2    29.4
92827 201208  2.402  -81.3689   27.1526    32.4    22.3    27.4    26.5   285.2    18.9 R    43.3    22.3    28.8
92827 201209  2.402  -81.3689   27.1526    31.2    21.8    26.5    25.3   222.5    16.8 R    38.5    21.8    26.8
92827 201210  2.402  -81.3689   27.1526    29.0    18.8    23.9    23.0    57.1    15.7 R    36.1    18.5    24.3
92827 201211  2.412  -81.3689   27.1526    24.9    11.5    18.2    17.6     1.2    13.6 R    34.9    10.2    18.9
92827 201212  2.412  -81.3689   27.1526    25.3    11.6    18.5    18.2    54.7    11.5 C    32.6    10.8    19.5
92827 201301  2.412  -81.3689   27.1526    25.9    13.0    19.4    18.8     5.6    12.3 C    34.4    12.3    20.4
92827 201302  2.412  -81.3689   27.1526    25.8    10.8    18.3    17.9    37.9    15.4 C    35.9    10.0    19.9
92827 201303  2.412  -81.3689   27.1526    24.0     7.0    15.5    15.7    28.2    19.0 C    36.0     6.3    18.4
92827 201304  2.412  -81.3689   27.1526    30.1    16.6    23.4    22.7    88.8    19.5 C    41.4    16.5    25.5
92827 201305  2.412  -81.3689   27.1526    30.1    16.5    23.3    23.0   112.4    21.4 C    40.3    16.3    25.7
92827 201306  2.412  -81.3689   27.1526    31.7    21.5    26.6    25.6   447.7    18.3 C    39.2    21.7    27.6
92827 201307  2.412  -81.3689   27.1526    31.2    22.4    26.8    25.6   281.3    18.1 C    42.9    20.6    27.3
92827 201308  2.412  -81.3689   27.1526    32.8    22.9    27.8    26.6   141.0    20.2 C    40.1    23.0    28.5
92827 201309  2.412  -81.3689   27.1526    31.3    21.8    26.6    25.4   218.9    15.8 C    37.5    21.9    26.9
92827 201310  2.412  -81.3689   27.1526    30.1    19.0    24.5    23.9    76.6    16.5 C    37.3    18.6    25.7
92827 201311  2.412  -81.3689   27.1526    27.2    16.4    21.8    21.2    15.7    11.5 C    35.1    16.1    22.7
92827 201312  2.412  -81.3689   27.1526    26.2    14.8    20.5    19.9    10.2    10.3 C    33.0    14.3    21.2
92827 201401  2.422  -81.3689   27.1526    22.1     9.6    15.9    15.5    64.7    10.6 C    31.2     8.9    17.0
92827 201402  2.422  -81.3689   27.1526    26.9    12.3    19.6    19.1    39.0    15.4 C    43.9    10.9    21.8
92827 201403  2.422  -81.3689   27.1526    26.3    12.2    19.2    19.2    52.9    17.7 C    43.2    10.7    22.3
92827 201404  2.422  -81.3689   27.1526    29.5    14.9    22.2    21.9    62.3    20.7 C    46.9    13.7    25.2
92827 201405  2.422  -81.3689   27.1526    31.3    17.4    24.3    24.0   106.6    22.4 C    47.8    16.2    27.1
92827 201406  2.422  -81.3689   27.1526    32.5    20.2    26.4    25.4   122.3    21.2 C    47.8    20.1    28.5
92827 201407  2.422  -81.3689   27.1526    33.0    21.9    27.4    26.2   264.3    19.5 C    46.9    21.7    28.9
92827 201408  2.422  -81.3689   27.1526    33.7    22.4    28.1    26.8   154.4    19.5 C    46.7    21.9    29.3
92827 201409  2.422  -81.3689   27.1526    31.5    21.6    26.5    25.2   246.3    15.2 C    41.7    21.1    26.8
92827 201410  2.422  -81.3689   27.1526    29.8    17.3    23.5    22.9    56.3    17.0 C    40.5    15.6    24.3
92827 201411  2.422  -81.3689   27.1526    25.2    12.4    18.8    18.0    86.9    12.2 C    34.5    10.7    18.9
92827 201412  2.422  -81.3689   27.1526    24.8    11.8    18.3    17.6     8.2    11.6 C    34.9     9.7    18.3
92827 201501  2.422  -81.3689   27.1526    23.9    11.0    17.4    16.9    49.3    12.4 C    34.7     9.1    18.1
92827 201502  2.422  -81.3689   27.1526    23.1     8.5    15.8    15.6   107.8    15.3 C    36.1     6.4    17.3
92827 201503  2.422  -81.3689   27.1526    28.8    15.8    22.3    21.6    30.7    18.3 C    45.4    14.3    24.4
92827 201504  2.422  -81.3689   27.1526    31.2    18.1    24.6    24.0   137.6    20.5 C    46.9    16.8    26.8
92827 201505  2.422  -81.3689   27.1526    31.9    17.9    24.9    24.5    39.8    23.7 C    49.9    16.3    28.0
92827 201506  2.422  -81.3689   27.1526    33.3    20.8    27.0    26.1   335.0    21.6 C    48.7    19.8    29.0
92827 201507  2.422  -81.3689   27.1526    32.5    22.5    27.5    26.4   230.7    19.5 C    42.3    22.1    28.2
92827 201508  2.422  -81.3689   27.1526    33.1    22.6    27.9    26.5   257.4    19.7 C    42.7    22.1    28.3
92827 201509  2.422  -81.3689   27.1526    31.9    22.8    27.4    26.1   198.2    16.7 C    39.0    22.7    27.4
92827 201510  2.422  -81.3689   27.1526    30.0    19.7    24.8    23.9    98.9    15.3 C    37.1    18.9    24.7
92827 201511  2.422  -81.3689   27.1526    29.1    18.9    24.0    23.1    33.3    12.5 C    36.4    17.6    23.7
92827 201512  2.422  -81.3689   27.1526    27.9    17.8    22.8    22.0    66.1    10.5 C    34.5    16.3    22.3
92827 201601  2.422  -81.3689   27.1526    21.2    10.3    15.8    15.5   226.4    10.7 C    28.6     8.4    16.0
92827 201602  2.422  -81.3689   27.1526    23.3     9.8    16.5    16.2    95.0    16.0 C    34.8     7.3    17.2
92827 201603  2.422  -81.3689   27.1526    28.2    15.1    21.7    21.1    56.0    17.6 C    41.5    12.7    22.7
92827 201604  2.422  -81.3689   27.1526    29.3    15.1    22.2    22.1     6.2    22.2 C    45.2    12.2    24.6
92827 201605  2.422  -81.3689   27.1526    31.4    17.0    24.2    23.8   155.2    22.4 C    47.1    14.6    26.5
92827 201606  2.422  -81.3689   27.1526    32.6    22.1    27.3    26.5   200.7    19.4 C    44.6    20.8    28.3
92827 201607  2.422  -81.3689   27.1526 -9999.0 -9999.0 -9999.0 -9999.0 -9999.0 -9999.0 U -9999.0 -9999.0 -9999.0
92827 201608  2.422  -81.3689   27.1526    33.4    23.1    28.2    27.0   131.6    18.2 C    44.9    22.2    28.6
92827 201609  2.422  -81.3689   27.1526    32.5    22.6    27.5    26.2   254.0    17.5 C    43.6    21.8    27.9
92827 201610  2.422  -81.3689   27.1526    29.7    19.5    24.6    23.7    74.4    15.4 C    38.3    17.9    24.6
92827 201611  2.422  -81.3689   27.1526    27.3    13.1    20.2    19.6     0.4    13.9 C    38.4     9.7    20.1
92827 201612  2.422  -81.3689   27.1526    27.3    15.5    21.4    20.5 -9999.0    11.3 C    36.6    13.3    21.4
92827 201701  2.422  -81.3689   27.1526    25.3    10.6    17.9    17.7 -9999.0    12.8 C    35.6     7.9    18.3
92827 201702  2.422  -81.3689   27.1526    27.8    11.4    19.6    19.3 -9999.0    16.0 C    42.2     8.6    20.9
92827 201703  2.422  -81.3689   27.1526    27.6    12.0    19.8    19.5    21.9    19.3 C    45.5     9.2    22.2
92827 201704  2.422  -81.3689   27.1526    30.7    14.7    22.7    22.4    14.6    20.7 C    48.9    12.3    25.3
92827 201705  2.422  -81.3689   27.1526    33.1    17.6    25.3    24.9    87.4    22.8 C    49.7    16.2    28.1
92827 201706  2.422  -81.3689   27.1526    32.1    21.9    27.0    25.7   241.0    15.6 C    43.9    21.3    27.3
92827 201707  2.422  -81.3689   27.1526    33.2    20.5    26.9    25.7 -9999.0    17.6 C    44.6    19.7    27.3
