73802 200812  5.001  -86.3115   31.9155    17.0     7.0    12.0    11.9 -9999.0 -9999.0 U -9999.0 -9999.0 -9999.0
73802 200901  5.001  -86.3115   31.9155    14.2     3.5     8.9     8.8    82.3 -9999.0 U -9999.0 -9999.0 -9999.0
73802 200902  5.001  -86.3115   31.9155    16.3     4.4    10.3    10.4    32.0 -9999.0 U -9999.0 -9999.0 -9999.0
73802 200903  5.001  -86.3115   31.9155    20.2     9.7    14.9    14.7   293.5 -9999.0 U -9999.0 -9999.0 -9999.0
73802 200904  5.001  -86.3115   31.9155    23.0    11.3    17.2    17.1   106.1 -9999.0 U -9999.0 -9999.0 -9999.0
73802 200905  5.101  -86.3115   31.9155    26.0    17.6    21.8    21.2   154.9 -9999.0 U -9999.0 -9999.0 -9999.0
73802 200906  5.101  -86.3115   31.9155    31.5    21.5    26.5    26.4    59.5 -9999.0 U -9999.0 -9999.0 -9999.0
73802 200907  5.101  -86.3115   31.9155    30.3    20.8    25.6    25.1   171.6 -9999.0 U -9999.0 -9999.0 -9999.0
73802 200908  5.101  -86.3115   31.9155    30.3    20.7    25.5    24.6   187.4 -9999.0 U -9999.0 -9999.0 -9999.0
73802 200909  5.101  -86.3115   31.9155    28.2    19.8    24.0    23.2   128.0 -9999.0 U -9999.0 -9999.0 -9999.0
73802 200910  5.101  -86.3115   31.9155    23.9    13.5    18.7    18.1   100.4 -9999.0 U -9999.0 -9999.0 -9999.0
73802 200911  5.101  -86.3115   31.9155    18.4     7.6    13.0    12.8   147.4 -9999.0 U -9999.0 -9999.0 -9999.0
73802 200912  5.101  -86.3115   31.9155    12.6     3.8     8.2     8.0   377.6 -9999.0 U -9999.0 -9999.0 -9999.0
73802 201001  5.101  -86.3115   31.9155    11.2     0.5     5.8     5.5   192.5 -9999.0 U -9999.0 -9999.0 -9999.0
73802 201002  5.101  -86.3115   31.9155    11.0     0.8     5.9     5.8    94.5 -9999.0 U -9999.0 -9999.0 -9999.0
73802 201003  5.101  -86.3115   31.9155    17.0     6.2    11.6    11.5   168.1 -9999.0 U -9999.0 -9999.0 -9999.0
73802 201004  5.101  -86.3115   31.9155    25.3    12.2    18.7    18.9    37.2 -9999.0 U -9999.0 -9999.0 -9999.0
73802 201005  5.101  -86.3115   31.9155    28.8    18.2    23.5    23.2   110.7 -9999.0 U -9999.0 -9999.0 -9999.0
73802 201006  5.101  -86.3115   31.9155    33.0    21.6    27.3    26.7    66.0 -9999.0 U -9999.0 -9999.0 -9999.0
73802 201007  5.101  -86.3115   31.9155    33.7    22.6    28.1    27.4    59.0 -9999.0 U -9999.0 -9999.0 -9999.0
73802 201008  5.101  -86.3115   31.9155    33.4    22.9    28.1    27.0    98.3 -9999.0 U -9999.0 -9999.0 -9999.0
73802 201009  5.101  -86.3115   31.9155    33.4    19.4    26.4    25.8    54.2 -9999.0 U -9999.0 -9999.0 -9999.0
73802 201010  5.101  -86.3115   31.9155    26.6    13.1    19.9    19.6    65.4 -9999.0 U -9999.0 -9999.0 -9999.0
73802 201011  5.101  -86.3115   31.9155    20.6     8.2    14.4    14.2   117.2 -9999.0 U -9999.0 -9999.0 -9999.0
73802 201012  5.101  -86.3115   31.9155    11.6     0.6     6.1     6.0    34.8 -9999.0 U -9999.0 -9999.0 -9999.0
73802 201101  5.101  -86.3115   31.9155    11.3     1.5     6.4     6.4    91.0 -9999.0 U -9999.0 -9999.0 -9999.0
73802 201102  5.101  -86.3115   31.9155    17.0     5.5    11.3    11.1   168.9 -9999.0 U -9999.0 -9999.0 -9999.0
73802 201103  5.101  -86.3115   31.9155    21.6     9.9    15.7    15.5   169.3 -9999.0 U -9999.0 -9999.0 -9999.0
73802 201104  5.101  -86.3115   31.9155    25.9    13.1    19.5    19.8    47.8 -9999.0 U -9999.0 -9999.0 -9999.0
73802 201105  5.101  -86.3115   31.9155    28.5    15.6    22.0    21.9    29.6 -9999.0 U -9999.0 -9999.0 -9999.0
73802 201106  5.101  -86.3115   31.9155    33.9    21.4    27.6    27.1   103.4 -9999.0 U -9999.0 -9999.0 -9999.0
73802 201107  5.101  -86.3115   31.9155    31.5    22.4    26.9    26.2   191.6 -9999.0 U -9999.0 -9999.0 -9999.0
73802 201108  5.101  -86.3115   31.9155    33.7    22.1    27.9    27.4    31.5 -9999.0 U -9999.0 -9999.0 -9999.0
73802 201109  5.101  -86.3115   31.9155    28.2    17.7    23.0    22.7    92.9 -9999.0 U -9999.0 -9999.0 -9999.0
73802 201110  5.101  -86.3115   31.9155    23.7    11.5    17.6    17.4    22.7 -9999.0 U -9999.0 -9999.0 -9999.0
73802 201111  5.101  -86.3115   31.9155    19.8     8.5    14.1    14.0    90.0 -9999.0 U -9999.0 -9999.0 -9999.0
73802 201112  5.101  -86.3115   31.9155    16.6     6.3    11.4    11.3   119.9 -9999.0 U -9999.0 -9999.0 -9999.0
73802 201201  5.101  -86.3115   31.9155    17.5     6.7    12.1    11.8    71.4 -9999.0 U -9999.0 -9999.0 -9999.0
73802 201202  5.101  -86.3115   31.9155    16.9     7.4    12.1    11.9   164.9 -9999.0 U -9999.0 -9999.0 -9999.0
73802 201203  5.101  -86.3115   31.9155    24.1    13.3    18.7    18.5   139.3 -9999.0 U -9999.0 -9999.0 -9999.0
73802 201204  5.101  -86.3115   31.9155    24.5    13.5    19.0    18.9    52.1 -9999.0 U -9999.0 -9999.0 -9999.0
73802 201205  5.101  -86.3115   31.9155    28.4    17.7    23.1    22.8   125.6 -9999.0 U -9999.0 -9999.0 -9999.0
73802 201206  5.101  -86.3115   31.9155    29.8    19.6    24.7    24.6   105.6 -9999.0 U -9999.0 -9999.0 -9999.0
73802 201207  5.101  -86.3115   31.9155    32.4    21.6    27.0    26.3   130.2 -9999.0 U -9999.0 -9999.0 -9999.0
73802 201208  5.101  -86.3115   31.9155    30.7    20.9    25.8    25.1    70.6 -9999.0 U -9999.0 -9999.0 -9999.0
73802 201209  5.101  -86.3115   31.9155    28.5    18.3    23.4    23.0   163.6 -9999.0 U -9999.0 -9999.0 -9999.0
73802 201210  5.101  -86.3115   31.9155    24.2    12.2    18.2    17.9    24.5 -9999.0 U -9999.0 -9999.0 -9999.0
73802 201211  5.101  -86.3115   31.9155    18.8     6.4    12.6    12.5    27.5 -9999.0 U -9999.0 -9999.0 -9999.0
73802 201212  5.101  -86.3115   31.9155    17.2     6.4    11.8    11.5   125.7 -9999.0 U -9999.0 -9999.0 -9999.0
73802 201301  5.101  -86.3115   31.9155    17.3     6.9    12.1    11.9   111.1 -9999.0 U -9999.0 -9999.0 -9999.0
73802 201302  5.101  -86.3115   31.9155    16.0     4.6    10.3    10.3   282.8 -9999.0 U -9999.0 -9999.0 -9999.0
73802 201303  5.101  -86.3115   31.9155    17.1     4.9    11.0    10.8    83.2 -9999.0 U -9999.0 -9999.0 -9999.0
73802 201304  5.101  -86.3115   31.9155    23.6    12.2    17.9    17.7    84.3 -9999.0 U -9999.0 -9999.0 -9999.0
73802 201305  5.101  -86.3115   31.9155    26.3    15.0    20.6    20.7    42.9 -9999.0 U -9999.0 -9999.0 -9999.0
73802 201306  5.101  -86.3115   31.9155    30.2    20.4    25.3    24.7   238.8 -9999.0 U -9999.0 -9999.0 -9999.0
73802 201307  5.101  -86.3115   31.9155    29.0    20.8    24.9    24.1   420.3 -9999.0 U -9999.0 -9999.0 -9999.0
73802 201308  5.101  -86.3115   31.9155    30.0    20.7    25.4    24.6   114.0 -9999.0 U -9999.0 -9999.0 -9999.0
73802 201309  5.101  -86.3115   31.9155    29.3    19.0    24.1    23.7    90.1 -9999.0 U -9999.0 -9999.0 -9999.0
73802 201310  5.101  -86.3115   31.9155    24.7    13.7    19.2    18.8    11.9 -9999.0 U -9999.0 -9999.0 -9999.0
73802 201311  5.101  -86.3115   31.9155    18.3     6.0    12.1    12.1    65.2 -9999.0 U -9999.0 -9999.0 -9999.0
73802 201312  5.101  -86.3115   31.9155    15.9     5.3    10.6    10.4   187.7 -9999.0 U -9999.0 -9999.0 -9999.0
73802 201401  5.101  -86.3115   31.9155    10.5    -1.8     4.4     4.4    89.3 -9999.0 U -9999.0 -9999.0 -9999.0
73802 201402  5.101  -86.3115   31.9155    16.3     5.0    10.6    10.3   167.5 -9999.0 U -9999.0 -9999.0 -9999.0
73802 201403  5.101  -86.3115   31.9155    18.7     6.6    12.6    12.6   168.4 -9999.0 U -9999.0 -9999.0 -9999.0
73802 201404  5.101  -86.3115   31.9155    23.2    12.0    17.6    17.4   272.0 -9999.0 U -9999.0 -9999.0 -9999.0
73802 201405  5.101  -86.3115   31.9155    27.3    16.1    21.7    21.5   169.8 -9999.0 U -9999.0 -9999.0 -9999.0
73802 201406  5.101  -86.3115   31.9155    30.1    20.2    25.2    24.6    90.8 -9999.0 U -9999.0 -9999.0 -9999.0
73802 201407  5.101  -86.3115   31.9155    31.1    20.4    25.8    25.3    70.8 -9999.0 U -9999.0 -9999.0 -9999.0
73802 201408  5.101  -86.3115   31.9155    32.4    21.1    26.8    25.9    68.7 -9999.0 U -9999.0 -9999.0 -9999.0
73802 201409  5.101  -86.3115   31.9155    30.3    19.6    25.0    23.9    46.3 -9999.0 U -9999.0 -9999.0 -9999.0
73802 201410  5.101  -86.3115   31.9155    25.9    13.7    19.8    19.5    64.8 -9999.0 U -9999.0 -9999.0 -9999.0
73802 201411  5.101  -86.3115   31.9155    16.9     4.0    10.5    10.5    73.6 -9999.0 U -9999.0 -9999.0 -9999.0
73802 201412  5.101  -86.3115   31.9155 -9999.0 -9999.0 -9999.0 -9999.0 -9999.0 -9999.0 U -9999.0 -9999.0 -9999.0
73802 201501  5.101  -86.3115   31.9155    13.7     2.8     8.2     8.2    88.8 -9999.0 U -9999.0 -9999.0 -9999.0
73802 201502  5.101  -86.3115   31.9155    12.6     0.9     6.7     6.6    85.3 -9999.0 U -9999.0 -9999.0 -9999.0
73802 201503  5.101  -86.3115   31.9155    21.3    10.9    16.1    15.8    76.5 -9999.0 U -9999.0 -9999.0 -9999.0
73802 201504  5.101  -86.3115   31.9155    24.5    15.0    19.8    19.4   203.9 -9999.0 U -9999.0 -9999.0 -9999.0
73802 201505  5.101  -86.3115   31.9155    28.3    17.0    22.7    22.2    80.2 -9999.0 U -9999.0 -9999.0 -9999.0
73802 201506  5.101  -86.3115   31.9155    31.3    20.6    26.0    25.5   104.5 -9999.0 U -9999.0 -9999.0 -9999.0
73802 201507  5.101  -86.3115   31.9155    33.2    22.3    27.7    27.1    51.1 -9999.0 U -9999.0 -9999.0 -9999.0
73802 201508  5.101  -86.3115   31.9155    33.0    21.1    27.1    26.1    79.2 -9999.0 U -9999.0 -9999.0 -9999.0
73802 201509  5.101  -86.3115   31.9155    29.5    18.7    24.1    23.4    79.0 -9999.0 U -9999.0 -9999.0 -9999.0
73802 201510  5.101  -86.3115   31.9155    24.2    14.1    19.2    18.9   127.7 -9999.0 U -9999.0 -9999.0 -9999.0
73802 201511  5.101  -86.3115   31.9155    20.9    11.4    16.1    15.8   179.3 -9999.0 U -9999.0 -9999.0 -9999.0
73802 201512  5.101  -86.3115   31.9155    19.5    10.2    14.8    14.7 -9999.0 -9999.0 U -9999.0 -9999.0 -9999.0
73802 201601  5.101  -86.3115   31.9155    12.8     2.6     7.7     7.5   137.7 -9999.0 U -9999.0 -9999.0 -9999.0
73802 201602  5.101  -86.3115   31.9155    16.8     5.2    11.0    10.8    79.4 -9999.0 U -9999.0 -9999.0 -9999.0
73802 201603  5.101  -86.3115   31.9155    21.9    10.9    16.4    16.1   134.2 -9999.0 U -9999.0 -9999.0 -9999.0
73802 201604  5.101  -86.3115   31.9155    23.7    12.8    18.2    18.2   172.0 -9999.0 U -9999.0 -9999.0 -9999.0
73802 201605  5.101  -86.3115   31.9155    26.9    16.3    21.6    21.6    78.1 -9999.0 U -9999.0 -9999.0 -9999.0
73802 201606  5.101  -86.3115   31.9155    31.2    20.6    25.9    25.7    74.7 -9999.0 U -9999.0 -9999.0 -9999.0
73802 201607  5.101  -86.3115   31.9155    32.3    22.0    27.2    26.3   123.5 -9999.0 U -9999.0 -9999.0 -9999.0
73802 201608  5.101  -86.3115   31.9155    32.0    22.1    27.0    26.1    92.2 -9999.0 U -9999.0 -9999.0 -9999.0
73802 201609  5.101  -86.3115   31.9155    31.9    20.2    26.1    25.2    35.0 -9999.0 U -9999.0 -9999.0 -9999.0
73802 201610  5.101  -86.3115   31.9155    28.8    14.8    21.8    21.6     0.0 -9999.0 U -9999.0 -9999.0 -9999.0
73802 201611  5.101  -86.3115   31.9155    23.2     9.7    16.5    16.2    45.5 -9999.0 U -9999.0 -9999.0 -9999.0
73802 201612  5.101  -86.3115   31.9155    16.8     6.8    11.8    11.7    98.0 -9999.0 U -9999.0 -9999.0 -9999.0
73802 201701  5.101  -86.3115   31.9155 -9999.0 -9999.0 -9999.0 -9999.0 -9999.0 -9999.0 U -9999.0 -9999.0 -9999.0
73802 201702  5.101  -86.3115   31.9155    20.4     8.7    14.5    14.4   118.9 -9999.0 U -9999.0 -9999.0 -9999.0
73802 201703  5.101  -86.3115   31.9155    21.0    10.1    15.6    15.4    71.9 -9999.0 U -9999.0 -9999.0 -9999.0
73802 201704  5.101  -86.3115   31.9155    25.8    13.9    19.9    20.1    85.9 -9999.0 U -9999.0 -9999.0 -9999.0
73802 201705  5.101  -86.3115   31.9155    27.1    16.0    21.5    21.5   153.7 -9999.0 U -9999.0 -9999.0 -9999.0
73802 201706  5.101  -86.3115   31.9155    28.6    19.8    24.2    23.6   407.1 -9999.0 U -9999.0 -9999.0 -9999.0
73802 201707  5.101  -86.3115   31.9155    31.2    21.6    26.4    25.6   186.5 -9999.0 U -9999.0 -9999.0 -9999.0
