63897 200703  5.002  -86.9787   32.3349 -9999.0 -9999.0 -9999.0 -9999.0 -9999.0 -9999.0 U -9999.0 -9999.0 -9999.0
63897 200704  5.002  -86.9787   32.3349    23.3     8.1    15.7    15.9    49.9 -9999.0 U -9999.0 -9999.0 -9999.0
63897 200705  5.002  -86.9787   32.3349    30.5    12.9    21.7    21.9     2.3 -9999.0 U -9999.0 -9999.0 -9999.0
63897 200706  5.002  -86.9787   32.3349    34.5    18.7    26.6    26.1    55.4 -9999.0 U -9999.0 -9999.0 -9999.0
63897 200707  5.002  -86.9787   32.3349    32.3    21.1    26.7    25.9    80.2 -9999.0 U -9999.0 -9999.0 -9999.0
63897 200708  5.002  -86.9787   32.3349    36.9    22.6    29.7    28.9    71.6 -9999.0 U -9999.0 -9999.0 -9999.0
63897 200709  5.002  -86.9787   32.3349    31.2    18.0    24.6    24.1    33.0 -9999.0 U -9999.0 -9999.0 -9999.0
63897 200710  5.002  -86.9787   32.3349    26.4    12.3    19.3    19.1    44.0 -9999.0 U -9999.0 -9999.0 -9999.0
63897 200711  5.002  -86.9787   32.3349    20.2     3.7    11.9    11.7    52.8 -9999.0 U -9999.0 -9999.0 -9999.0
63897 200712  5.002  -86.9787   32.3349    17.2     4.6    10.9    10.8    76.8 -9999.0 U -9999.0 -9999.0 -9999.0
63897 200801  5.002  -86.9787   32.3349    12.7     0.1     6.4     6.4   132.5 -9999.0 U -9999.0 -9999.0 -9999.0
63897 200802  5.002  -86.9787   32.3349    18.0     2.4    10.2    10.0   133.3 -9999.0 U -9999.0 -9999.0 -9999.0
63897 200803  5.002  -86.9787   32.3349    20.9     5.3    13.1    13.4   100.6 -9999.0 U -9999.0 -9999.0 -9999.0
63897 200804  5.002  -86.9787   32.3349    24.1    10.3    17.2    17.3   113.2 -9999.0 U -9999.0 -9999.0 -9999.0
63897 200805  5.002  -86.9787   32.3349    28.6    15.2    21.9    22.0    74.8 -9999.0 U -9999.0 -9999.0 -9999.0
63897 200806  5.002  -86.9787   32.3349    33.4    19.5    26.4    25.8    58.0 -9999.0 U -9999.0 -9999.0 -9999.0
63897 200807  5.002  -86.9787   32.3349 -9999.0 -9999.0 -9999.0 -9999.0 -9999.0 -9999.0 U -9999.0 -9999.0 -9999.0
63897 200808  5.002  -86.9787   32.3349    31.1    20.8    25.9    25.5   224.3 -9999.0 U -9999.0 -9999.0 -9999.0
63897 200809  5.002  -86.9787   32.3349    29.8    18.0    23.9    23.3    16.7 -9999.0 U -9999.0 -9999.0 -9999.0
63897 200810  5.002  -86.9787   32.3349    23.7     9.8    16.7    16.4    47.7 -9999.0 U -9999.0 -9999.0 -9999.0
63897 200811  5.002  -86.9787   32.3349    19.0     3.1    11.0    10.7    82.3 -9999.0 U -9999.0 -9999.0 -9999.0
63897 200812  5.002  -86.9787   32.3349    17.0     4.7    10.9    10.7   115.5 -9999.0 U -9999.0 -9999.0 -9999.0
63897 200901  5.002  -86.9787   32.3349    14.8     1.6     8.2     8.0    58.2 -9999.0 U -9999.0 -9999.0 -9999.0
63897 200902  5.002  -86.9787   32.3349    17.4     1.1     9.3     9.4    91.4 -9999.0 U -9999.0 -9999.0 -9999.0
63897 200903  5.002  -86.9787   32.3349    20.9     7.7    14.3    14.3   334.2 -9999.0 U -9999.0 -9999.0 -9999.0
63897 200904  5.002  -86.9787   32.3349    24.2     9.7    17.0    17.0    56.7 -9999.0 U -9999.0 -9999.0 -9999.0
63897 200905  5.002  -86.9787   32.3349    27.5    17.3    22.4    21.9   202.3 -9999.0 U -9999.0 -9999.0 -9999.0
63897 200906  5.102  -86.9787   32.3349    33.0    19.9    26.4    26.2    44.4 -9999.0 U -9999.0 -9999.0 -9999.0
63897 200907  5.102  -86.9787   32.3349    32.0    20.2    26.1    25.5   150.4 -9999.0 U -9999.0 -9999.0 -9999.0
63897 200908  5.102  -86.9787   32.3349    31.4    20.4    25.9    25.1    82.5 -9999.0 U -9999.0 -9999.0 -9999.0
63897 200909  5.102  -86.9787   32.3349    29.0    19.7    24.3    23.5   131.9 -9999.0 U -9999.0 -9999.0 -9999.0
63897 200910  5.102  -86.9787   32.3349    23.2    12.2    17.7    17.5    96.3 -9999.0 U -9999.0 -9999.0 -9999.0
63897 200911  5.102  -86.9787   32.3349    18.7     4.3    11.5    11.0   130.5 -9999.0 U -9999.0 -9999.0 -9999.0
63897 200912  5.102  -86.9787   32.3349    12.6     2.3     7.4     7.5   263.7 -9999.0 U -9999.0 -9999.0 -9999.0
63897 201001  5.102  -86.9787   32.3349    11.1    -1.5     4.8     4.4   129.7 -9999.0 U -9999.0 -9999.0 -9999.0
63897 201002  5.102  -86.9787   32.3349    11.3    -0.8     5.3     5.1   111.7 -9999.0 U -9999.0 -9999.0 -9999.0
63897 201003  5.102  -86.9787   32.3349    17.7     4.0    10.9    10.7   114.2 -9999.0 U -9999.0 -9999.0 -9999.0
63897 201004  5.102  -86.9787   32.3349    25.8     9.2    17.5    17.7    77.1 -9999.0 U -9999.0 -9999.0 -9999.0
63897 201005  5.102  -86.9787   32.3349    29.9    17.1    23.5    23.2   162.4 -9999.0 U -9999.0 -9999.0 -9999.0
63897 201006  5.102  -86.9787   32.3349    33.7    21.4    27.6    26.9    98.1 -9999.0 U -9999.0 -9999.0 -9999.0
63897 201007  5.102  -86.9787   32.3349    34.2    22.7    28.5    27.9    62.7 -9999.0 U -9999.0 -9999.0 -9999.0
63897 201008  5.102  -86.9787   32.3349    34.9    22.9    28.9    27.9    83.1 -9999.0 U -9999.0 -9999.0 -9999.0
63897 201009  5.102  -86.9787   32.3349    33.1    17.3    25.2    24.9     6.7 -9999.0 U -9999.0 -9999.0 -9999.0
63897 201010  5.102  -86.9787   32.3349    27.4     8.7    18.1    17.8   120.3 -9999.0 U -9999.0 -9999.0 -9999.0
63897 201011  5.102  -86.9787   32.3349    20.7     5.7    13.2    12.7   151.3 -9999.0 U -9999.0 -9999.0 -9999.0
63897 201012  5.102  -86.9787   32.3349    12.1    -0.7     5.7     5.3    32.3 -9999.0 U -9999.0 -9999.0 -9999.0
63897 201101  5.102  -86.9787   32.3349    11.8    -0.3     5.8     5.7    64.5 -9999.0 U -9999.0 -9999.0 -9999.0
63897 201102  5.102  -86.9787   32.3349    17.5     2.6    10.0    10.0    90.4 -9999.0 U -9999.0 -9999.0 -9999.0
63897 201103  5.102  -86.9787   32.3349    21.4     7.9    14.7    14.7   212.9 -9999.0 U -9999.0 -9999.0 -9999.0
63897 201104  5.102  -86.9787   32.3349    26.7    11.6    19.2    19.3    73.6 -9999.0 U -9999.0 -9999.0 -9999.0
63897 201105  5.102  -86.9787   32.3349    29.3    13.6    21.5    21.4    25.4 -9999.0 U -9999.0 -9999.0 -9999.0
63897 201106  5.102  -86.9787   32.3349    35.4    20.7    28.0    27.4    62.8 -9999.0 U -9999.0 -9999.0 -9999.0
63897 201107  5.102  -86.9787   32.3349    33.7    22.3    28.0    27.0    99.4 -9999.0 U -9999.0 -9999.0 -9999.0
63897 201108  5.102  -86.9787   32.3349    35.2    21.1    28.1    27.4    88.7 -9999.0 U -9999.0 -9999.0 -9999.0
63897 201109  5.102  -86.9787   32.3349    29.0    16.7    22.9    22.4    78.4 -9999.0 U -9999.0 -9999.0 -9999.0
63897 201110  5.102  -86.9787   32.3349    24.3     7.6    16.0    15.6    18.9 -9999.0 U -9999.0 -9999.0 -9999.0
63897 201111  5.102  -86.9787   32.3349    20.5     6.3    13.4    13.3    66.6 -9999.0 U -9999.0 -9999.0 -9999.0
63897 201112  5.102  -86.9787   32.3349    16.8     3.9    10.3    10.1    87.2 -9999.0 U -9999.0 -9999.0 -9999.0
63897 201201  5.102  -86.9787   32.3349    17.8     3.7    10.8    10.9   111.6 -9999.0 U -9999.0 -9999.0 -9999.0
63897 201202  5.102  -86.9787   32.3349    17.2     6.6    11.9    11.8   125.3 -9999.0 U -9999.0 -9999.0 -9999.0
63897 201203  5.102  -86.9787   32.3349    24.9    11.3    18.1    18.1   171.4 -9999.0 U -9999.0 -9999.0 -9999.0
63897 201204  5.102  -86.9787   32.3349    25.8    11.4    18.6    18.5    29.4 -9999.0 U -9999.0 -9999.0 -9999.0
63897 201205  5.102  -86.9787   32.3349    30.0    16.2    23.1    22.8   111.3 -9999.0 U -9999.0 -9999.0 -9999.0
63897 201206  5.102  -86.9787   32.3349    31.5    19.0    25.3    25.2    43.1 -9999.0 U -9999.0 -9999.0 -9999.0
63897 201207  5.102  -86.9787   32.3349    33.4    21.9    27.6    26.7   229.6 -9999.0 U -9999.0 -9999.0 -9999.0
63897 201208  5.102  -86.9787   32.3349    31.6    20.7    26.2    25.4    96.0 -9999.0 U -9999.0 -9999.0 -9999.0
63897 201209  5.102  -86.9787   32.3349    28.7    17.1    22.9    22.5   235.8 -9999.0 U -9999.0 -9999.0 -9999.0
63897 201210  5.102  -86.9787   32.3349    24.3     9.5    16.9    16.5    36.6 -9999.0 U -9999.0 -9999.0 -9999.0
63897 201211  5.102  -86.9787   32.3349    19.1     2.2    10.6    10.2    17.3 -9999.0 U -9999.0 -9999.0 -9999.0
63897 201212  5.102  -86.9787   32.3349    17.6     4.2    10.9    10.6   250.8 -9999.0 U -9999.0 -9999.0 -9999.0
63897 201301  5.102  -86.9787   32.3349    16.5     5.2    10.9    10.6   131.1 -9999.0 U -9999.0 -9999.0 -9999.0
63897 201302  5.102  -86.9787   32.3349    15.9     2.8     9.3     9.6   365.1 -9999.0 U -9999.0 -9999.0 -9999.0
63897 201303  5.102  -86.9787   32.3349    17.9     3.5    10.7    10.7    80.3 -9999.0 U -9999.0 -9999.0 -9999.0
63897 201304  5.102  -86.9787   32.3349    24.0    10.2    17.1    17.2   139.6 -9999.0 U -9999.0 -9999.0 -9999.0
63897 201305  5.102  -86.9787   32.3349    26.9    13.9    20.4    20.5    51.5 -9999.0 U -9999.0 -9999.0 -9999.0
63897 201306  5.102  -86.9787   32.3349    31.5    20.3    25.9    25.4   108.4 -9999.0 U -9999.0 -9999.0 -9999.0
63897 201307  5.102  -86.9787   32.3349    30.3    21.1    25.7    24.9   165.1 -9999.0 U -9999.0 -9999.0 -9999.0
63897 201308  5.102  -86.9787   32.3349    30.6    20.9    25.7    25.1   287.9 -9999.0 U -9999.0 -9999.0 -9999.0
63897 201309  5.102  -86.9787   32.3349    30.0    18.1    24.1    23.6    31.2 -9999.0 U -9999.0 -9999.0 -9999.0
63897 201310  5.102  -86.9787   32.3349    25.0    12.1    18.5    18.1    69.9 -9999.0 U -9999.0 -9999.0 -9999.0
63897 201311  5.102  -86.9787   32.3349    17.7     4.3    11.0    11.0    76.7 -9999.0 U -9999.0 -9999.0 -9999.0
63897 201312  5.102  -86.9787   32.3349    15.5     3.5     9.5     9.1   208.2 -9999.0 U -9999.0 -9999.0 -9999.0
63897 201401  5.102  -86.9787   32.3349    10.5    -3.9     3.3     3.5    66.4 -9999.0 U -9999.0 -9999.0 -9999.0
63897 201402  5.102  -86.9787   32.3349    16.5     2.9     9.7     9.3   113.3 -9999.0 U -9999.0 -9999.0 -9999.0
63897 201403  5.102  -86.9787   32.3349    19.1     4.9    12.0    11.9   168.4 -9999.0 U -9999.0 -9999.0 -9999.0
63897 201404  5.102  -86.9787   32.3349    23.9    11.0    17.4    17.4   186.8 -9999.0 U -9999.0 -9999.0 -9999.0
63897 201405  5.102  -86.9787   32.3349    28.3    14.7    21.5    21.3   126.6 -9999.0 U -9999.0 -9999.0 -9999.0
63897 201406  5.102  -86.9787   32.3349    31.6    20.1    25.8    25.3    45.4 -9999.0 U -9999.0 -9999.0 -9999.0
63897 201407  5.102  -86.9787   32.3349    32.1    19.8    25.9    25.7   127.3 -9999.0 U -9999.0 -9999.0 -9999.0
63897 201408  5.102  -86.9787   32.3349    33.5    20.3    26.9    26.1    60.7 -9999.0 U -9999.0 -9999.0 -9999.0
63897 201409  5.102  -86.9787   32.3349    30.9    19.3    25.1    24.4    65.0 -9999.0 U -9999.0 -9999.0 -9999.0
63897 201410  5.102  -86.9787   32.3349    26.4    10.9    18.7    18.2   100.5 -9999.0 U -9999.0 -9999.0 -9999.0
63897 201411  5.102  -86.9787   32.3349    17.4     1.8     9.6     9.3    32.7 -9999.0 U -9999.0 -9999.0 -9999.0
63897 201412  5.102  -86.9787   32.3349    16.7     4.3    10.5    10.4   121.6 -9999.0 U -9999.0 -9999.0 -9999.0
63897 201501  5.102  -86.9787   32.3349    13.7     0.3     7.0     7.0   102.7 -9999.0 U -9999.0 -9999.0 -9999.0
63897 201502  5.102  -86.9787   32.3349    12.8    -0.6     6.1     6.0   113.2 -9999.0 U -9999.0 -9999.0 -9999.0
63897 201503  5.102  -86.9787   32.3349    21.4     9.0    15.2    14.9    88.7 -9999.0 U -9999.0 -9999.0 -9999.0
63897 201504  5.102  -86.9787   32.3349    25.1    13.2    19.2    19.3   115.0 -9999.0 U -9999.0 -9999.0 -9999.0
63897 201505  5.102  -86.9787   32.3349    29.2    15.5    22.4    21.9   132.7 -9999.0 U -9999.0 -9999.0 -9999.0
63897 201506  5.102  -86.9787   32.3349    31.8    20.2    26.0    25.7    72.9 -9999.0 U -9999.0 -9999.0 -9999.0
63897 201507  5.102  -86.9787   32.3349    33.8    22.0    27.9    27.3    80.6 -9999.0 U -9999.0 -9999.0 -9999.0
63897 201508  5.102  -86.9787   32.3349    33.6    20.1    26.9    26.2    68.8 -9999.0 U -9999.0 -9999.0 -9999.0
63897 201509  5.102  -86.9787   32.3349    30.3    17.5    23.9    23.5    45.2 -9999.0 U -9999.0 -9999.0 -9999.0
63897 201510  5.102  -86.9787   32.3349    25.5    11.9    18.7    18.5    62.5 -9999.0 U -9999.0 -9999.0 -9999.0
63897 201511  5.102  -86.9787   32.3349    21.4     9.5    15.4    15.2   128.9 -9999.0 U -9999.0 -9999.0 -9999.0
63897 201512  5.102  -86.9787   32.3349    19.8     8.5    14.2    14.0   204.2 -9999.0 U -9999.0 -9999.0 -9999.0
63897 201601  5.102  -86.9787   32.3349    13.2     0.7     7.0     6.7   122.1 -9999.0 U -9999.0 -9999.0 -9999.0
63897 201602  5.102  -86.9787   32.3349    17.6     3.8    10.7    10.3   197.8 -9999.0 U -9999.0 -9999.0 -9999.0
63897 201603  5.102  -86.9787   32.3349    22.1     9.0    15.6    15.5   220.1 -9999.0 U -9999.0 -9999.0 -9999.0
63897 201604  5.102  -86.9787   32.3349    24.5    10.7    17.6    17.7   184.5 -9999.0 U -9999.0 -9999.0 -9999.0
63897 201605  5.102  -86.9787   32.3349    28.4    15.0    21.7    21.6    76.6 -9999.0 U -9999.0 -9999.0 -9999.0
63897 201606  5.102  -86.9787   32.3349    32.5    20.3    26.4    25.8   114.9 -9999.0 U -9999.0 -9999.0 -9999.0
63897 201607  5.102  -86.9787   32.3349    33.7    22.0    27.8    27.0    84.8 -9999.0 U -9999.0 -9999.0 -9999.0
63897 201608  5.102  -86.9787   32.3349    33.4    22.4    27.9    26.8    81.0 -9999.0 U -9999.0 -9999.0 -9999.0
63897 201609  5.102  -86.9787   32.3349    32.5    19.5    26.0    25.0   134.5 -9999.0 U -9999.0 -9999.0 -9999.0
63897 201610  5.102  -86.9787   32.3349    28.6    11.2    19.9    19.5     0.0 -9999.0 U -9999.0 -9999.0 -9999.0
63897 201611  5.102  -86.9787   32.3349    23.0     4.8    13.9    13.9    66.4 -9999.0 U -9999.0 -9999.0 -9999.0
63897 201612  5.102  -86.9787   32.3349    16.4     4.8    10.6    10.6   146.0 -9999.0 U -9999.0 -9999.0 -9999.0
63897 201701  5.102  -86.9787   32.3349    18.2     5.9    12.0    12.0   311.8 -9999.0 U -9999.0 -9999.0 -9999.0
63897 201702  5.102  -86.9787   32.3349    20.4     6.7    13.6    13.8    90.3 -9999.0 U -9999.0 -9999.0 -9999.0
63897 201703  5.102  -86.9787   32.3349    21.9     8.2    15.1    15.1   105.9 -9999.0 U -9999.0 -9999.0 -9999.0
63897 201704  5.102  -86.9787   32.3349    27.2    12.2    19.7    19.7    84.3 -9999.0 U -9999.0 -9999.0 -9999.0
63897 201705  5.102  -86.9787   32.3349    27.7    14.4    21.0    21.2   191.8 -9999.0 U -9999.0 -9999.0 -9999.0
63897 201706  5.102  -86.9787   32.3349    29.3    19.8    24.5    24.0   234.1 -9999.0 U -9999.0 -9999.0 -9999.0
63897 201707  5.102  -86.9787   32.3349    32.5    21.3    26.9    26.3    68.3 -9999.0 U -9999.0 -9999.0 -9999.0
