03048 200305  1.001 -106.8859   34.3557 -9999.0 -9999.0 -9999.0 -9999.0 -9999.0 -9999.0 U -9999.0 -9999.0 -9999.0
03048 200306  1.001 -106.8859   34.3557    32.8    15.2    24.0    24.4     3.5    26.9 R -9999.0 -9999.0    31.2
03048 200307  1.001 -106.8859   34.3557    37.3    20.6    28.9    29.2     4.0    27.9 R -9999.0 -9999.0    36.6
03048 200308  1.001 -106.8859   34.3557    33.6    17.8    25.7    25.6    16.3    23.9 R -9999.0 -9999.0    31.8
03048 200309  1.001 -106.8859   34.3557    30.0    13.8    21.9    21.9    14.8    21.7 R -9999.0 -9999.0    25.8
03048 200310  1.001 -106.8859   34.3557    24.6     8.6    16.6    16.6    39.8    17.7 R -9999.0 -9999.0    17.5
03048 200311  1.001 -106.8859   34.3557    15.5     0.2     7.9     8.1    13.9    13.1 R -9999.0 -9999.0     7.8
03048 200312  1.001 -106.8859   34.3557    10.9    -5.3     2.8     2.6     1.7    12.0 R -9999.0 -9999.0     1.1
03048 200401  1.001 -106.8859   34.3557    10.4    -4.1     3.2     3.3     4.4    11.9 R -9999.0 -9999.0     2.5
03048 200402  1.001 -106.8859   34.3557    11.0    -4.2     3.4     3.6    10.2    15.0 R -9999.0 -9999.0     4.1
03048 200403  1.201 -106.8859   34.3557    20.0     4.6    12.3    12.5    22.3    20.2 R -9999.0 -9999.0    14.4
03048 200404  1.201 -106.8859   34.3557    20.3     6.3    13.3    13.6    60.9    21.4 R -9999.0 -9999.0    16.3
03048 200405  1.201 -106.8859   34.3557    29.7    11.7    20.7    21.7     0.9    27.3 R -9999.0 -9999.0    27.5
03048 200406  1.201 -106.8859   34.3557    33.2    15.2    24.2    25.0     8.4    27.1 R -9999.0 -9999.0    31.6
03048 200407  1.201 -106.8859   34.3557    34.0    17.5    25.7    25.9    40.6    25.7 R -9999.0 -9999.0    31.9
03048 200408  1.201 -106.8859   34.3557    31.4    15.9    23.6    23.4    24.9    22.6 R -9999.0 -9999.0    29.0
03048 200409  1.201 -106.8859   34.3557    28.5    12.3    20.4    20.6    12.7    20.3 R -9999.0 -9999.0    24.9
03048 200410  1.201 -106.8859   34.3557    21.9     6.3    14.1    14.4    28.3    16.6 R -9999.0 -9999.0    16.3
03048 200411  1.201 -106.8859   34.3557    13.4     0.9     7.1     7.1    20.5    11.1 R -9999.0 -9999.0     7.1
03048 200412  1.201 -106.8859   34.3557     9.3    -5.1     2.1     1.9    15.7    10.9 R -9999.0 -9999.0     0.5
03048 200501  1.201 -106.8859   34.3557    12.1    -1.3     5.4     5.3    31.5    10.4 R -9999.0 -9999.0     4.2
03048 200502  1.201 -106.8859   34.3557    12.3     1.1     6.7     6.4    35.8    11.4 R -9999.0 -9999.0     7.0
03048 200503  1.201 -106.8859   34.3557    15.9     1.7     8.8     8.9    22.3    18.1 R -9999.0 -9999.0    10.9
03048 200504  1.201 -106.8859   34.3557    22.5     4.9    13.7    14.4    13.4    23.7 R -9999.0 -9999.0    18.3
03048 200505  1.201 -106.8859   34.3557    28.4    10.8    19.6    20.3     3.8    26.0 R -9999.0 -9999.0    26.3
03048 200506  1.201 -106.8859   34.3557    33.8    14.4    24.1    25.3     1.2    27.9 R -9999.0 -9999.0    31.9
03048 200507  1.201 -106.8859   34.3557    36.2    18.5    27.3    27.9     4.9    27.6 R -9999.0 -9999.0    35.2
03048 200508  1.201 -106.8859   34.3557    32.2    17.2    24.7    24.5    32.8    22.2 R -9999.0 -9999.0    30.4
03048 200509  1.201 -106.8859   34.3557    30.5    13.4    21.9    22.2    29.7    19.7 R -9999.0 -9999.0    26.2
03048 200510  1.201 -106.8859   34.3557    21.5     7.2    14.3    14.3    19.5    15.7 R -9999.0 -9999.0    16.2
03048 200511  1.201 -106.8859   34.3557    17.5    -1.5     8.0     8.2     0.3    13.5 R -9999.0 -9999.0     7.8
03048 200512  1.201 -106.8859   34.3557    12.3    -5.9     3.2     3.3     0.6    11.7 R -9999.0 -9999.0     1.9
03048 200601  1.201 -106.8859   34.3557    12.8    -5.5     3.6     4.0     0.4    12.4 R -9999.0 -9999.0     2.7
03048 200602  1.201 -106.8859   34.3557    15.8    -4.2     5.8     6.3     0.0    16.0 R -9999.0 -9999.0     7.2
03048 200603  1.301 -106.8859   34.3557    17.9     1.6     9.8    10.4     4.3    18.3 R -9999.0 -9999.0    13.3
03048 200604  1.301 -106.8859   34.3557    25.7     7.1    16.4    17.2     1.6    24.9 R    53.7     5.2    23.0
03048 200605  1.301 -106.8859   34.3557    30.9    12.2    21.5    22.7     0.0    28.2 R    62.8    10.6    30.7
03048 200606  1.301 -106.8859   34.3557    34.4    16.8    25.6    26.4    35.5    26.8 R    64.1    15.7    33.8
03048 200607  1.301 -106.8859   34.3557    33.2    19.3    26.2    25.9    79.4    24.7 R    58.4    19.3    32.9
03048 200608  1.301 -106.8859   34.3557    29.4    17.7    23.6    22.9    34.1    21.5 R    48.8    18.0    28.0
03048 200609  1.301 -106.8859   34.3557    25.7    10.7    18.2    18.2    30.7    20.0 R    43.4    11.0    22.6
03048 200610  1.301 -106.8859   34.3557 -9999.0 -9999.0 -9999.0 -9999.0    55.9    16.2 R    32.6     6.1    15.6
03048 200611  1.301 -106.8859   34.3557    17.2    -0.8     8.2     8.4     0.8    13.6 R    24.4    -1.4     8.4
03048 200612  1.301 -106.8859   34.3557     8.3    -6.5     0.9     0.8    21.6    10.2 R    11.7    -7.6    -0.2
03048 200701  1.301 -106.8859   34.3557     6.7    -5.6     0.6     0.4     6.5    11.1 R    11.4    -6.5     0.0
03048 200702  1.301 -106.8859   34.3557    14.7    -2.7     6.0     6.1     3.8    15.2 R    29.3    -4.6     7.3
03048 200703  1.302 -106.8859   34.3557    19.3     1.0    10.2    10.7    23.7    19.4 R    39.2     0.0    14.1
03048 200704  1.302 -106.8859   34.3557    22.1     4.6    13.3    14.1    21.7    22.0 R    42.1     4.3    18.5
03048 200705  1.302 -106.8859   34.3557    26.5    10.2    18.4    18.5    34.9    24.4 R    49.6    10.2    24.3
03048 200706  1.302 -106.8859   34.3557    33.9    15.0    24.5    25.1    20.0    27.6 R    59.7    14.5    32.3
03048 200707  1.302 -106.8859   34.3557    34.5    17.8    26.1    26.0    25.7    25.2 R    61.5    17.9    33.8
03048 200708  1.302 -106.8859   34.3557    34.5    18.7    26.6    26.4    28.6    23.5 R    60.2    18.5    33.4
03048 200709  1.302 -106.8859   34.3557    29.6    13.9    21.7    21.9    18.8    20.3 R    48.9    13.7    26.4
03048 200710  1.302 -106.8859   34.3557    24.6     4.8    14.7    15.3     0.5    17.7 R    39.7     4.2    17.9
03048 200711  1.302 -106.8859   34.3557    17.4    -0.6     8.4     8.7     7.2    12.5 R    25.4    -1.2     9.0
03048 200712  1.302 -106.8859   34.3557     9.6    -4.4     2.6     2.6    17.3    10.7 R    13.4    -5.5     1.5
03048 200801  1.302 -106.8859   34.3557     8.8    -7.2     0.8     0.8     2.1    11.9 R    16.2    -8.6     0.4
03048 200802  1.302 -106.8859   34.3557    15.1    -3.4     5.8     6.2     4.3    15.6 R    29.4    -5.2     7.5
03048 200803  1.302 -106.8859   34.3557    19.4    -0.4     9.5    10.5     0.8    21.0 R    42.2    -2.5    14.2
03048 200804  1.302 -106.8859   34.3557    23.5     4.5    14.0    15.0     0.4    26.6 R    50.7     2.1    20.8
03048 200805  1.302 -106.8859   34.3557    27.3     9.8    18.5    19.5    28.3    27.4 R    51.5     8.5    25.4
03048 200806  1.302 -106.8859   34.3557    34.6    15.9    25.2    26.3     0.0    28.9 R    62.5    15.0    33.8
03048 200807  1.302 -106.8859   34.3557    31.9    18.1    25.0    24.5    67.0    22.9 R    53.5    17.9    30.1
03048 200808  1.302 -106.8859   34.3557    31.9    17.3    24.6    24.3    35.3    23.8 R    53.2    17.2    30.2
03048 200809  1.302 -106.8859   34.3557    28.5    12.8    20.7    20.8    19.4    22.1 R    48.2    12.6    25.7
03048 200810  1.302 -106.8859   34.3557    23.0     5.4    14.2    14.5    26.2    18.1 R    34.0     5.0    16.2
03048 200811  1.302 -106.8859   34.3557    16.4    -1.5     7.5     7.6     3.0    14.1 R    23.1    -2.4     7.2
03048 200812  1.302 -106.8859   34.3557    11.5    -3.4     4.0     4.4     8.5    10.9 R    14.6    -4.4     2.9
03048 200901  1.302 -106.8859   34.3557    13.1    -5.7     3.7     3.8     1.4    13.6 R    18.5    -6.9     2.9
03048 200902  1.302 -106.8859   34.3557    16.8    -3.4     6.7     7.3     0.0    17.5 R    29.1    -5.1     7.9
03048 200903  1.302 -106.8859   34.3557    19.4     2.0    10.7    11.1    14.1    20.3 R    36.7     0.7    14.0
03048 200904  1.302 -106.8859   34.3557    22.7     5.3    14.0    14.9     3.2    25.4 R    46.2     4.0    20.1
03048 200905  1.302 -106.8859   34.3557    29.1    13.2    21.2    21.7    18.1    26.1 R    53.7    12.3    27.8
03048 200906  1.302 -106.8859   34.3557    31.4    15.6    23.5    24.0     6.9    24.7 R    56.3    15.3    30.6
03048 200907  1.302 -106.8859   34.3557    35.0    19.0    27.0    27.0    26.5    26.3 R    60.7    18.7    33.9
03048 200908  1.302 -106.8859   34.3557    33.7    16.9    25.3    25.7    10.4    24.9 R    57.6    16.4    31.9
03048 200909  1.302 -106.8859   34.3557    28.1    12.6    20.3    20.3    15.1    20.6 R    48.7    12.3    25.1
03048 200910  1.302 -106.8859   34.3557    21.6     6.7    14.1    14.3     9.4    16.9 R    36.3     5.6    16.5
03048 200911  1.302 -106.8859   34.3557    16.4    -1.8     7.3     7.4    16.4    13.0 R    24.0    -3.2     7.1
03048 200912  1.302 -106.8859   34.3557     7.8    -5.6     1.1     1.1     4.5    10.2 R    12.5    -6.9     0.2
03048 201001  1.302 -106.8859   34.3557     8.9    -5.6     1.7     1.4    15.0    11.3 R    17.0    -6.8     1.6
03048 201002  1.302 -106.8859   34.3557    11.3    -2.9     4.2     4.4    16.8    13.4 R    25.2    -4.5     5.6
03048 201003  1.302 -106.8859   34.3557    16.8    -0.2     8.3     8.6     9.1    19.0 R    36.5    -2.0    11.6
03048 201004  2.402 -106.8859   34.3557    22.5     5.5    14.0    14.7    20.6    24.4 R    43.8     3.9    19.2
03048 201005  2.402 -106.8859   34.3557    28.1     9.6    18.8    19.8     4.2    27.4 R    53.3     8.5    26.4
03048 201006  2.402 -106.8859   34.3557    35.1    15.9    25.5    26.2    20.0    27.1 R    61.4    15.3    33.4
03048 201007  2.402 -106.8859   34.3557    33.4    18.9    26.2    25.7   107.0    24.5 R    54.2    19.1    31.7
03048 201008  2.402 -106.8859   34.3557    32.6    17.1    24.9    24.7    27.3    21.8 R    51.4    17.6    29.6
03048 201009  2.402 -106.8859   34.3557    31.4    14.5    23.0    23.2    25.5    21.1 R    48.5    14.4    27.4
03048 201010  2.402 -106.8859   34.3557    24.2     7.2    15.7    16.0    16.1    16.4 R    35.1     7.3    17.9
03048 201011  2.402 -106.8859   34.3557    15.5    -2.9     6.3     7.0     1.3    13.1 R    21.4    -3.7     6.8
03048 201012  2.402 -106.8859   34.3557    13.4    -3.1     5.1     5.3     4.0     9.4 R    16.2    -3.9     4.4
03048 201101  2.402 -106.8859   34.3557    10.2    -8.1     1.1     1.3     0.0    12.0 R    16.5    -9.0     1.1
03048 201102  2.402 -106.8859   34.3557    11.8    -6.8     2.5     3.2     3.8    15.8 R    21.3    -7.8     4.2
03048 201103  2.402 -106.8859   34.3557    22.1     2.6    12.3    13.2     0.5    20.6 R    40.0     1.1    16.5
03048 201104  2.402 -106.8859   34.3557    25.0     7.2    16.1    17.2     0.0    24.2 R    48.7     5.4    22.3
03048 201105  2.402 -106.8859   34.3557    27.3     9.3    18.3    19.4     0.0    28.1 R    55.2     7.4    26.3
03048 201106  2.402 -106.8859   34.3557    35.8    15.9    25.8    27.2     5.5    28.9 R    63.1    14.4    34.1
03048 201107  2.402 -106.8859   34.3557    35.7    19.3    27.5    27.3    37.2    26.3 R    61.5    19.1    34.5
03048 201108  2.402 -106.8859   34.3557    34.9    19.4    27.1    26.9    24.7    23.5 R    58.3    19.5    33.0
03048 201109  2.402 -106.8859   34.3557    29.2    13.2    21.2    21.0    13.3    20.1 R    49.6    12.9    25.6
03048 201110  2.402 -106.8859   34.3557    23.1     5.7    14.4    14.7    16.8    17.1 R    36.6     5.3    16.9
03048 201111  2.402 -106.8859   34.3557    15.4    -0.5     7.5     7.9     0.6    13.0 R    24.4    -1.9     8.1
03048 201112  2.402 -106.8859   34.3557     5.1    -6.9    -0.9    -1.1    47.9     9.9 R    10.1    -5.0     1.0
03048 201201  2.402 -106.8859   34.3557    12.5    -4.4     4.0     3.9     9.8    13.1 R    20.0    -4.9     3.7
03048 201202  2.402 -106.8859   34.3557    13.7    -2.7     5.5     5.6     0.7    16.4 R    30.8    -4.5     7.8
03048 201203  2.402 -106.8859   34.3557    20.3     0.4    10.3    11.4     0.8    20.8 R    42.4    -1.1    15.3
03048 201204  2.412 -106.8859   34.3557    24.9     7.1    16.0    16.7    23.5    24.5 R    49.5     6.5    22.2
03048 201205  2.412 -106.8859   34.3557    29.6    11.2    20.4    21.2     8.7    28.4 C    51.9    10.7    27.6
03048 201206  2.412 -106.8859   34.3557    36.4    16.9    26.7    27.9     0.0    29.7 C    58.8    16.6    34.8
03048 201207  2.412 -106.8859   34.3557    34.4    18.8    26.6    26.5    21.9    26.7 C    57.1    19.4    33.9
03048 201208  2.412 -106.8859   34.3557    34.0    17.6    25.8    25.9    15.2    23.3 C    54.3    17.7    31.8
03048 201209  2.412 -106.8859   34.3557    29.1    13.5    21.3    21.5    33.0    20.1 C    44.5    13.8    25.5
03048 201210  2.412 -106.8859   34.3557    25.2     5.9    15.5    16.2     0.0    18.5 C    39.0     5.7    18.9
03048 201211  2.412 -106.8859   34.3557    17.6    -1.8     7.9     7.9     0.7    13.3 C    25.6    -2.6     8.4
03048 201212  2.412 -106.8859   34.3557    10.8    -5.4     2.7     2.8    10.0    10.9 C    14.8    -6.1     2.0
03048 201301  2.412 -106.8859   34.3557     8.5    -8.4     0.1     0.1     4.0    12.7 C    14.7    -9.2     0.1
03048 201302  2.412 -106.8859   34.3557    12.1    -5.0     3.6     4.0     6.1    16.8 C    24.1    -5.6     5.9
03048 201303  2.412 -106.8859   34.3557    20.2     1.1    10.6    11.5     1.0    19.8 C    37.4     0.0    14.8
03048 201304  2.412 -106.8859   34.3557    24.3     6.5    15.4    16.2     0.0    25.0 C    45.5     4.9    21.4
03048 201305  2.412 -106.8859   34.3557    28.5    11.1    19.8    20.7     2.0    27.6 C    51.5    10.3    27.2
03048 201306  2.412 -106.8859   34.3557    36.4    17.7    27.1    27.8     6.6    28.5 C    60.0    17.0    34.8
03048 201307  2.412 -106.8859   34.3557    32.5    18.3    25.4    25.0    80.5    24.9 C    49.7    18.6    30.7
03048 201308  2.412 -106.8859   34.3557    31.9    17.5    24.7    24.6    11.1    23.3 C    51.7    17.9    30.5
03048 201309  2.412 -106.8859   34.3557    28.1    13.7    20.9    21.0    75.5    20.2 C    42.0    14.1    25.0
03048 201310  2.412 -106.8859   34.3557    22.0     3.5    12.7    13.3     3.5    18.2 C    33.8     3.5    16.0
03048 201311  2.412 -106.8859   34.3557    14.3    -1.2     6.5     6.4     6.6    11.6 C    20.8    -1.3     7.3
03048 201312  2.412 -106.8859   34.3557     9.5    -6.5     1.5     1.2     8.6    10.9 C    12.9    -6.6     1.0
03048 201401  2.412 -106.8859   34.3557    12.7    -7.1     2.8     2.7     0.0    12.9 C    18.3    -7.7     2.3
03048 201402  2.422 -106.8859   34.3557    17.1    -0.1     8.5     9.0     2.0    15.2 C    28.7    -1.0    10.6
03048 201403  2.422 -106.8859   34.3557    19.5     1.4    10.4    11.0     0.8    20.0 C    39.3    -1.3    14.2
03048 201404  2.422 -106.8859   34.3557    23.0     5.2    14.1    15.0     3.8    23.8 C    44.9     2.5    19.2
03048 201405  2.422 -106.8859   34.3557    27.6     9.6    18.6    19.6     1.5    26.9 C    53.0     7.6    25.8
03048 201406  2.422 -106.8859   34.3557    35.7    17.1    26.4    27.7     2.7    28.5 C    59.7    14.5    33.4
03048 201407  2.422 -106.8859   34.3557    33.8    19.1    26.5    26.2    59.1    25.3 C    55.7    18.4    31.8
03048 201408  2.422 -106.8859   34.3557    30.8    16.4    23.6    23.7    33.4    22.1 C    50.6    15.7    28.6
03048 201409  2.422 -106.8859   34.3557    28.5    15.4    22.0    21.8    66.5    20.1 C    45.3    14.6    25.9
03048 201410  2.422 -106.8859   34.3557    23.8     7.3    15.5    15.7    28.2    16.5 C    34.1     6.2    16.6
03048 201411  2.422 -106.8859   34.3557    15.8    -1.4     7.2     7.4     8.6    13.1 C    20.9    -3.0     5.9
03048 201412  2.422 -106.8859   34.3557    10.9    -3.1     3.9     3.9     5.2    10.3 C    14.5    -5.0     2.3
03048 201501  2.422 -106.8859   34.3557     8.2    -5.0     1.6     1.3    35.6    10.5 C    10.2    -6.9    -0.4
03048 201502  2.422 -106.8859   34.3557    15.7    -2.8     6.4     6.4     6.0    14.6 C    26.6    -4.3     6.9
03048 201503  2.422 -106.8859   34.3557    20.4     2.0    11.2    11.7     4.0    18.6 C    37.8     0.5    14.2
03048 201504  2.422 -106.8859   34.3557    22.9     5.4    14.2    15.0     6.5    22.9 C    45.0     3.9    19.6
03048 201505  2.422 -106.8859   34.3557    25.5     9.4    17.4    17.8    47.4    23.9 C    43.5     8.5    21.8
03048 201506  2.422 -106.8859   34.3557    34.3    16.9    25.6    25.9     7.2    26.7 C    58.0    16.0    32.6
03048 201507  2.422 -106.8859   34.3557    32.8    17.6    25.2    24.7    23.8    22.3 C    56.8    17.1    30.8
03048 201508  2.422 -106.8859   34.3557    34.4    17.6    26.0    25.9    10.8    22.3 C    57.0    16.8    31.5
03048 201509  2.422 -106.8859   34.3557    31.5    15.3    23.4    23.3     9.9    19.1 C    50.8    14.1    27.3
03048 201510  2.422 -106.8859   34.3557    23.4     8.7    16.1    16.2    49.7    14.7 C    33.3     7.4    17.1
03048 201511  2.422 -106.8859   34.3557    15.1    -0.4     7.3     7.3     5.2    12.5 C    18.4    -2.0     5.7
03048 201512  2.422 -106.8859   34.3557     9.5    -5.0     2.3     2.1    34.3    10.3 C    10.6    -7.5    -0.7
03048 201601  2.422 -106.8859   34.3557     9.8    -4.9     2.5     2.3     6.8    11.7 C    14.4    -7.5     0.3
03048 201602  2.422 -106.8859   34.3557    16.8    -4.3     6.2     6.7     1.3    16.2 C    29.9    -7.1     6.7
03048 201603  2.422 -106.8859   34.3557    21.2     1.9    11.6    12.4     0.0    16.6 C    41.0    -0.9    15.0
03048 201604  2.422 -106.8859   34.3557    22.1     5.8    13.9    14.5    22.6    17.3 C    43.6     4.2    19.0
03048 201605  2.422 -106.8859   34.3557    26.6     9.3    18.0    18.9    18.0    20.3 C    50.2     7.9    24.7
03048 201606  2.422 -106.8859   34.3557    35.1    17.1    26.1    26.6    17.3    20.4 C    59.4    15.7    32.9
03048 201607  2.422 -106.8859   34.3557    36.6    19.3    27.9    28.4    14.3    19.0 C    59.0    17.7    34.0
03048 201608  2.422 -106.8859   34.3557    31.2    16.0    23.6    23.2    26.1    15.0 C    52.2    15.7    28.1
03048 201609  2.422 -106.8859   34.3557    30.0    13.3    21.7    21.6    14.1    14.2 C    49.6    12.3    25.9
03048 201610  2.422 -106.8859   34.3557    26.7     8.0    17.4    18.2     0.7    12.2 C    40.5     6.5    19.6
03048 201611  2.422 -106.8859   34.3557    16.2     2.2     9.2     9.2    43.5     8.1 C    20.3     0.5     7.8
03048 201612  2.422 -106.8859   34.3557    11.7    -2.6     4.6     4.5    19.5     6.9 C    14.2    -4.3     2.6
03048 201701  2.422 -106.8859   34.3557    11.3    -1.7     4.8     4.7    32.7     7.4 C    15.5    -4.1     3.0
03048 201702  2.422 -106.8859   34.3557    16.8     0.3     8.6     8.9     9.9    10.3 C    26.3    -2.2     8.4
03048 201703  2.422 -106.8859   34.3557    22.5     2.8    12.7    13.3     9.1    19.3 C    39.1     0.6    15.5
03048 201704  2.422 -106.8859   34.3557    23.5     5.3    14.4    15.3    13.6    23.2 C    42.5     3.8    19.1
03048 201705  2.422 -106.8859   34.3557    27.6     9.8    18.7    19.4     3.4    26.2 C    51.1     8.1    25.1
03048 201706  2.422 -106.8859   34.3557    35.7    15.8    25.8    26.6     3.2    27.5 C    60.0    14.2    33.0
03048 201707  2.422 -106.8859   34.3557    34.7    18.6    26.7    26.3    52.6    25.5 C    57.5    18.5    33.1
