03086 201005  6.101 -102.7194   37.3813 -9999.0 -9999.0 -9999.0 -9999.0 -9999.0 -9999.0 U -9999.0 -9999.0 -9999.0
03086 201006  6.101 -102.7194   37.3813    30.5    14.7    22.6    22.7    55.3 -9999.0 U -9999.0 -9999.0 -9999.0
03086 201007  6.101 -102.7194   37.3813    31.7    16.6    24.2    23.9   108.9 -9999.0 U -9999.0 -9999.0 -9999.0
03086 201008  6.101 -102.7194   37.3813    31.6    15.9    23.8    23.6    47.9 -9999.0 U -9999.0 -9999.0 -9999.0
03086 201009  6.101 -102.7194   37.3813    29.4    11.6    20.5    20.6    45.5 -9999.0 U -9999.0 -9999.0 -9999.0
03086 201010  6.101 -102.7194   37.3813    21.7     4.6    13.2    12.8     0.9 -9999.0 U -9999.0 -9999.0 -9999.0
03086 201011  6.101 -102.7194   37.3813    13.9    -4.1     4.9     4.7     1.8 -9999.0 U -9999.0 -9999.0 -9999.0
03086 201012  6.101 -102.7194   37.3813     9.8    -5.3     2.3     2.0     4.1 -9999.0 U -9999.0 -9999.0 -9999.0
03086 201101  6.101 -102.7194   37.3813     7.6   -10.0    -1.2    -1.4     1.2 -9999.0 U -9999.0 -9999.0 -9999.0
03086 201102  6.101 -102.7194   37.3813     8.6    -9.6    -0.5    -0.5     0.6 -9999.0 U -9999.0 -9999.0 -9999.0
03086 201103  6.101 -102.7194   37.3813    15.2    -3.0     6.1     6.5     0.6 -9999.0 U -9999.0 -9999.0 -9999.0
03086 201104  6.101 -102.7194   37.3813    20.4     1.4    10.9    11.4     9.9 -9999.0 U -9999.0 -9999.0 -9999.0
03086 201105  6.101 -102.7194   37.3813    24.5     5.0    14.8    15.4     5.6 -9999.0 U -9999.0 -9999.0 -9999.0
03086 201106  6.101 -102.7194   37.3813    32.3    13.6    23.0    23.2    32.7 -9999.0 U -9999.0 -9999.0 -9999.0
03086 201107  6.101 -102.7194   37.3813    35.3    17.4    26.4    26.5    45.0 -9999.0 U -9999.0 -9999.0 -9999.0
03086 201108  6.101 -102.7194   37.3813    34.2    17.7    26.0    25.7    25.3 -9999.0 U -9999.0 -9999.0 -9999.0
03086 201109  6.101 -102.7194   37.3813    26.5    10.4    18.4    18.7     6.0 -9999.0 U -9999.0 -9999.0 -9999.0
03086 201110  6.101 -102.7194   37.3813    21.0     3.4    12.2    12.1     8.1 -9999.0 U -9999.0 -9999.0 -9999.0
03086 201111  6.101 -102.7194   37.3813    13.2    -2.4     5.4     5.1    13.3 -9999.0 U -9999.0 -9999.0 -9999.0
03086 201112  6.101 -102.7194   37.3813     2.7    -9.1    -3.2    -3.4     8.9 -9999.0 U -9999.0 -9999.0 -9999.0
03086 201201  6.101 -102.7194   37.3813     7.6    -5.4     1.1     1.1     0.9 -9999.0 U -9999.0 -9999.0 -9999.0
03086 201202  6.101 -102.7194   37.3813     8.9    -6.3     1.3     1.1     4.8 -9999.0 U -9999.0 -9999.0 -9999.0
03086 201203  6.101 -102.7194   37.3813    19.0     0.9     9.9    10.2    21.3 -9999.0 U -9999.0 -9999.0 -9999.0
03086 201204  6.101 -102.7194   37.3813    20.9     5.0    12.9    12.9    45.7 -9999.0 U -9999.0 -9999.0 -9999.0
03086 201205  6.101 -102.7194   37.3813    25.8     8.5    17.2    17.6     9.2 -9999.0 U -9999.0 -9999.0 -9999.0
03086 201206  6.101 -102.7194   37.3813    33.1    15.5    24.3    24.4    44.4 -9999.0 U -9999.0 -9999.0 -9999.0
03086 201207  6.101 -102.7194   37.3813    34.1    17.8    25.9    26.3    32.2 -9999.0 U -9999.0 -9999.0 -9999.0
03086 201208  6.101 -102.7194   37.3813    32.0    15.4    23.7    23.5    36.4 -9999.0 U -9999.0 -9999.0 -9999.0
03086 201209  6.101 -102.7194   37.3813    26.8     9.8    18.3    18.4    38.6 -9999.0 U -9999.0 -9999.0 -9999.0
03086 201210  6.101 -102.7194   37.3813    19.1     2.5    10.8    10.6     6.9 -9999.0 U -9999.0 -9999.0 -9999.0
03086 201211  6.101 -102.7194   37.3813    17.3    -1.0     8.1     8.0     0.0 -9999.0 U -9999.0 -9999.0 -9999.0
03086 201212  6.101 -102.7194   37.3813     8.4    -7.7     0.4     0.6     3.5 -9999.0 U -9999.0 -9999.0 -9999.0
03086 201301  6.101 -102.7194   37.3813     7.7    -8.2    -0.2    -0.4     1.0 -9999.0 U -9999.0 -9999.0 -9999.0
03086 201302  6.101 -102.7194   37.3813     8.3    -7.0     0.7     0.7     2.6 -9999.0 U -9999.0 -9999.0 -9999.0
03086 201303  6.101 -102.7194   37.3813    14.2    -3.6     5.3     5.6     2.3 -9999.0 U -9999.0 -9999.0 -9999.0
03086 201304  6.101 -102.7194   37.3813    16.0    -1.4     7.3     7.7     4.0 -9999.0 U -9999.0 -9999.0 -9999.0
03086 201305  6.101 -102.7194   37.3813    25.2     7.4    16.3    16.4    15.5 -9999.0 U -9999.0 -9999.0 -9999.0
03086 201306  6.101 -102.7194   37.3813    31.8    14.9    23.3    23.5   102.6 -9999.0 U -9999.0 -9999.0 -9999.0
03086 201307  6.101 -102.7194   37.3813    31.3    16.2    23.7    23.5    80.9 -9999.0 U -9999.0 -9999.0 -9999.0
03086 201308  6.101 -102.7194   37.3813    30.7    15.7    23.2    23.1    97.4 -9999.0 U -9999.0 -9999.0 -9999.0
03086 201309  6.101 -102.7194   37.3813    27.5    13.2    20.3    20.2    76.5 -9999.0 U -9999.0 -9999.0 -9999.0
03086 201310  6.101 -102.7194   37.3813    19.3     2.1    10.7    10.5     3.4 -9999.0 U -9999.0 -9999.0 -9999.0
03086 201311  6.101 -102.7194   37.3813    12.4    -3.6     4.4     4.2     8.0 -9999.0 U -9999.0 -9999.0 -9999.0
03086 201312  6.101 -102.7194   37.3813     7.2    -7.9    -0.4    -0.9     0.0 -9999.0 U -9999.0 -9999.0 -9999.0
03086 201401  6.101 -102.7194   37.3813     8.4    -9.0    -0.3    -0.1     1.7 -9999.0 U -9999.0 -9999.0 -9999.0
03086 201402  6.101 -102.7194   37.3813     8.5    -8.1     0.2    -0.2     3.4 -9999.0 U -9999.0 -9999.0 -9999.0
03086 201403  6.101 -102.7194   37.3813    14.1    -3.3     5.4     5.6     3.8 -9999.0 U -9999.0 -9999.0 -9999.0
03086 201404  6.101 -102.7194   37.3813    18.7     2.1    10.4    10.4    24.7 -9999.0 U -9999.0 -9999.0 -9999.0
03086 201405  6.101 -102.7194   37.3813    24.6     7.5    16.0    16.4    34.4 -9999.0 U -9999.0 -9999.0 -9999.0
03086 201406  6.101 -102.7194   37.3813 -9999.0 -9999.0 -9999.0 -9999.0 -9999.0 -9999.0 U -9999.0 -9999.0 -9999.0
