12987 200402  1.201  -98.0633   26.5258 -9999.0 -9999.0 -9999.0 -9999.0 -9999.0 -9999.0 U -9999.0 -9999.0 -9999.0
12987 200403  1.201  -98.0633   26.5258    27.5    16.6    22.0    21.4    48.1    14.0 R -9999.0 -9999.0    23.0
12987 200404  1.201  -98.0633   26.5258    28.1    17.7    22.9    22.4    84.9    17.8 R -9999.0 -9999.0    23.2
12987 200405  1.201  -98.0633   26.5258    31.2    20.0    25.6    25.0    64.7    20.9 R -9999.0 -9999.0    25.6
12987 200406  1.201  -98.0633   26.5258    33.9    23.6    28.7    28.0   204.6    22.7 R -9999.0 -9999.0    28.7
12987 200407  1.201  -98.0633   26.5258    35.1    23.5    29.3    28.6    47.1    24.3 R -9999.0 -9999.0    29.2
12987 200408  1.201  -98.0633   26.5258    35.7    23.1    29.4    28.6    34.3    23.1 R -9999.0 -9999.0    29.2
12987 200409  1.201  -98.0633   26.5258    33.1    21.8    27.4    26.3   119.2    18.1 R -9999.0 -9999.0    26.6
12987 200410  1.201  -98.0633   26.5258    33.1    21.2    27.1    26.3    28.8    17.1 R -9999.0 -9999.0    26.4
12987 200411  1.201  -98.0633   26.5258    27.8    14.1    21.0    20.4    33.4    13.5 R -9999.0 -9999.0    20.2
12987 200412  1.201  -98.0633   26.5258    21.7     8.3    15.0    14.8    27.9    11.0 R -9999.0 -9999.0    14.4
12987 200501  1.201  -98.0633   26.5258    24.0    12.2    18.1    17.2    37.9    10.8 R -9999.0 -9999.0    17.4
12987 200502  1.201  -98.0633   26.5258    23.7    13.7    18.7    17.8    36.1    10.4 R -9999.0 -9999.0    18.9
12987 200503  1.201  -98.0633   26.5258    28.1    14.1    21.1    20.4    21.8    17.1 R -9999.0 -9999.0    21.9
12987 200504  1.201  -98.0633   26.5258    30.7    15.8    23.3    23.1     5.0    19.3 R -9999.0 -9999.0    25.5
12987 200505  1.201  -98.0633   26.5258    33.1    20.7    26.9    26.0    68.0    20.5 R -9999.0 -9999.0    29.3
12987 200506  1.201  -98.0633   26.5258    36.4    23.4    29.9    29.2    16.6    22.9 R -9999.0 -9999.0    32.3
12987 200507  1.201  -98.0633   26.5258    36.7    24.0    30.3    29.4   109.5    21.5 R -9999.0 -9999.0    31.6
12987 200508  1.201  -98.0633   26.5258    37.4    24.1    30.7    29.8    38.8    22.2 R -9999.0 -9999.0    31.0
12987 200509  1.201  -98.0633   26.5258    36.8    23.3    30.1    28.8    30.7    18.5 R -9999.0 -9999.0    30.0
12987 200510  1.201  -98.0633   26.5258    31.1    17.9    24.5    23.8    71.4    15.4 R -9999.0 -9999.0    24.1
12987 200511  1.201  -98.0633   26.5258    28.4    13.4    20.9    20.5    26.8    14.2 R -9999.0 -9999.0    20.5
12987 200512  1.201  -98.0633   26.5258    22.5    10.0    16.2    16.1    18.9     9.4 R -9999.0 -9999.0    15.9
12987 200601  1.301  -98.0633   26.5258    26.0    10.1    18.0    17.9     6.7    13.5 R -9999.0 -9999.0    18.1
12987 200602  1.301  -98.0633   26.5258    25.0     9.2    17.1    16.9     3.6    14.3 R    40.2     6.7    18.2
12987 200603  1.301  -98.0633   26.5258    29.7    17.0    23.4    22.5     6.6    15.8 R    49.2    14.6    25.0
12987 200604  1.301  -98.0633   26.5258    34.0    20.5    27.2    26.3     2.3    21.6 R    57.8    18.5    30.4
12987 200605  1.301  -98.0633   26.5258    34.6    21.3    27.9    27.2    90.1    23.1 R    51.7    20.1    30.2
12987 200606  1.301  -98.0633   26.5258    35.3    22.6    29.0    28.1    65.3    24.4 R    42.8    21.8    29.5
12987 200607  1.301  -98.0633   26.5258    35.7    23.7    29.7    28.7   107.2    22.9 R    43.5    23.2    30.0
12987 200608  1.301  -98.0633   26.5258    36.5    24.2    30.4    29.3    49.2    22.1 R    43.3    23.5    30.2
12987 200609  1.301  -98.0633   26.5258    33.9    22.4    28.1    27.1   283.1    18.4 R    40.6    21.6    27.8
12987 200610  1.301  -98.0633   26.5258    29.9    19.6    24.7    24.0    96.8    13.5 R    35.5    18.7    24.0
12987 200611  1.301  -98.0633   26.5258    27.2    13.0    20.1    19.9    27.9    14.1 R    30.5    11.6    19.6
12987 200612  1.301  -98.0633   26.5258    21.8     9.6    15.7    15.4    78.5     9.6 R    25.5     8.5    15.3
12987 200701  1.302  -98.0633   26.5258    18.3     8.3    13.3    12.7    77.5     8.6 R    22.2     7.4    12.9
12987 200702  1.302  -98.0633   26.5258    23.9    11.0    17.5    16.6     2.8    13.5 R    36.1     9.8    18.2
12987 200703  1.302  -98.0633   26.5258    28.3    16.1    22.2    21.5    29.3    14.1 R    40.8    14.8    23.0
12987 200704  1.302  -98.0633   26.5258    28.3    16.3    22.3    21.8    22.1    17.2 R    37.2    15.7    23.6
12987 200705  1.302  -98.0633   26.5258    31.8    20.2    26.0    25.4   120.3    19.5 R    39.2    20.1    27.2
12987 200706  1.302  -98.0633   26.5258    34.5    23.4    29.0    28.3    43.6    22.2 R    40.7    23.3    30.0
12987 200707  1.302  -98.0633   26.5258    33.7    23.8    28.7    27.7   218.2    19.5 R    39.1    23.9    29.1
12987 200708  1.302  -98.0633   26.5258    34.4    23.5    29.0    27.8    66.2    19.3 R    40.5    23.7    29.6
12987 200709  1.302  -98.0633   26.5258    33.7    22.1    27.9    26.8    12.2    17.8 R    40.1    22.3    28.8
12987 200710  1.302  -98.0633   26.5258    32.3    16.4    24.3    23.6     4.6    18.0 R    38.5    16.2    25.3
12987 200711  1.302  -98.0633   26.5258    27.3    14.1    20.7    19.8     6.3    11.9 R    32.4    14.0    21.1
12987 200712  1.302  -98.0633   26.5258    25.6    10.6    18.1    18.3     0.2    11.7 R    30.2    10.5    19.5
12987 200801  1.302  -98.0633   26.5258    21.0     8.2    14.6    14.4    32.6    10.1 R    24.6     8.1    15.4
12987 200802  1.302  -98.0633   26.5258    27.9    12.9    20.4    19.9     1.7    16.0 R    33.1    12.9    21.4
12987 200803  1.302  -98.0633   26.5258    29.3    13.3    21.3    20.8     0.3    18.7 R    35.3    13.3    22.7
12987 200804  1.302  -98.0633   26.5258    31.8    17.4    24.6    23.9    27.6    21.7 R    38.9    17.3    26.0
12987 200805  1.302  -98.0633   26.5258    34.6    22.7    28.7    27.7    30.6    22.2 R    41.7    22.7    29.9
12987 200806  1.302  -98.0633   26.5258    36.2    23.5    29.9    29.0    10.3    25.2 R    43.4    23.4    31.1
12987 200807  1.302  -98.0633   26.5258    32.9    23.4    28.2    27.2   294.5    20.1 R    39.1    23.4    28.9
12987 200808  1.302  -98.0633   26.5258    34.0    24.2    29.1    28.0   119.5    19.6 R    40.7    24.1    29.8
12987 200809  1.302  -98.0633   26.5258    31.6    20.5    26.0    25.2    95.5    19.2 R    38.3    20.3    26.9
12987 200810  1.302  -98.0633   26.5258    29.6    16.1    22.8    22.4    14.9    17.9 R    35.5    15.7    23.8
12987 200811  1.302  -98.0633   26.5258    26.6    12.6    19.6    19.1     3.0    13.5 R    31.8    12.2    20.3
12987 200812  1.302  -98.0633   26.5258    23.0    10.0    16.5    16.0     5.5    10.1 R    26.4     9.8    16.8
12987 200901  1.302  -98.0633   26.5258    24.3     8.9    16.6    16.1     1.0    12.4 R    28.9     8.6    17.1
12987 200902  1.302  -98.0633   26.5258    27.4    12.8    20.1    19.6     6.1    15.3 R    32.0    12.4    20.6
12987 200903  1.302  -98.0633   26.5258    28.3    14.0    21.1    20.3     6.4    18.7 R    33.5    13.7    21.5
12987 200904  1.302  -98.0633   26.5258    32.1    17.7    24.9    24.4     1.5    21.8 R    38.0    17.3    25.8
12987 200905  1.302  -98.0633   26.5258    34.1    21.6    27.8    26.9    37.2    23.2 R    40.3    21.2    28.5
12987 200906  1.302  -98.0633   26.5258    36.4    23.5    29.9    29.0    13.2    25.6 R    42.1    23.2    30.7
12987 200907  1.302  -98.0633   26.5258    38.7    24.6    31.6    30.8     3.8    25.9 R    43.7    24.3    32.3
12987 200908  1.302  -98.0633   26.5258    38.0    23.7    30.9    29.9    40.1    24.0 R    43.0    23.5    31.3
12987 200909  1.302  -98.0633   26.5258    33.9    22.2    28.1    26.9    95.4    17.8 R    39.2    22.0    28.2
12987 200910  1.302  -98.0633   26.5258    30.6    19.0    24.8    24.4    48.1    15.1 R    34.9    18.7    25.3
12987 200911  1.302  -98.0633   26.5258    26.0    12.0    19.0    18.7    37.0    13.2 R    30.8    11.5    19.6
12987 200912  1.302  -98.0633   26.5258    17.9     8.0    13.0    12.6   127.5     8.8 R    20.9     7.8    13.3
12987 201001  1.302  -98.0633   26.5258    20.7     8.1    14.4    13.9    13.6    11.6 R    23.9     7.7    14.7
12987 201002  2.402  -98.0633   26.5258    20.1     8.4    14.2    13.7    86.9    13.4 R    23.4     8.0    14.6
12987 201003  2.402  -98.0633   26.5258    26.3    11.2    18.7    18.5     3.3    20.8 R    30.5    11.0    19.8
12987 201004  2.402  -98.0633   26.5258    28.5    17.9    23.2    22.8    95.8    20.2 R    32.6    17.8    23.9
12987 201005  2.402  -98.0633   26.5258    32.8    21.4    27.1    26.6    40.9    25.1 R    36.9    21.4    28.0
12987 201006  2.402  -98.0633   26.5258    35.1    23.8    29.5    28.7   191.4    25.0 R    39.0    23.8    30.2
12987 201007  2.402  -98.0633   26.5258    33.9    24.1    29.0    28.2    78.3    23.4 R    38.6    24.1    29.8
12987 201008  2.402  -98.0633   26.5258    37.2    23.9    30.5    29.7     6.3    24.4 R    42.5    23.9    31.6
12987 201009  2.402  -98.0633   26.5258    32.9    22.4    27.7    26.6   318.3    19.3 R    38.5    22.3    28.2
12987 201010  2.402  -98.0633   26.5258    31.1    16.0    23.6    23.2     0.0    21.2 R    36.6    15.7    24.9
12987 201011  2.402  -98.0633   26.5258    27.3    11.9    19.6    19.3     0.7    16.3 R    31.3    11.7    20.5
12987 201012  2.402  -98.0633   26.5258    24.3     9.3    16.8    16.6     0.4    14.0 R    28.0     9.2    17.7
12987 201101  2.402  -98.0633   26.5258    21.7     8.7    15.2    14.8    72.9    11.8 R    25.2     8.6    15.7
12987 201102  2.402  -98.0633   26.5258    23.4    10.0    16.7    16.1     2.2    15.8 R    32.1     9.2    17.5
12987 201103  2.402  -98.0633   26.5258    29.2    16.1    22.7    21.9     0.3    18.1 R    44.7    14.8    24.4
12987 201104  2.402  -98.0633   26.5258    33.0    19.6    26.3    25.8     0.0    22.6 R    47.6    18.1    28.5
12987 201105  2.402  -98.0633   26.5258    33.4    21.8    27.6    26.8    14.5    21.5 R    48.4    21.1    29.7
12987 201106  2.402  -98.0633   26.5258    35.6    23.0    29.3    28.6    52.9    23.5 R    51.3    22.4    31.9
12987 201107  2.402  -98.0633   26.5258    36.5    24.0    30.3    29.4     7.9    24.7 R    49.2    23.5    32.2
12987 201108  2.402  -98.0633   26.5258    38.8    24.3    31.6    30.6     7.9    23.5 R    54.1    23.8    33.7
12987 201109  2.402  -98.0633   26.5258    37.2    21.8    29.5    28.5    27.3    21.9 R    51.6    21.0    31.0
12987 201110  2.402  -98.0633   26.5258    32.4    16.3    24.4    23.9     0.0    18.9 R    47.2    15.1    26.1
12987 201111  2.402  -98.0633   26.5258    28.3    13.0    20.6    20.5     8.6    14.2 R    38.4    11.6    21.6
12987 201112  2.402  -98.0633   26.5258    21.6    10.1    15.9    15.7    38.4     8.8 R    27.7     9.2    16.1
12987 201201  2.412  -98.0633   26.5258    24.6    11.0    17.8    17.6     2.7    11.6 R    34.5     9.8    18.6
12987 201202  2.412  -98.0633   26.5258    22.9    13.8    18.4    17.9    70.4     9.2 C    30.0    12.2    18.4
12987 201203  2.412  -98.0633   26.5258    29.3    16.8    23.1    22.3    14.4    16.9 C    40.4    15.4    24.2
12987 201204  2.412  -98.0633   26.5258    32.7    19.5    26.1    25.2    15.3    20.9 C    47.8    18.0    28.2
12987 201205  2.412  -98.0633   26.5258    33.9    21.3    27.6    26.7    60.3    22.4 C    47.4    20.6    29.8
12987 201206  2.412  -98.0633   26.5258    36.9    23.4    30.1    29.2     9.2    22.1 C    53.4    22.4    32.9
12987 201207  2.412  -98.0633   26.5258    37.2    24.2    30.7    29.7    10.1    21.4 C    53.6    23.3    33.3
12987 201208  2.412  -98.0633   26.5258    38.0    24.2    31.1    30.1    28.4    21.4 C    54.4    23.3    33.7
12987 201209  2.412  -98.0633   26.5258    35.6    22.1    28.8    27.8    32.6    19.0 C    51.0    20.9    30.8
12987 201210  2.412  -98.0633   26.5258    32.4    19.4    25.9    25.1     5.3    15.6 C    43.4    18.3    27.1
12987 201211  2.412  -98.0633   26.5258    27.4    15.3    21.3    20.9    23.1    11.0 C    35.6    13.8    21.9
12987 201212  2.412  -98.0633   26.5258    25.4    12.3    18.8    18.8     1.9    10.2 C    32.4    10.5    19.5
12987 201301  2.412  -98.0633   26.5258    21.9    10.4    16.2    15.7    30.2     9.8 C    27.1     9.2    16.1
12987 201302  2.422  -98.0633   26.5258    26.9    13.1    20.0    19.5     1.3    15.1 C    39.1    11.3    21.5
12987 201303  2.422  -98.0633   26.5258    28.0    13.6    20.8    20.3     0.0    18.2 C    41.3    11.5    22.7
12987 201304  2.422  -98.0633   26.5258    29.9    16.9    23.4    22.7    73.8    17.9 C    43.5    16.0    25.6
12987 201305  2.422  -98.0633   26.5258    31.6    21.3    26.4    25.9    51.8    20.7 C    40.1    20.6    27.6
12987 201306  2.422  -98.0633   26.5258    36.1    24.1    30.1    29.2    40.6    24.2 C    47.0    23.5    31.7
12987 201307  2.422  -98.0633   26.5258    36.2    23.9    30.1    29.1    51.9    22.9 C    47.5    23.3    31.5
12987 201308  2.422  -98.0633   26.5258    37.0    24.0    30.5    29.4    67.8    21.8 C    50.1    23.0    32.0
12987 201309  2.422  -98.0633   26.5258    32.6    22.9    27.7    26.7   145.9    17.0 C    39.0    22.4    27.5
12987 201310  2.422  -98.0633   26.5258    31.5    19.1    25.3    24.9     3.7    16.5 C    37.2    17.9    25.5
12987 201311  2.422  -98.0633   26.5258    23.8    12.5    18.1    17.8    96.3    11.3 C    27.8    11.6    18.0
12987 201312  2.422  -98.0633   26.5258    19.4     8.5    13.9    13.7    70.4     8.9 C    22.3     7.6    13.8
12987 201401  2.422  -98.0633   26.5258    20.8     6.1    13.5    13.2    13.7    12.7 C    24.3     4.5    13.1
12987 201402  2.422  -98.0633   26.5258    22.4    10.2    16.3    15.5    15.2    11.4 C    27.2     9.3    16.2
12987 201403  2.422  -98.0633   26.5258    24.2    12.4    18.3    18.0    34.1    13.2 C    31.7    11.1    18.9
12987 201404  2.422  -98.0633   26.5258    30.0    17.1    23.6    23.0     2.2    18.1 C    39.5    15.4    24.5
12987 201405  2.422  -98.0633   26.5258    31.4    19.2    25.3    24.7    81.7    22.3 C    39.7    18.1    26.4
12987 201406  2.422  -98.0633   26.5258    35.9    24.2    30.1    29.1     3.7    23.4 C    47.6    23.6    31.7
12987 201407  2.422  -98.0633   26.5258    36.9    23.9    30.4    29.4    11.8    23.4 C    48.9    23.1    32.2
12987 201408  2.422  -98.0633   26.5258    37.5    24.5    31.0    29.8    95.0    21.5 C    48.7    23.7    32.1
12987 201409  2.422  -98.0633   26.5258    31.7    22.9    27.3    26.4   275.6    16.4 C    36.3    22.2    26.9
12987 201410  2.422  -98.0633   26.5258    31.0    18.9    24.9    24.5    69.3    17.7 C    34.2    17.5    24.2
12987 201411  2.422  -98.0633   26.5258    22.2    11.0    16.6    16.4    97.1    11.1 C    24.6     9.9    16.2
12987 201412  2.422  -98.0633   26.5258    21.7    12.7    17.2    17.0    52.7     7.8 C    24.5    11.8    16.9
12987 201501  2.422  -98.0633   26.5258    17.6     7.1    12.3    11.9    59.2     9.5 C    21.6     5.4    11.7
12987 201502  2.422  -98.0633   26.5258    21.6     9.6    15.6    14.7    29.0    12.4 C    26.6     8.5    15.2
12987 201503  2.422  -98.0633   26.5258    23.5    14.0    18.7    18.2    61.9    11.7 C    29.0    13.0    18.8
12987 201504  2.422  -98.0633   26.5258    28.6    19.6    24.1    23.7   113.1    15.5 C    32.9    18.8    24.1
12987 201505  2.422  -98.0633   26.5258    30.8    22.0    26.4    25.9   240.4    17.2 C    34.2    21.3    26.2
12987 201506  2.422  -98.0633   26.5258    33.0    22.8    27.9    27.2   133.2    20.7 C    37.7    22.0    27.9
12987 201507  2.422  -98.0633   26.5258    35.4    24.0    29.7    29.1     3.1    24.1 C    41.3    23.3    30.3
12987 201508  2.422  -98.0633   26.5258    36.6    23.3    29.9    29.1    11.5    22.5 C    44.6    22.3    30.4
12987 201509  2.422  -98.0633   26.5258    34.1    22.1    28.1    27.0    85.6    17.3 C    40.8    21.3    27.7
12987 201510  2.422  -98.0633   26.5258    31.3    19.3    25.3    24.6   112.7    12.5 C    35.7    18.5    24.5
12987 201511  2.422  -98.0633   26.5258    26.0    15.8    20.9    20.4    19.1     6.7 C    29.2    15.0    20.4
12987 201512  2.422  -98.0633   26.5258    24.5    11.5    18.0    17.6    10.6     6.8 C    28.3    10.4    17.2
12987 201601  2.422  -98.0633   26.5258    21.3     7.5    14.4    14.1    33.3     9.1 C    26.4     5.8    13.8
12987 201602  2.422  -98.0633   26.5258    26.9    10.3    18.6    18.0     1.7    14.2 C    34.4     8.2    18.1
12987 201603  2.422  -98.0633   26.5258    28.5    16.7    22.6    21.9    40.8    15.9 C    39.3    15.0    23.6
12987 201604  2.422  -98.0633   26.5258    31.2    18.4    24.8    24.1    13.6    18.4 C    42.4    17.0    26.0
12987 201605  2.422  -98.0633   26.5258    32.7    21.7    27.2    26.5    90.5    17.8 C    39.9    20.7    27.7
12987 201606  2.422  -98.0633   26.5258    34.3    22.9    28.6    27.7   112.2    21.3 C    39.2    22.0    28.5
12987 201607  2.422  -98.0633   26.5258    37.7    25.2    31.4    30.5     0.0    24.0 C    43.4    24.4    31.6
12987 201608  2.422  -98.0633   26.5258    37.8    24.4    31.1    30.0    12.7    21.1 C    45.3    23.6    31.4
12987 201609  2.422  -98.0633   26.5258    36.1    23.3    29.7    28.5    50.3    18.5 C    42.6    22.4    29.3
12987 201610  2.422  -98.0633   26.5258    34.1    18.7    26.4    25.6    30.5    17.2 C    40.7    17.6    26.3
12987 201611  2.422  -98.0633   26.5258    28.8    16.8    22.8    22.0    23.7    11.7 C    33.3    15.4    22.2
12987 201612  2.422  -98.0633   26.5258    23.9    13.2    18.6    17.7    16.8     7.4 C    26.7    12.8    17.9
12987 201701  2.422  -98.0633   26.5258    25.3    11.4    18.4    17.7     5.9    11.3 C    29.1     9.9    17.7
12987 201702  2.422  -98.0633   26.5258    29.5    15.8    22.7    21.8    24.6    15.6 C    34.6    14.5    22.4
12987 201703  2.422  -98.0633   26.5258    28.8    17.5    23.1    22.5    86.3    16.2 C    37.2    16.0    23.6
12987 201704  2.422  -98.0633   26.5258    32.1    18.2    25.2    24.8    25.0    21.0 C    41.0    16.4    26.2
12987 201705  2.422  -98.0633   26.5258    33.9    20.9    27.4    26.7    62.9    20.5 C    43.9    19.6    28.7
12987 201706  2.422  -98.0633   26.5258    36.6    23.3    29.9    29.1     9.2    23.8 C    45.7    22.3    31.0
12987 201707  2.422  -98.0633   26.5258    37.5    24.1    30.8    29.7     8.0    22.5 C    48.4    23.1    31.9
