63899 200801  5.001  -87.0518   31.1449 -9999.0 -9999.0 -9999.0 -9999.0 -9999.0 -9999.0 U -9999.0 -9999.0 -9999.0
63899 200802  5.001  -87.0518   31.1449    19.3     4.1    11.7    11.7    78.0 -9999.0 U -9999.0 -9999.0 -9999.0
63899 200803  5.001  -87.0518   31.1449    21.8     6.7    14.2    14.4    76.5 -9999.0 U -9999.0 -9999.0 -9999.0
63899 200804  5.001  -87.0518   31.1449    24.8    11.1    18.0    17.9   111.4 -9999.0 U -9999.0 -9999.0 -9999.0
63899 200805  5.001  -87.0518   31.1449    28.9    16.1    22.5    22.7    95.1 -9999.0 U -9999.0 -9999.0 -9999.0
63899 200806  5.001  -87.0518   31.1449    32.1    19.8    25.9    25.3   190.9 -9999.0 U -9999.0 -9999.0 -9999.0
63899 200807  5.001  -87.0518   31.1449    32.2    21.0    26.6    25.7   126.3 -9999.0 U -9999.0 -9999.0 -9999.0
63899 200808  5.001  -87.0518   31.1449    30.7    20.9    25.8    25.1   277.2 -9999.0 U -9999.0 -9999.0 -9999.0
63899 200809  5.001  -87.0518   31.1449    29.8    18.8    24.3    23.7    38.2 -9999.0 U -9999.0 -9999.0 -9999.0
63899 200810  5.001  -87.0518   31.1449    24.2    11.1    17.6    17.1   116.6 -9999.0 U -9999.0 -9999.0 -9999.0
63899 200811  5.001  -87.0518   31.1449    20.3     4.4    12.4    12.0    84.8 -9999.0 U -9999.0 -9999.0 -9999.0
63899 200812  5.001  -87.0518   31.1449    18.7     6.9    12.8    12.5   195.0 -9999.0 U -9999.0 -9999.0 -9999.0
63899 200901  5.001  -87.0518   31.1449    16.7     3.3    10.0     9.7   111.6 -9999.0 U -9999.0 -9999.0 -9999.0
63899 200902  5.001  -87.0518   31.1449    18.5     3.3    10.9    10.8    86.3 -9999.0 U -9999.0 -9999.0 -9999.0
63899 200903  5.001  -87.0518   31.1449    22.2     9.2    15.7    15.4   285.6 -9999.0 U -9999.0 -9999.0 -9999.0
63899 200904  5.001  -87.0518   31.1449    24.8    10.8    17.8    17.8   123.6 -9999.0 U -9999.0 -9999.0 -9999.0
63899 200905  5.101  -87.0518   31.1449    27.9    17.8    22.8    22.2   187.3 -9999.0 U -9999.0 -9999.0 -9999.0
63899 200906  5.101  -87.0518   31.1449    33.1    20.4    26.7    26.4    85.6 -9999.0 U -9999.0 -9999.0 -9999.0
63899 200907  5.101  -87.0518   31.1449    32.1    20.4    26.3    25.7   167.1 -9999.0 U -9999.0 -9999.0 -9999.0
63899 200908  5.101  -87.0518   31.1449    30.5    20.4    25.5    24.6   157.7 -9999.0 U -9999.0 -9999.0 -9999.0
63899 200909  5.101  -87.0518   31.1449    29.4    20.3    24.8    24.0   113.0 -9999.0 U -9999.0 -9999.0 -9999.0
63899 200910  5.101  -87.0518   31.1449    25.0    14.4    19.7    19.1   152.7 -9999.0 U -9999.0 -9999.0 -9999.0
63899 200911  5.101  -87.0518   31.1449    19.6     5.8    12.7    12.2   177.4 -9999.0 U -9999.0 -9999.0 -9999.0
63899 200912  5.101  -87.0518   31.1449    14.1     4.0     9.0     8.9   336.0 -9999.0 U -9999.0 -9999.0 -9999.0
63899 201001  6.101  -87.0518   31.1449    13.1     0.2     6.6     6.0   234.0 -9999.0 U -9999.0 -9999.0 -9999.0
63899 201002  6.101  -87.0518   31.1449    12.6     0.3     6.4     6.4   122.6 -9999.0 U -9999.0 -9999.0 -9999.0
63899 201003  6.101  -87.0518   31.1449    19.1     4.5    11.8    11.8    84.2 -9999.0 U -9999.0 -9999.0 -9999.0
63899 201004  6.101  -87.0518   31.1449    26.4    10.3    18.4    18.4    65.0 -9999.0 U -9999.0 -9999.0 -9999.0
63899 201005  6.101  -87.0518   31.1449    29.6    17.9    23.7    23.5   136.8 -9999.0 U -9999.0 -9999.0 -9999.0
63899 201006  6.101  -87.0518   31.1449    33.1    21.2    27.1    26.5    61.1 -9999.0 U -9999.0 -9999.0 -9999.0
63899 201007  6.101  -87.0518   31.1449    33.5    22.2    27.8    27.1    93.1 -9999.0 U -9999.0 -9999.0 -9999.0
63899 201008  6.101  -87.0518   31.1449    32.8    22.9    27.8    26.9   219.5 -9999.0 U -9999.0 -9999.0 -9999.0
63899 201009  6.101  -87.0518   31.1449    32.3    18.4    25.3    24.6    20.1 -9999.0 U -9999.0 -9999.0 -9999.0
63899 201010  6.101  -87.0518   31.1449    27.7    10.0    18.8    18.4    32.6 -9999.0 U -9999.0 -9999.0 -9999.0
63899 201011  6.101  -87.0518   31.1449    21.8     6.8    14.3    13.8   129.1 -9999.0 U -9999.0 -9999.0 -9999.0
63899 201012  6.101  -87.0518   31.1449    13.9    -0.2     6.8     6.4    53.6 -9999.0 U -9999.0 -9999.0 -9999.0
63899 201101  6.101  -87.0518   31.1449    13.6     0.4     7.0     7.0   107.5 -9999.0 U -9999.0 -9999.0 -9999.0
63899 201102  6.101  -87.0518   31.1449    18.8     4.4    11.6    11.1    88.6 -9999.0 U -9999.0 -9999.0 -9999.0
63899 201103  6.101  -87.0518   31.1449    23.6     8.6    16.1    16.1   174.8 -9999.0 U -9999.0 -9999.0 -9999.0
63899 201104  6.101  -87.0518   31.1449    27.3    12.4    19.9    20.0    98.0 -9999.0 U -9999.0 -9999.0 -9999.0
63899 201105  6.101  -87.0518   31.1449    29.6    14.2    21.9    21.6    70.5 -9999.0 U -9999.0 -9999.0 -9999.0
63899 201106  6.101  -87.0518   31.1449    34.6    20.4    27.5    26.7    90.1 -9999.0 U -9999.0 -9999.0 -9999.0
63899 201107  6.101  -87.0518   31.1449    32.5    21.9    27.2    26.4   168.1 -9999.0 U -9999.0 -9999.0 -9999.0
63899 201108  6.101  -87.0518   31.1449    34.4    21.0    27.7    26.9    49.1 -9999.0 U -9999.0 -9999.0 -9999.0
63899 201109  6.101  -87.0518   31.1449    29.0    17.2    23.1    22.4   128.8 -9999.0 U -9999.0 -9999.0 -9999.0
63899 201110  6.101  -87.0518   31.1449    24.9     8.5    16.7    16.1     4.5 -9999.0 U -9999.0 -9999.0 -9999.0
63899 201111  6.101  -87.0518   31.1449    21.3     7.1    14.2    13.9    42.2 -9999.0 U -9999.0 -9999.0 -9999.0
63899 201112  6.101  -87.0518   31.1449    18.1     5.2    11.6    11.4   116.5 -9999.0 U -9999.0 -9999.0 -9999.0
63899 201201  6.101  -87.0518   31.1449    19.7     5.0    12.3    12.0   134.2 -9999.0 U -9999.0 -9999.0 -9999.0
63899 201202  6.101  -87.0518   31.1449    18.1     7.5    12.8    12.8   181.1 -9999.0 U -9999.0 -9999.0 -9999.0
63899 201203  6.101  -87.0518   31.1449    25.7    12.1    18.9    18.6    39.3 -9999.0 U -9999.0 -9999.0 -9999.0
63899 201204  6.101  -87.0518   31.1449    26.1    12.0    19.1    18.9    65.6 -9999.0 U -9999.0 -9999.0 -9999.0
63899 201205  6.101  -87.0518   31.1449    30.2    16.4    23.3    23.0    94.1 -9999.0 U -9999.0 -9999.0 -9999.0
63899 201206  6.101  -87.0518   31.1449    30.7    19.5    25.1    24.8   237.1 -9999.0 U -9999.0 -9999.0 -9999.0
63899 201207  6.101  -87.0518   31.1449    32.3    21.4    26.9    25.9   223.4 -9999.0 U -9999.0 -9999.0 -9999.0
63899 201208  6.101  -87.0518   31.1449    31.2    21.1    26.1    25.2   252.3 -9999.0 U -9999.0 -9999.0 -9999.0
63899 201209  6.101  -87.0518   31.1449    29.3    18.0    23.6    23.1   117.9 -9999.0 U -9999.0 -9999.0 -9999.0
63899 201210  6.101  -87.0518   31.1449    25.2    10.9    18.0    17.4    82.9 -9999.0 U -9999.0 -9999.0 -9999.0
63899 201211  6.101  -87.0518   31.1449    19.7     4.1    11.9    11.4    24.6 -9999.0 U -9999.0 -9999.0 -9999.0
63899 201212  6.101  -87.0518   31.1449    18.6     5.4    12.0    11.4   119.5 -9999.0 U -9999.0 -9999.0 -9999.0
63899 201301  6.101  -87.0518   31.1449    18.7     6.5    12.6    12.4    94.1 -9999.0 U -9999.0 -9999.0 -9999.0
63899 201302  6.101  -87.0518   31.1449    17.9     4.9    11.4    11.3   233.1 -9999.0 U -9999.0 -9999.0 -9999.0
63899 201303  6.101  -87.0518   31.1449    19.5     3.8    11.7    11.5    56.0 -9999.0 U -9999.0 -9999.0 -9999.0
63899 201304  6.101  -87.0518   31.1449    24.7    10.9    17.8    17.7   100.3 -9999.0 U -9999.0 -9999.0 -9999.0
63899 201305  6.101  -87.0518   31.1449    27.1    13.9    20.5    20.5    48.6 -9999.0 U -9999.0 -9999.0 -9999.0
63899 201306  6.101  -87.0518   31.1449    31.2    20.7    25.9    25.4   156.5 -9999.0 U -9999.0 -9999.0 -9999.0
63899 201307  6.101  -87.0518   31.1449    30.1    21.1    25.6    24.7   133.4 -9999.0 U -9999.0 -9999.0 -9999.0
63899 201308  6.101  -87.0518   31.1449    31.0    21.0    26.0    24.9   180.8 -9999.0 U -9999.0 -9999.0 -9999.0
63899 201309  6.101  -87.0518   31.1449    30.4    19.1    24.7    23.9   132.8 -9999.0 U -9999.0 -9999.0 -9999.0
63899 201310  6.101  -87.0518   31.1449    25.6    13.2    19.4    18.8    26.4 -9999.0 U -9999.0 -9999.0 -9999.0
63899 201311  6.101  -87.0518   31.1449    19.3     5.9    12.6    12.3    38.2 -9999.0 U -9999.0 -9999.0 -9999.0
63899 201312  6.101  -87.0518   31.1449    17.2     4.5    10.9    10.9   145.1 -9999.0 U -9999.0 -9999.0 -9999.0
63899 201401  6.101  -87.0518   31.1449    12.4    -2.1     5.2     5.0    80.2 -9999.0 U -9999.0 -9999.0 -9999.0
63899 201402  6.101  -87.0518   31.1449    17.7     4.1    10.9    10.8   141.0 -9999.0 U -9999.0 -9999.0 -9999.0
63899 201403  6.101  -87.0518   31.1449    19.7     6.1    12.9    12.8   203.1 -9999.0 U -9999.0 -9999.0 -9999.0
63899 201404  6.101  -87.0518   31.1449    24.5    11.9    18.2    17.9   273.2 -9999.0 U -9999.0 -9999.0 -9999.0
63899 201405  6.101  -87.0518   31.1449    28.2    15.5    21.8    21.5   198.5 -9999.0 U -9999.0 -9999.0 -9999.0
63899 201406  6.101  -87.0518   31.1449    31.2    20.3    25.7    25.2   185.4 -9999.0 U -9999.0 -9999.0 -9999.0
63899 201407  6.101  -87.0518   31.1449    31.4    20.2    25.8    25.3   165.5 -9999.0 U -9999.0 -9999.0 -9999.0
63899 201408  6.101  -87.0518   31.1449    32.5    20.9    26.7    25.9   163.4 -9999.0 U -9999.0 -9999.0 -9999.0
63899 201409  6.101  -87.0518   31.1449    30.3    19.8    25.0    24.0    94.2 -9999.0 U -9999.0 -9999.0 -9999.0
63899 201410  6.101  -87.0518   31.1449    26.7    11.5    19.1    18.5   144.2 -9999.0 U -9999.0 -9999.0 -9999.0
63899 201411  6.101  -87.0518   31.1449    18.4     3.5    11.0    10.3    33.3 -9999.0 U -9999.0 -9999.0 -9999.0
63899 201412  6.101  -87.0518   31.1449    18.1     5.8    11.9    11.6   166.0 -9999.0 U -9999.0 -9999.0 -9999.0
63899 201501  6.101  -87.0518   31.1449    15.2     2.4     8.8     8.6   103.7 -9999.0 U -9999.0 -9999.0 -9999.0
63899 201502  6.101  -87.0518   31.1449    14.5     1.6     8.0     7.7    69.2 -9999.0 U -9999.0 -9999.0 -9999.0
63899 201503  6.101  -87.0518   31.1449    23.5    11.3    17.4    17.0    52.3 -9999.0 U -9999.0 -9999.0 -9999.0
63899 201504  6.101  -87.0518   31.1449    26.1    15.4    20.8    20.4   132.6 -9999.0 U -9999.0 -9999.0 -9999.0
63899 201505  6.101  -87.0518   31.1449    29.5    16.7    23.1    22.6   145.0 -9999.0 U -9999.0 -9999.0 -9999.0
63899 201506  6.101  -87.0518   31.1449    31.9    20.7    26.3    25.6    76.6 -9999.0 U -9999.0 -9999.0 -9999.0
63899 201507  6.101  -87.0518   31.1449    33.0    22.1    27.6    26.8   146.0 -9999.0 U -9999.0 -9999.0 -9999.0
63899 201508  6.101  -87.0518   31.1449    32.2    21.0    26.6    26.0   113.0 -9999.0 U -9999.0 -9999.0 -9999.0
63899 201509  6.101  -87.0518   31.1449    30.1    18.3    24.2    23.6    82.7 -9999.0 U -9999.0 -9999.0 -9999.0
63899 201510  5.102  -87.0518   31.1449    25.6    13.6    19.6    19.0   121.6 -9999.0 U -9999.0 -9999.0 -9999.0
63899 201511  5.102  -87.0518   31.1449    22.1    11.5    16.8    16.3   148.6 -9999.0 U -9999.0 -9999.0 -9999.0
63899 201512  5.102  -87.0518   31.1449    20.8    10.0    15.4    15.1   321.7 -9999.0 U -9999.0 -9999.0 -9999.0
63899 201601  5.102  -87.0518   31.1449    14.2     2.3     8.3     7.8    93.0 -9999.0 U -9999.0 -9999.0 -9999.0
63899 201602  5.102  -87.0518   31.1449    18.4     4.4    11.4    11.1    96.2 -9999.0 U -9999.0 -9999.0 -9999.0
63899 201603  5.102  -87.0518   31.1449    22.9    10.6    16.8    16.5   228.8 -9999.0 U -9999.0 -9999.0 -9999.0
63899 201604  5.102  -87.0518   31.1449    25.0    12.2    18.6    18.5 -9999.0 -9999.0 U -9999.0 -9999.0 -9999.0
63899 201605  5.102  -87.0518   31.1449    28.2    16.0    22.1    21.8    84.1 -9999.0 U -9999.0 -9999.0 -9999.0
63899 201606  5.102  -87.0518   31.1449    31.7    20.3    26.0    25.5   107.9 -9999.0 U -9999.0 -9999.0 -9999.0
63899 201607  5.102  -87.0518   31.1449    32.3    21.9    27.1    26.1   134.0 -9999.0 U -9999.0 -9999.0 -9999.0
63899 201608  5.102  -87.0518   31.1449    31.6    22.3    27.0    26.0   101.5 -9999.0 U -9999.0 -9999.0 -9999.0
63899 201609  5.102  -87.0518   31.1449    31.0    19.9    25.5    24.5    71.6 -9999.0 U -9999.0 -9999.0 -9999.0
63899 201610  5.102  -87.0518   31.1449    28.6    12.5    20.6    19.7     0.0 -9999.0 U -9999.0 -9999.0 -9999.0
63899 201611  5.102  -87.0518   31.1449    23.9     7.0    15.5    15.0    38.7 -9999.0 U -9999.0 -9999.0 -9999.0
63899 201612  5.102  -87.0518   31.1449    18.3     7.2    12.7    12.5   211.7 -9999.0 U -9999.0 -9999.0 -9999.0
63899 201701  5.102  -87.0518   31.1449    19.5     6.9    13.2    12.9 -9999.0 -9999.0 U -9999.0 -9999.0 -9999.0
63899 201702  5.102  -87.0518   31.1449    22.1     7.7    14.9    14.6    73.8 -9999.0 U -9999.0 -9999.0 -9999.0
63899 201703  5.102  -87.0518   31.1449    22.8     9.2    16.0    15.9    94.7 -9999.0 U -9999.0 -9999.0 -9999.0
63899 201704  5.102  -87.0518   31.1449    27.1    12.8    19.9    19.7    95.5 -9999.0 U -9999.0 -9999.0 -9999.0
63899 201705  5.102  -87.0518   31.1449    28.1    15.4    21.7    21.5   266.3 -9999.0 U -9999.0 -9999.0 -9999.0
63899 201706  5.102  -87.0518   31.1449    28.5    20.4    24.4    23.9   385.0 -9999.0 U -9999.0 -9999.0 -9999.0
63899 201707  5.102  -87.0518   31.1449 -9999.0 -9999.0 -9999.0 -9999.0 -9999.0 -9999.0 U -9999.0 -9999.0 -9999.0
