63891 200703  5.002  -86.6115   32.8516 -9999.0 -9999.0 -9999.0 -9999.0 -9999.0 -9999.0 U -9999.0 -9999.0 -9999.0
63891 200704  5.002  -86.6115   32.8516    21.7     7.7    14.7    14.7 -9999.0 -9999.0 U -9999.0 -9999.0 -9999.0
63891 200705  5.002  -86.6115   32.8516    29.1    13.5    21.3    21.3    18.9 -9999.0 U -9999.0 -9999.0 -9999.0
63891 200706  5.002  -86.6115   32.8516    33.0    18.7    25.9    25.4    48.1 -9999.0 U -9999.0 -9999.0 -9999.0
63891 200707  5.002  -86.6115   32.8516    31.5    20.8    26.1    25.3    61.5 -9999.0 U -9999.0 -9999.0 -9999.0
63891 200708  5.002  -86.6115   32.8516    36.1    22.1    29.1    28.5   100.1 -9999.0 U -9999.0 -9999.0 -9999.0
63891 200709  5.002  -86.6115   32.8516    30.0    17.9    23.9    23.5    48.5 -9999.0 U -9999.0 -9999.0 -9999.0
63891 200710  5.002  -86.6115   32.8516    25.2    12.3    18.8    18.5    71.0 -9999.0 U -9999.0 -9999.0 -9999.0
63891 200711  5.002  -86.6115   32.8516    18.9     3.7    11.3    11.2    51.2 -9999.0 U -9999.0 -9999.0 -9999.0
63891 200712  5.002  -86.6115   32.8516    16.2     4.6    10.4    10.2    90.2 -9999.0 U -9999.0 -9999.0 -9999.0
63891 200801  5.002  -86.6115   32.8516    11.9    -0.1     5.9     5.9   133.8 -9999.0 U -9999.0 -9999.0 -9999.0
63891 200802  5.002  -86.6115   32.8516    16.6     2.0     9.3     9.2   160.4 -9999.0 U -9999.0 -9999.0 -9999.0
63891 200803  5.002  -86.6115   32.8516    20.0     5.1    12.5    12.7   126.3 -9999.0 U -9999.0 -9999.0 -9999.0
63891 200804  5.002  -86.6115   32.8516    23.3    10.6    17.0    16.8   128.1 -9999.0 U -9999.0 -9999.0 -9999.0
63891 200805  5.002  -86.6115   32.8516    27.2    14.8    21.0    21.2    77.1 -9999.0 U -9999.0 -9999.0 -9999.0
63891 200806  5.002  -86.6115   32.8516    31.9    19.1    25.5    25.0    61.2 -9999.0 U -9999.0 -9999.0 -9999.0
63891 200807  5.002  -86.6115   32.8516    32.9    20.2    26.6    26.0    77.3 -9999.0 U -9999.0 -9999.0 -9999.0
63891 200808  5.002  -86.6115   32.8516    31.0    20.4    25.7    25.1   218.6 -9999.0 U -9999.0 -9999.0 -9999.0
63891 200809  5.002  -86.6115   32.8516    28.6    17.9    23.2    22.7    68.6 -9999.0 U -9999.0 -9999.0 -9999.0
63891 200810  5.002  -86.6115   32.8516    22.6     9.9    16.2    15.8    77.8 -9999.0 U -9999.0 -9999.0 -9999.0
63891 200811  5.002  -86.6115   32.8516    17.8     2.9    10.4    10.0    43.2 -9999.0 U -9999.0 -9999.0 -9999.0
63891 200812  5.002  -86.6115   32.8516    15.8     4.4    10.1     9.8   157.4 -9999.0 U -9999.0 -9999.0 -9999.0
63891 200901  5.002  -86.6115   32.8516    13.6     1.1     7.4     7.1   103.5 -9999.0 U -9999.0 -9999.0 -9999.0
63891 200902  5.002  -86.6115   32.8516    16.3     0.6     8.4     8.4   141.5 -9999.0 U -9999.0 -9999.0 -9999.0
63891 200903  5.002  -86.6115   32.8516    19.7     7.4    13.5    13.4   249.1 -9999.0 U -9999.0 -9999.0 -9999.0
63891 200904  5.002  -86.6115   32.8516    23.0     9.3    16.2    16.3   107.4 -9999.0 U -9999.0 -9999.0 -9999.0
63891 200905  5.102  -86.6115   32.8516    26.1    17.0    21.5    21.1   285.4 -9999.0 U -9999.0 -9999.0 -9999.0
63891 200906  5.102  -86.6115   32.8516    31.3    19.6    25.4    25.4    93.3 -9999.0 U -9999.0 -9999.0 -9999.0
63891 200907  5.102  -86.6115   32.8516    30.7    19.7    25.2    24.8   204.4 -9999.0 U -9999.0 -9999.0 -9999.0
63891 200908  5.102  -86.6115   32.8516    30.2    20.1    25.1    24.5   119.4 -9999.0 U -9999.0 -9999.0 -9999.0
63891 200909  5.102  -86.6115   32.8516    28.0    19.3    23.6    22.7   209.0 -9999.0 U -9999.0 -9999.0 -9999.0
63891 200910  5.102  -86.6115   32.8516    22.2    11.4    16.8    16.5   218.6 -9999.0 U -9999.0 -9999.0 -9999.0
63891 200911  5.102  -86.6115   32.8516    18.2     4.5    11.3    10.9   195.0 -9999.0 U -9999.0 -9999.0 -9999.0
63891 200912  5.102  -86.6115   32.8516    11.7     1.8     6.7     6.7   267.3 -9999.0 U -9999.0 -9999.0 -9999.0
63891 201001  5.102  -86.6115   32.8516     9.8    -1.9     4.0     3.6   179.4 -9999.0 U -9999.0 -9999.0 -9999.0
63891 201002  5.102  -86.6115   32.8516    10.3    -1.2     4.5     4.4   118.7 -9999.0 U -9999.0 -9999.0 -9999.0
63891 201003  5.102  -86.6115   32.8516    16.5     4.0    10.3    10.1   184.9 -9999.0 U -9999.0 -9999.0 -9999.0
63891 201004  5.102  -86.6115   32.8516    25.2     9.4    17.3    17.5    64.7 -9999.0 U -9999.0 -9999.0 -9999.0
63891 201005  5.102  -86.6115   32.8516    28.5    16.6    22.6    22.3   138.2 -9999.0 U -9999.0 -9999.0 -9999.0
63891 201006  5.102  -86.6115   32.8516    32.8    20.9    26.8    26.2    96.7 -9999.0 U -9999.0 -9999.0 -9999.0
63891 201007  5.102  -86.6115   32.8516    34.5    22.2    28.3    27.6    32.3 -9999.0 U -9999.0 -9999.0 -9999.0
63891 201008  5.102  -86.6115   32.8516    34.1    22.5    28.3    27.3    76.0 -9999.0 U -9999.0 -9999.0 -9999.0
63891 201009  5.102  -86.6115   32.8516    32.8    16.7    24.8    24.3    17.2 -9999.0 U -9999.0 -9999.0 -9999.0
63891 201010  5.102  -86.6115   32.8516    26.4     8.8    17.6    17.2   167.2 -9999.0 U -9999.0 -9999.0 -9999.0
63891 201011  5.102  -86.6115   32.8516    19.5     5.2    12.3    11.8   145.0 -9999.0 U -9999.0 -9999.0 -9999.0
63891 201012  5.102  -86.6115   32.8516    10.7    -1.3     4.7     4.4    33.4 -9999.0 U -9999.0 -9999.0 -9999.0
63891 201101  5.102  -86.6115   32.8516    10.6    -1.1     4.8     4.6    76.1 -9999.0 U -9999.0 -9999.0 -9999.0
63891 201102  5.102  -86.6115   32.8516    16.4     2.1     9.2     9.2   119.1 -9999.0 U -9999.0 -9999.0 -9999.0
63891 201103  5.102  -86.6115   32.8516    20.3     7.3    13.8    13.7   238.2 -9999.0 U -9999.0 -9999.0 -9999.0
63891 201104  5.102  -86.6115   32.8516    25.4    11.4    18.4    18.5   144.9 -9999.0 U -9999.0 -9999.0 -9999.0
63891 201105  5.102  -86.6115   32.8516    27.5    13.3    20.4    20.3    37.3 -9999.0 U -9999.0 -9999.0 -9999.0
63891 201106  5.102  -86.6115   32.8516    33.9    20.1    27.0    26.2    59.6 -9999.0 U -9999.0 -9999.0 -9999.0
63891 201107  5.102  -86.6115   32.8516    32.8    22.0    27.4    26.4    82.6 -9999.0 U -9999.0 -9999.0 -9999.0
63891 201108  5.102  -86.6115   32.8516    34.7    20.5    27.6    27.0    36.0 -9999.0 U -9999.0 -9999.0 -9999.0
63891 201109  5.102  -86.6115   32.8516    28.1    15.8    22.0    21.6    40.2 -9999.0 U -9999.0 -9999.0 -9999.0
63891 201110  5.102  -86.6115   32.8516    23.5     7.6    15.5    15.0    21.2 -9999.0 U -9999.0 -9999.0 -9999.0
63891 201111  5.102  -86.6115   32.8516    19.3     6.2    12.8    12.5   145.4 -9999.0 U -9999.0 -9999.0 -9999.0
63891 201112  5.102  -86.6115   32.8516    15.6     3.2     9.4     9.3    97.8 -9999.0 U -9999.0 -9999.0 -9999.0
63891 201201  5.102  -86.6115   32.8516    16.4     3.0     9.7     9.8   159.0 -9999.0 U -9999.0 -9999.0 -9999.0
63891 201202  5.102  -86.6115   32.8516    16.4     5.8    11.1    11.0   109.0 -9999.0 U -9999.0 -9999.0 -9999.0
63891 201203  5.102  -86.6115   32.8516    24.2    11.4    17.8    17.5   180.9 -9999.0 U -9999.0 -9999.0 -9999.0
63891 201204  5.102  -86.6115   32.8516    24.5    11.4    18.0    17.8    69.5 -9999.0 U -9999.0 -9999.0 -9999.0
63891 201205  5.102  -86.6115   32.8516    28.2    16.0    22.1    21.9    97.4 -9999.0 U -9999.0 -9999.0 -9999.0
63891 201206  5.102  -86.6115   32.8516    30.7    18.1    24.4    24.4    43.9 -9999.0 U -9999.0 -9999.0 -9999.0
63891 201207  5.102  -86.6115   32.8516    32.5    21.5    27.0    26.2   215.7 -9999.0 U -9999.0 -9999.0 -9999.0
63891 201208  5.102  -86.6115   32.8516    30.6    19.9    25.3    24.5    90.6 -9999.0 U -9999.0 -9999.0 -9999.0
63891 201209  5.102  -86.6115   32.8516 -9999.0 -9999.0 -9999.0 -9999.0    53.7 -9999.0 U -9999.0 -9999.0 -9999.0
63891 201210  5.102  -86.6115   32.8516    23.6     8.8    16.2    15.8    16.3 -9999.0 U -9999.0 -9999.0 -9999.0
63891 201211  5.102  -86.6115   32.8516    18.4     1.9    10.2     9.7    31.2 -9999.0 U -9999.0 -9999.0 -9999.0
63891 201212  5.102  -86.6115   32.8516    16.4     3.8    10.1     9.8   212.0 -9999.0 U -9999.0 -9999.0 -9999.0
63891 201301  5.102  -86.6115   32.8516    15.2     4.7     9.9     9.6   183.6 -9999.0 U -9999.0 -9999.0 -9999.0
63891 201302  5.102  -86.6115   32.8516    14.0     2.4     8.2     8.4   213.8 -9999.0 U -9999.0 -9999.0 -9999.0
63891 201303  5.102  -86.6115   32.8516    16.2     3.2     9.7     9.6   134.2 -9999.0 U -9999.0 -9999.0 -9999.0
63891 201304  5.102  -86.6115   32.8516    23.2     9.9    16.5    16.5   126.1 -9999.0 U -9999.0 -9999.0 -9999.0
63891 201305  5.102  -86.6115   32.8516    26.0    13.3    19.6    19.8    81.2 -9999.0 U -9999.0 -9999.0 -9999.0
63891 201306  5.102  -86.6115   32.8516    31.0    19.8    25.4    25.0    76.0 -9999.0 U -9999.0 -9999.0 -9999.0
63891 201307  5.102  -86.6115   32.8516    29.6    20.6    25.1    24.4   241.3 -9999.0 U -9999.0 -9999.0 -9999.0
63891 201308  5.102  -86.6115   32.8516    29.8    20.5    25.2    24.6   110.8 -9999.0 U -9999.0 -9999.0 -9999.0
63891 201309  5.102  -86.6115   32.8516    29.3    17.4    23.4    22.9    51.7 -9999.0 U -9999.0 -9999.0 -9999.0
63891 201310  5.102  -86.6115   32.8516    23.8    11.9    17.8    17.5    50.6 -9999.0 U -9999.0 -9999.0 -9999.0
63891 201311  5.102  -86.6115   32.8516    16.3     4.1    10.2    10.2    84.3 -9999.0 U -9999.0 -9999.0 -9999.0
63891 201312  5.102  -86.6115   32.8516    14.1     3.5     8.8     8.5   238.8 -9999.0 U -9999.0 -9999.0 -9999.0
63891 201401  5.102  -86.6115   32.8516     9.1    -4.5     2.3     2.6    63.5 -9999.0 U -9999.0 -9999.0 -9999.0
63891 201402  5.102  -86.6115   32.8516    14.8     2.1     8.4     8.1   108.6 -9999.0 U -9999.0 -9999.0 -9999.0
63891 201403  5.102  -86.6115   32.8516    18.0     4.6    11.3    11.1   166.4 -9999.0 U -9999.0 -9999.0 -9999.0
63891 201404  5.102  -86.6115   32.8516    22.9    10.4    16.7    16.7   231.1 -9999.0 U -9999.0 -9999.0 -9999.0
63891 201405  5.102  -86.6115   32.8516    27.2    14.6    20.9    20.8    87.9 -9999.0 U -9999.0 -9999.0 -9999.0
63891 201406  5.102  -86.6115   32.8516    30.4    20.0    25.2    24.6   108.0 -9999.0 U -9999.0 -9999.0 -9999.0
63891 201407  5.102  -86.6115   32.8516    30.6    19.7    25.1    24.9    83.3 -9999.0 U -9999.0 -9999.0 -9999.0
63891 201408  5.102  -86.6115   32.8516    32.7    20.3    26.5    25.6   124.4 -9999.0 U -9999.0 -9999.0 -9999.0
63891 201409  5.102  -86.6115   32.8516    29.7    18.9    24.3    23.6    67.4 -9999.0 U -9999.0 -9999.0 -9999.0
63891 201410  5.102  -86.6115   32.8516    25.2    11.1    18.1    17.7    91.9 -9999.0 U -9999.0 -9999.0 -9999.0
63891 201411  5.102  -86.6115   32.8516    15.7     2.0     8.8     8.6    41.4 -9999.0 U -9999.0 -9999.0 -9999.0
63891 201412  5.102  -86.6115   32.8516    14.9     4.0     9.4     9.3   173.1 -9999.0 U -9999.0 -9999.0 -9999.0
63891 201501  5.102  -86.6115   32.8516    12.2    -0.2     6.0     6.1   114.9 -9999.0 U -9999.0 -9999.0 -9999.0
63891 201502  5.102  -86.6115   32.8516    11.0    -0.9     5.0     4.8   116.6 -9999.0 U -9999.0 -9999.0 -9999.0
63891 201503  5.102  -86.6115   32.8516    20.1     8.3    14.2    13.8    75.9 -9999.0 U -9999.0 -9999.0 -9999.0
63891 201504  5.102  -86.6115   32.8516    23.8    12.8    18.3    18.5   131.7 -9999.0 U -9999.0 -9999.0 -9999.0
63891 201505  5.102  -86.6115   32.8516    28.0    15.3    21.6    21.3   163.1 -9999.0 U -9999.0 -9999.0 -9999.0
63891 201506  5.102  -86.6115   32.8516    30.8    20.2    25.5    25.2    62.1 -9999.0 U -9999.0 -9999.0 -9999.0
63891 201507  5.102  -86.6115   32.8516    32.8    21.8    27.3    26.8   110.5 -9999.0 U -9999.0 -9999.0 -9999.0
63891 201508  5.102  -86.6115   32.8516    31.6    20.4    26.0    25.3   115.9 -9999.0 U -9999.0 -9999.0 -9999.0
63891 201509  5.102  -86.6115   32.8516    28.8    17.8    23.3    22.7    60.2 -9999.0 U -9999.0 -9999.0 -9999.0
63891 201510  5.102  -86.6115   32.8516    24.3    11.4    17.9    17.6    83.5 -9999.0 U -9999.0 -9999.0 -9999.0
63891 201511  5.102  -86.6115   32.8516    20.3     9.3    14.8    14.5   115.0 -9999.0 U -9999.0 -9999.0 -9999.0
63891 201512  5.102  -86.6115   32.8516    18.9     8.2    13.5    13.3   257.5 -9999.0 U -9999.0 -9999.0 -9999.0
63891 201601  5.102  -86.6115   32.8516    12.0     0.8     6.4     6.0   100.5 -9999.0 U -9999.0 -9999.0 -9999.0
63891 201602  5.102  -86.6115   32.8516    16.2     3.7     9.9     9.5   173.3 -9999.0 U -9999.0 -9999.0 -9999.0
63891 201603  5.102  -86.6115   32.8516    21.4     8.6    15.0    15.0   151.0 -9999.0 U -9999.0 -9999.0 -9999.0
63891 201604  5.102  -86.6115   32.8516    23.9    10.4    17.2    17.2   166.7 -9999.0 U -9999.0 -9999.0 -9999.0
63891 201605  5.102  -86.6115   32.8516    27.1    14.9    21.0    20.9   133.8 -9999.0 U -9999.0 -9999.0 -9999.0
63891 201606  5.102  -86.6115   32.8516    32.1    19.5    25.8    25.3    47.6 -9999.0 U -9999.0 -9999.0 -9999.0
63891 201607  5.102  -86.6115   32.8516    33.4    21.8    27.6    26.8    88.5 -9999.0 U -9999.0 -9999.0 -9999.0
63891 201608  5.102  -86.6115   32.8516    32.5    22.2    27.4    26.4    76.4 -9999.0 U -9999.0 -9999.0 -9999.0
63891 201609  5.102  -86.6115   32.8516    31.7    19.1    25.4    24.5    94.6 -9999.0 U -9999.0 -9999.0 -9999.0
63891 201610  5.102  -86.6115   32.8516    28.3    11.6    20.0    19.2     0.2 -9999.0 U -9999.0 -9999.0 -9999.0
63891 201611  5.102  -86.6115   32.8516    22.1     5.0    13.5    13.3    84.5 -9999.0 U -9999.0 -9999.0 -9999.0
63891 201612  5.102  -86.6115   32.8516    15.1     4.2     9.6     9.7    66.3 -9999.0 U -9999.0 -9999.0 -9999.0
63891 201701  5.102  -86.6115   32.8516    16.8     5.0    10.9    10.9   311.0 -9999.0 U -9999.0 -9999.0 -9999.0
63891 201702  5.102  -86.6115   32.8516    19.0     6.5    12.7    12.9    89.9 -9999.0 U -9999.0 -9999.0 -9999.0
63891 201703  5.102  -86.6115   32.8516    20.7     8.0    14.3    14.1   141.1 -9999.0 U -9999.0 -9999.0 -9999.0
63891 201704  5.102  -86.6115   32.8516    26.2    12.1    19.2    19.1   109.4 -9999.0 U -9999.0 -9999.0 -9999.0
63891 201705  5.102  -86.6115   32.8516    26.6    14.3    20.4    20.5   163.7 -9999.0 U -9999.0 -9999.0 -9999.0
63891 201706  5.102  -86.6115   32.8516    28.7    19.3    24.0    23.5   321.4 -9999.0 U -9999.0 -9999.0 -9999.0
63891 201707  5.102  -86.6115   32.8516    31.8    21.4    26.6    25.9    79.6 -9999.0 U -9999.0 -9999.0 -9999.0
