03084 200911  6.101 -106.1444   37.7068     9.3    -8.8     0.2    -0.3 -9999.0 -9999.0 U -9999.0 -9999.0 -9999.0
03084 200912  6.101 -106.1444   37.7068    -1.0   -16.4    -8.7    -8.8     0.2 -9999.0 U -9999.0 -9999.0 -9999.0
03084 201001  6.101 -106.1444   37.7068     0.4   -16.1    -7.8    -7.8    20.1 -9999.0 U -9999.0 -9999.0 -9999.0
03084 201002  6.101 -106.1444   37.7068    -3.0   -18.5   -10.7    -9.8     4.3 -9999.0 U -9999.0 -9999.0 -9999.0
03084 201003  6.101 -106.1444   37.7068     6.1    -7.5    -0.7    -0.6     9.5 -9999.0 U -9999.0 -9999.0 -9999.0
03084 201004  6.101 -106.1444   37.7068    14.0    -2.2     5.9     6.1     9.3 -9999.0 U -9999.0 -9999.0 -9999.0
03084 201005  6.101 -106.1444   37.7068    19.2     1.0    10.1    10.7     0.9 -9999.0 U -9999.0 -9999.0 -9999.0
03084 201006  6.101 -106.1444   37.7068    25.9     6.0    15.9    16.3     3.1 -9999.0 U -9999.0 -9999.0 -9999.0
03084 201007  6.101 -106.1444   37.7068    26.2     9.1    17.6    17.2     5.5 -9999.0 U -9999.0 -9999.0 -9999.0
03084 201008  6.101 -106.1444   37.7068    26.1     7.7    16.9    16.7     5.3 -9999.0 U -9999.0 -9999.0 -9999.0
03084 201009  6.101 -106.1444   37.7068    24.8     4.5    14.6    14.8    21.5 -9999.0 U -9999.0 -9999.0 -9999.0
03084 201010  6.101 -106.1444   37.7068    16.4    -1.4     7.5     7.4     6.5 -9999.0 U -9999.0 -9999.0 -9999.0
03084 201011  6.101 -106.1444   37.7068     7.5   -10.6    -1.6    -1.6     2.0 -9999.0 U -9999.0 -9999.0 -9999.0
03084 201012  6.101 -106.1444   37.7068     5.2    -9.9    -2.3    -2.5     5.8 -9999.0 U -9999.0 -9999.0 -9999.0
03084 201101  6.101 -106.1444   37.7068     2.9   -14.1    -5.6    -6.0     1.1 -9999.0 U -9999.0 -9999.0 -9999.0
03084 201102  6.101 -106.1444   37.7068     1.2   -15.1    -7.0    -6.7    11.1 -9999.0 U -9999.0 -9999.0 -9999.0
03084 201103  6.101 -106.1444   37.7068    12.1    -6.5     2.8     3.3     1.4 -9999.0 U -9999.0 -9999.0 -9999.0
03084 201104  6.101 -106.1444   37.7068    15.6    -2.6     6.5     6.7     5.4 -9999.0 U -9999.0 -9999.0 -9999.0
03084 201105  6.101 -106.1444   37.7068    18.2     0.8     9.5     9.9     5.1 -9999.0 U -9999.0 -9999.0 -9999.0
03084 201106  6.101 -106.1444   37.7068    26.5     5.9    16.2    16.8     2.3 -9999.0 U -9999.0 -9999.0 -9999.0
03084 201107  6.101 -106.1444   37.7068    27.9     9.7    18.8    18.4     3.6 -9999.0 U -9999.0 -9999.0 -9999.0
03084 201108  6.101 -106.1444   37.7068    27.1     9.0    18.0    17.4    13.7 -9999.0 U -9999.0 -9999.0 -9999.0
03084 201109  6.101 -106.1444   37.7068    22.0     5.3    13.6    13.1    23.3 -9999.0 U -9999.0 -9999.0 -9999.0
03084 201110  6.101 -106.1444   37.7068    15.7    -0.4     7.6     7.3    18.6 -9999.0 U -9999.0 -9999.0 -9999.0
03084 201111  6.101 -106.1444   37.7068     7.3    -8.5    -0.6    -1.0     5.0 -9999.0 U -9999.0 -9999.0 -9999.0
03084 201112  6.101 -106.1444   37.7068    -7.7   -21.9   -14.8   -14.3    16.2 -9999.0 U -9999.0 -9999.0 -9999.0
03084 201201  6.101 -106.1444   37.7068    -2.1   -19.3   -10.7   -10.6     0.2 -9999.0 U -9999.0 -9999.0 -9999.0
03084 201202  6.101 -106.1444   37.7068    -0.7   -16.5    -8.6    -7.8     6.7 -9999.0 U -9999.0 -9999.0 -9999.0
03084 201203  6.101 -106.1444   37.7068    12.6    -4.7     3.9     4.0     0.6 -9999.0 U -9999.0 -9999.0 -9999.0
03084 201204  6.101 -106.1444   37.7068    17.3    -0.5     8.4     8.6     6.4 -9999.0 U -9999.0 -9999.0 -9999.0
03084 201205  6.101 -106.1444   37.7068    20.8     2.4    11.6    12.1    20.9 -9999.0 U -9999.0 -9999.0 -9999.0
03084 201206  6.101 -106.1444   37.7068    27.9     6.2    17.1    17.2     6.9 -9999.0 U -9999.0 -9999.0 -9999.0
03084 201207  6.101 -106.1444   37.7068    26.9     9.4    18.2    17.5    28.3 -9999.0 U -9999.0 -9999.0 -9999.0
03084 201208  6.101 -106.1444   37.7068    26.2     8.0    17.1    16.7    19.9 -9999.0 U -9999.0 -9999.0 -9999.0
03084 201209  6.101 -106.1444   37.7068    22.5     4.6    13.5    13.3    26.0 -9999.0 U -9999.0 -9999.0 -9999.0
03084 201210  6.101 -106.1444   37.7068    17.2    -2.3     7.4     7.5    13.8 -9999.0 U -9999.0 -9999.0 -9999.0
03084 201211  6.101 -106.1444   37.7068    10.0    -9.0     0.5     0.3     4.3 -9999.0 U -9999.0 -9999.0 -9999.0
03084 201212  6.101 -106.1444   37.7068    -3.5   -19.5   -11.5   -11.3    10.5 -9999.0 U -9999.0 -9999.0 -9999.0
03084 201301  6.101 -106.1444   37.7068    -8.5   -24.4   -16.5   -16.6     0.8 -9999.0 U -9999.0 -9999.0 -9999.0
03084 201302  6.101 -106.1444   37.7068     0.6   -14.2    -6.8    -6.6     2.6 -9999.0 U -9999.0 -9999.0 -9999.0
03084 201303  6.101 -106.1444   37.7068    10.5    -7.4     1.5     1.5     6.6 -9999.0 U -9999.0 -9999.0 -9999.0
03084 201304  6.101 -106.1444   37.7068    14.3    -2.6     5.9     6.1     8.8 -9999.0 U -9999.0 -9999.0 -9999.0
03084 201305  6.101 -106.1444   37.7068    19.2     1.6    10.4    10.7     7.7 -9999.0 U -9999.0 -9999.0 -9999.0
03084 201306  6.101 -106.1444   37.7068    26.9     6.2    16.5    16.7    16.4 -9999.0 U -9999.0 -9999.0 -9999.0
03084 201307  6.101 -106.1444   37.7068    26.0     9.4    17.7    17.0    24.8 -9999.0 U -9999.0 -9999.0 -9999.0
03084 201308  6.101 -106.1444   37.7068    26.0     9.0    17.5    16.9    19.7 -9999.0 U -9999.0 -9999.0 -9999.0
03084 201309  6.101 -106.1444   37.7068    22.4     6.0    14.2    14.0    36.7 -9999.0 U -9999.0 -9999.0 -9999.0
03084 201310  6.101 -106.1444   37.7068    14.5    -3.1     5.7     5.5     8.4 -9999.0 U -9999.0 -9999.0 -9999.0
03084 201311  6.101 -106.1444   37.7068     5.0   -10.4    -2.7    -2.9    30.4 -9999.0 U -9999.0 -9999.0 -9999.0
03084 201312  6.101 -106.1444   37.7068    -8.5   -23.6   -16.1   -16.2     5.5 -9999.0 U -9999.0 -9999.0 -9999.0
03084 201401  6.101 -106.1444   37.7068    -5.5   -21.6   -13.5   -13.4     1.6 -9999.0 U -9999.0 -9999.0 -9999.0
03084 201402  6.101 -106.1444   37.7068     0.8   -13.9    -6.5    -5.9     7.3 -9999.0 U -9999.0 -9999.0 -9999.0
03084 201403  6.101 -106.1444   37.7068    10.6    -5.4     2.6     2.4     4.8 -9999.0 U -9999.0 -9999.0 -9999.0
03084 201404  6.101 -106.1444   37.7068    14.6    -2.6     6.0     6.0    12.2 -9999.0 U -9999.0 -9999.0 -9999.0
03084 201405  6.101 -106.1444   37.7068    18.8     1.7    10.2    10.3    11.7 -9999.0 U -9999.0 -9999.0 -9999.0
03084 201406  6.101 -106.1444   37.7068 -9999.0 -9999.0 -9999.0 -9999.0 -9999.0 -9999.0 U -9999.0 -9999.0 -9999.0
