53004 201008  6.101 -109.9886   37.6010 -9999.0 -9999.0 -9999.0 -9999.0 -9999.0 -9999.0 U -9999.0 -9999.0 -9999.0
53004 201009  6.101 -109.9886   37.6010    26.6    13.1    19.8    19.7     8.8 -9999.0 U -9999.0 -9999.0 -9999.0
53004 201010  6.101 -109.9886   37.6010    17.4     6.2    11.8    11.5    33.5 -9999.0 U -9999.0 -9999.0 -9999.0
53004 201011  6.101 -109.9886   37.6010     8.2    -2.7     2.8     2.6    16.4 -9999.0 U -9999.0 -9999.0 -9999.0
53004 201012  6.101 -109.9886   37.6010     6.2    -1.7     2.2     2.1    57.9 -9999.0 U -9999.0 -9999.0 -9999.0
53004 201101  6.101 -109.9886   37.6010     2.2    -7.9    -2.8    -3.1     0.6 -9999.0 U -9999.0 -9999.0 -9999.0
53004 201102  6.101 -109.9886   37.6010     4.5    -5.7    -0.6    -0.6     9.1 -9999.0 U -9999.0 -9999.0 -9999.0
53004 201103  6.101 -109.9886   37.6010    11.9     0.1     6.0     5.9    10.2 -9999.0 U -9999.0 -9999.0 -9999.0
53004 201104  6.101 -109.9886   37.6010    14.7     1.2     8.0     8.4    17.3 -9999.0 U -9999.0 -9999.0 -9999.0
53004 201105  6.101 -109.9886   37.6010    19.0     5.2    12.1    12.4    22.1 -9999.0 U -9999.0 -9999.0 -9999.0
53004 201106  6.101 -109.9886   37.6010    27.8    12.4    20.1    20.8     0.5 -9999.0 U -9999.0 -9999.0 -9999.0
53004 201107  6.101 -109.9886   37.6010    30.6    16.8    23.7    23.5    24.3 -9999.0 U -9999.0 -9999.0 -9999.0
53004 201108  6.101 -109.9886   37.6010    31.3    16.9    24.1    23.8    19.8 -9999.0 U -9999.0 -9999.0 -9999.0
53004 201109  6.101 -109.9886   37.6010    25.1    12.6    18.8    18.4    18.2 -9999.0 U -9999.0 -9999.0 -9999.0
53004 201110  6.101 -109.9886   37.6010    17.4     5.2    11.3    11.0    15.5 -9999.0 U -9999.0 -9999.0 -9999.0
53004 201111  6.101 -109.9886   37.6010     9.0    -1.3     3.8     3.6    20.9 -9999.0 U -9999.0 -9999.0 -9999.0
53004 201112  6.101 -109.9886   37.6010     3.9    -6.3    -1.2    -1.7    11.6 -9999.0 U -9999.0 -9999.0 -9999.0
53004 201201  6.101 -109.9886   37.6010     6.4    -4.6     0.9     0.7    14.3 -9999.0 U -9999.0 -9999.0 -9999.0
53004 201202  6.101 -109.9886   37.6010     5.2    -4.5     0.4     0.4    36.8 -9999.0 U -9999.0 -9999.0 -9999.0
53004 201203  6.101 -109.9886   37.6010    13.0     0.5     6.8     6.6    20.4 -9999.0 U -9999.0 -9999.0 -9999.0
53004 201204  6.101 -109.9886   37.6010    17.8     4.2    11.0    11.1    11.5 -9999.0 U -9999.0 -9999.0 -9999.0
53004 201205  6.101 -109.9886   37.6010    24.2     9.0    16.6    17.1     0.7 -9999.0 U -9999.0 -9999.0 -9999.0
53004 201206  6.101 -109.9886   37.6010    30.9    15.1    23.0    23.7     0.0 -9999.0 U -9999.0 -9999.0 -9999.0
53004 201207  6.101 -109.9886   37.6010    30.3    17.1    23.7    23.3    34.5 -9999.0 U -9999.0 -9999.0 -9999.0
53004 201208  6.101 -109.9886   37.6010    30.4    17.1    23.7    23.3    58.8 -9999.0 U -9999.0 -9999.0 -9999.0
53004 201209  6.101 -109.9886   37.6010    25.3    12.6    18.9    18.5    28.0 -9999.0 U -9999.0 -9999.0 -9999.0
53004 201210  6.101 -109.9886   37.6010    18.5     6.2    12.3    12.2    21.3 -9999.0 U -9999.0 -9999.0 -9999.0
53004 201211  6.101 -109.9886   37.6010    12.7     1.3     7.0     6.6     5.3 -9999.0 U -9999.0 -9999.0 -9999.0
53004 201212  6.101 -109.9886   37.6010     3.2    -5.6    -1.2    -1.2    24.1 -9999.0 U -9999.0 -9999.0 -9999.0
53004 201301  6.101 -109.9886   37.6010     1.1    -9.5    -4.2    -4.5    28.5 -9999.0 U -9999.0 -9999.0 -9999.0
53004 201302  6.101 -109.9886   37.6010     4.2    -5.7    -0.7    -0.9    16.6 -9999.0 U -9999.0 -9999.0 -9999.0
53004 201303  6.101 -109.9886   37.6010    12.7     0.2     6.5     6.5    13.4 -9999.0 U -9999.0 -9999.0 -9999.0
53004 201304  6.101 -109.9886   37.6010    15.8     2.5     9.1     9.4     9.3 -9999.0 U -9999.0 -9999.0 -9999.0
53004 201305  6.101 -109.9886   37.6010    21.4     7.5    14.4    14.6     6.4 -9999.0 U -9999.0 -9999.0 -9999.0
53004 201306  6.101 -109.9886   37.6010    30.9    15.0    22.9    23.6     0.0 -9999.0 U -9999.0 -9999.0 -9999.0
53004 201307  6.101 -109.9886   37.6010    31.8    17.8    24.8    24.3    20.2 -9999.0 U -9999.0 -9999.0 -9999.0
53004 201308  6.101 -109.9886   37.6010    28.4    16.1    22.2    21.7    69.2 -9999.0 U -9999.0 -9999.0 -9999.0
53004 201309  6.101 -109.9886   37.6010    23.1    12.1    17.6    17.3   113.3 -9999.0 U -9999.0 -9999.0 -9999.0
53004 201310  6.101 -109.9886   37.6010    15.2     3.4     9.3     9.1    10.0 -9999.0 U -9999.0 -9999.0 -9999.0
53004 201311  6.101 -109.9886   37.6010     8.9    -0.4     4.3     3.9    46.0 -9999.0 U -9999.0 -9999.0 -9999.0
53004 201312  6.101 -109.9886   37.6010     1.8    -7.7    -2.9    -3.3    13.2 -9999.0 U -9999.0 -9999.0 -9999.0
53004 201401  6.101 -109.9886   37.6010     6.7    -4.7     1.0     0.7    14.9 -9999.0 U -9999.0 -9999.0 -9999.0
53004 201402  6.101 -109.9886   37.6010     8.6    -2.3     3.1     3.0     8.3 -9999.0 U -9999.0 -9999.0 -9999.0
53004 201403  6.101 -109.9886   37.6010    12.2    -0.4     5.9     5.8    13.0 -9999.0 U -9999.0 -9999.0 -9999.0
53004 201404  6.101 -109.9886   37.6010    15.6     3.0     9.3     9.3    25.2 -9999.0 U -9999.0 -9999.0 -9999.0
53004 201405  6.101 -109.9886   37.6010    21.0     7.8    14.4    14.5    13.6 -9999.0 U -9999.0 -9999.0 -9999.0
53004 201406  6.101 -109.9886   37.6010 -9999.0 -9999.0 -9999.0 -9999.0 -9999.0 -9999.0 U -9999.0 -9999.0 -9999.0
