53159 200912  6.101 -111.3445   35.5037 -9999.0 -9999.0 -9999.0 -9999.0 -9999.0 -9999.0 U -9999.0 -9999.0 -9999.0
53159 201001  6.101 -111.3445   35.5037     5.9    -4.8     0.5     0.2    57.6 -9999.0 U -9999.0 -9999.0 -9999.0
53159 201002  6.101 -111.3445   35.5037    10.2    -2.4     3.9     3.6     9.7 -9999.0 U -9999.0 -9999.0 -9999.0
53159 201003  6.101 -111.3445   35.5037    16.4    -0.4     8.0     7.8     1.9 -9999.0 U -9999.0 -9999.0 -9999.0
53159 201004  6.101 -111.3445   35.5037    20.4     2.9    11.6    12.3     0.6 -9999.0 U -9999.0 -9999.0 -9999.0
53159 201005  6.101 -111.3445   35.5037    25.2     7.3    16.2    17.1     1.0 -9999.0 U -9999.0 -9999.0 -9999.0
53159 201006  6.101 -111.3445   35.5037    33.5    13.2    23.3    24.5     1.3 -9999.0 U -9999.0 -9999.0 -9999.0
53159 201007  6.101 -111.3445   35.5037    33.8    18.3    26.0    26.4    33.8 -9999.0 U -9999.0 -9999.0 -9999.0
53159 201008  6.101 -111.3445   35.5037    31.3    16.5    23.9    24.0    65.9 -9999.0 U -9999.0 -9999.0 -9999.0
53159 201009  6.101 -111.3445   35.5037    31.6    12.2    21.9    22.4     2.8 -9999.0 U -9999.0 -9999.0 -9999.0
53159 201010  6.101 -111.3445   35.5037    22.2     6.8    14.5    14.3    25.0 -9999.0 U -9999.0 -9999.0 -9999.0
53159 201011  6.101 -111.3445   35.5037    13.5    -1.7     5.9     5.9     0.6 -9999.0 U -9999.0 -9999.0 -9999.0
53159 201012  6.101 -111.3445   35.5037    11.2    -1.2     5.0     4.6    14.1 -9999.0 U -9999.0 -9999.0 -9999.0
53159 201101  6.101 -111.3445   35.5037     8.0    -7.2     0.4     0.3     0.0 -9999.0 U -9999.0 -9999.0 -9999.0
53159 201102  6.101 -111.3445   35.5037    10.4    -5.9     2.3     2.3    14.8 -9999.0 U -9999.0 -9999.0 -9999.0
53159 201103  6.101 -111.3445   35.5037    18.8     1.1    10.0    10.2     4.2 -9999.0 U -9999.0 -9999.0 -9999.0
53159 201104  6.101 -111.3445   35.5037    21.9     4.0    13.0    13.8     4.1 -9999.0 U -9999.0 -9999.0 -9999.0
53159 201105  6.101 -111.3445   35.5037    25.2     7.1    16.1    17.1     3.5 -9999.0 U -9999.0 -9999.0 -9999.0
53159 201106  6.101 -111.3445   35.5037    33.4    13.0    23.2    24.5     0.0 -9999.0 U -9999.0 -9999.0 -9999.0
53159 201107  6.101 -111.3445   35.5037    34.1    17.8    25.9    25.8    25.5 -9999.0 U -9999.0 -9999.0 -9999.0
53159 201108  6.101 -111.3445   35.5037    34.7    18.1    26.4    26.7    18.8 -9999.0 U -9999.0 -9999.0 -9999.0
53159 201109  6.101 -111.3445   35.5037    29.2    13.0    21.1    20.8    42.7 -9999.0 U -9999.0 -9999.0 -9999.0
53159 201110  6.101 -111.3445   35.5037    22.3     5.5    13.9    13.8    11.8 -9999.0 U -9999.0 -9999.0 -9999.0
53159 201111  6.101 -111.3445   35.5037    13.7    -0.6     6.5     6.3     7.5 -9999.0 U -9999.0 -9999.0 -9999.0
53159 201112  6.101 -111.3445   35.5037     6.5    -5.5     0.5     0.2    10.3 -9999.0 U -9999.0 -9999.0 -9999.0
53159 201201  6.101 -111.3445   35.5037    11.4    -4.9     3.2     2.7     1.4 -9999.0 U -9999.0 -9999.0 -9999.0
53159 201202  6.101 -111.3445   35.5037    12.6    -3.5     4.6     4.6     0.9 -9999.0 U -9999.0 -9999.0 -9999.0
53159 201203  6.101 -111.3445   35.5037    18.8     0.0     9.4     9.6     7.1 -9999.0 U -9999.0 -9999.0 -9999.0
53159 201204  6.101 -111.3445   35.5037    23.7     5.6    14.7    15.2     7.6 -9999.0 U -9999.0 -9999.0 -9999.0
53159 201205  6.101 -111.3445   35.5037    29.3     9.8    19.6    20.7     0.0 -9999.0 U -9999.0 -9999.0 -9999.0
53159 201206  6.101 -111.3445   35.5037    35.8    15.6    25.7    26.9     0.2 -9999.0 U -9999.0 -9999.0 -9999.0
53159 201207  6.101 -111.3445   35.5037    33.4    18.7    26.0    25.7    22.4 -9999.0 U -9999.0 -9999.0 -9999.0
53159 201208  6.101 -111.3445   35.5037    33.7    18.4    26.1    25.8    29.9 -9999.0 U -9999.0 -9999.0 -9999.0
53159 201209  6.101 -111.3445   35.5037    29.2    13.3    21.2    21.2    14.5 -9999.0 U -9999.0 -9999.0 -9999.0
53159 201210  6.101 -111.3445   35.5037    24.5     6.0    15.3    15.2     1.3 -9999.0 U -9999.0 -9999.0 -9999.0
53159 201211  6.101 -111.3445   35.5037    16.4    -1.1     7.6     7.3     0.0 -9999.0 U -9999.0 -9999.0 -9999.0
53159 201212  6.101 -111.3445   35.5037     8.5    -5.1     1.7     1.7    15.7 -9999.0 U -9999.0 -9999.0 -9999.0
53159 201301  6.101 -111.3445   35.5037     5.5    -7.7    -1.1    -1.3    23.7 -9999.0 U -9999.0 -9999.0 -9999.0
53159 201302  6.101 -111.3445   35.5037    10.4    -4.7     2.8     2.6     0.2 -9999.0 U -9999.0 -9999.0 -9999.0
53159 201303  6.101 -111.3445   35.5037    19.4     1.0    10.2    10.4     7.8 -9999.0 U -9999.0 -9999.0 -9999.0
53159 201304  6.101 -111.3445   35.5037    22.5     4.4    13.4    14.4     1.2 -9999.0 U -9999.0 -9999.0 -9999.0
53159 201305  6.101 -111.3445   35.5037    27.4     8.6    18.0    19.1     1.2 -9999.0 U -9999.0 -9999.0 -9999.0
53159 201306  6.101 -111.3445   35.5037    36.0    16.9    26.5    27.6     0.0 -9999.0 U -9999.0 -9999.0 -9999.0
53159 201307  6.101 -111.3445   35.5037    33.3    18.3    25.8    25.5   117.6 -9999.0 U -9999.0 -9999.0 -9999.0
53159 201308  6.101 -111.3445   35.5037    30.3    16.2    23.3    23.2    49.6 -9999.0 U -9999.0 -9999.0 -9999.0
53159 201309  6.101 -111.3445   35.5037    27.7    12.5    20.1    20.0    40.9 -9999.0 U -9999.0 -9999.0 -9999.0
53159 201310  6.101 -111.3445   35.5037    20.2     2.9    11.6    11.8     0.7 -9999.0 U -9999.0 -9999.0 -9999.0
53159 201311  6.101 -111.3445   35.5037    13.2    -0.7     6.2     6.0    49.5 -9999.0 U -9999.0 -9999.0 -9999.0
53159 201312  6.101 -111.3445   35.5037     6.5    -6.3     0.1    -0.1     7.9 -9999.0 U -9999.0 -9999.0 -9999.0
53159 201401  6.101 -111.3445   35.5037    11.6    -4.9     3.4     3.1     1.5 -9999.0 U -9999.0 -9999.0 -9999.0
53159 201402  6.101 -111.3445   35.5037    16.3    -1.3     7.5     7.8     0.3 -9999.0 U -9999.0 -9999.0 -9999.0
53159 201403  6.101 -111.3445   35.5037    18.4     1.4     9.9    10.1     2.7 -9999.0 U -9999.0 -9999.0 -9999.0
53159 201404  6.101 -111.3445   35.5037    21.7     4.0    12.8    13.5     8.4 -9999.0 U -9999.0 -9999.0 -9999.0
53159 201405  6.101 -111.3445   35.5037    26.9     7.6    17.2    18.2     1.0 -9999.0 U -9999.0 -9999.0 -9999.0
53159 201406  6.101 -111.3445   35.5037 -9999.0 -9999.0 -9999.0 -9999.0 -9999.0 -9999.0 U -9999.0 -9999.0 -9999.0
