54851 200611  1.301  -81.7829   40.3667 -9999.0 -9999.0 -9999.0 -9999.0 -9999.0 -9999.0 U -9999.0 -9999.0 -9999.0
54851 200612  1.301  -81.7829   40.3667     7.9    -0.5     3.7     3.7    56.4     5.9 R     9.8    -2.0     2.7
54851 200701  1.301  -81.7829   40.3667     3.6    -3.7    -0.1     0.1   105.2     4.8 R     4.4    -4.8    -0.4
54851 200702  1.301  -81.7829   40.3667    -3.1   -10.7    -6.9    -6.7    49.1     9.9 R     0.4   -12.3    -6.9
54851 200703  1.301  -81.7829   40.3667    11.6     1.8     6.7     6.5   146.7    11.1 R    14.1    -0.2     5.4
54851 200704  1.301  -81.7829   40.3667    13.5     4.2     8.8     8.7    67.9    14.3 R    19.6     2.4     8.6
54851 200705  1.301  -81.7829   40.3667    23.8    10.8    17.3    17.6    50.3    23.5 R    35.7     9.5    19.6
54851 200706  1.301  -81.7829   40.3667    26.2    14.6    20.4    20.4   103.5    23.0 R    33.2    14.4    21.8
54851 200707  1.301  -81.7829   40.3667    26.1    15.4    20.8    21.0   106.9    22.5 R    34.1    15.0    22.4
54851 200708  1.301  -81.7829   40.3667    27.6    18.1    22.9    22.8   135.4    19.3 R    35.1    18.0    24.4
54851 200709  1.301  -81.7829   40.3667    25.0    13.4    19.2    19.2    42.8    18.2 R    34.9    12.5    20.5
54851 200710  1.301  -81.7829   40.3667    20.1    10.0    15.1    15.0    92.1    11.0 R    27.9     9.1    15.5
54851 200711  1.302  -81.7829   40.3667     9.6     0.6     5.1     5.0    66.4     6.6 R    12.7     0.1     4.9
54851 200712  1.302  -81.7829   40.3667 -9999.0 -9999.0 -9999.0 -9999.0 -9999.0 -9999.0 U -9999.0 -9999.0 -9999.0
54851 200801  1.302  -81.7829   40.3667     2.9    -5.6    -1.4    -1.6    46.8     5.9 R     3.1    -7.2    -2.1
54851 200802  1.302  -81.7829   40.3667     2.5    -6.2    -1.9    -2.0 -9999.0     7.1 R     2.8    -8.2    -2.5
54851 200803  1.302  -81.7829   40.3667     6.3    -1.7     2.3     2.4   181.2    11.2 R     8.7    -2.5     2.1
54851 200804  1.302  -81.7829   40.3667    17.4     6.1    11.8    12.0    71.2    17.8 R    23.4     5.1    12.1
54851 200805  1.302  -81.7829   40.3667    19.0     8.0    13.5    13.7   110.9    19.2 R    24.8     7.6    14.5
54851 200806  1.302  -81.7829   40.3667    25.8    15.5    20.7    20.5   136.2    22.0 R    37.2    14.2    22.2
54851 200807  1.302  -81.7829   40.3667    26.8    16.6    21.7    21.9    93.6    23.5 R    32.9    16.0    22.6
54851 200808  1.302  -81.7829   40.3667    26.0    15.1    20.5    20.5    50.0    22.0 R    38.6    13.6    22.3
54851 200809  1.302  -81.7829   40.3667    24.3    13.4    18.9    18.8    75.6    16.8 R    35.8    12.0    20.0
54851 200810  1.302  -81.7829   40.3667    16.0     5.6    10.8    10.7    48.6    11.6 R    24.8     3.8    10.7
54851 200811  1.302  -81.7829   40.3667     8.1     0.3     4.2     4.1    65.4     6.3 R    21.5    -1.8     3.5
54851 200812  1.302  -81.7829   40.3667     4.0    -5.4    -0.7    -0.9   111.9     4.3 R    14.7    -6.2    -1.1
54851 200901  1.302  -81.7829   40.3667 -9999.0 -9999.0 -9999.0 -9999.0    64.3     6.3 R     7.7   -13.1    -7.1
54851 200902  1.302  -81.7829   40.3667     3.8    -4.9    -0.5    -0.4    41.5     9.4 R    12.9    -7.0    -1.1
54851 200903  1.302  -81.7829   40.3667    11.9    -0.2     5.8     5.7    39.4    13.8 R    27.0    -2.4     6.3
54851 200904  1.302  -81.7829   40.3667    16.0     5.1    10.6    10.8   111.4    17.0 R    26.7     3.1    10.8
54851 200905  1.302  -81.7829   40.3667    21.3    10.3    15.8    16.0    63.9    21.1 R    35.8     8.5    17.4
54851 200906  1.302  -81.7829   40.3667    25.4    14.5    19.9    19.9    74.0    22.1 R    40.3    13.2    21.9
54851 200907  2.402  -81.7829   40.3667    24.8    15.0    19.9    19.9    72.9    19.1 R    39.4    13.6    21.9
54851 200908  2.402  -81.7829   40.3667    25.9    16.4    21.2    21.0    99.3    18.8 R    34.1    15.2    21.7
54851 200909  2.402  -81.7829   40.3667    22.1    13.2    17.6    17.5   113.8    15.2 R    28.1    11.8    17.6
54851 200910  2.402  -81.7829   40.3667    14.4     5.2     9.8     9.8    87.5     8.6 R    22.1     4.0    10.1
54851 200911  2.402  -81.7829   40.3667    12.2     4.0     8.1     8.1    23.3     7.7 R    17.8     2.5     7.6
54851 200912  2.402  -81.7829   40.3667     2.5    -4.7    -1.1    -1.1    75.9     5.0 R     6.1    -5.6    -1.3
54851 201001  2.402  -81.7829   40.3667    -1.1    -7.0    -4.1    -4.0    61.3     5.7 R     2.1    -8.2    -4.3
54851 201002  2.402  -81.7829   40.3667    -0.8    -6.2    -3.5    -3.3    62.7     6.5 R     2.1    -7.8    -3.5
54851 201003  2.402  -81.7829   40.3667    10.9     0.7     5.8     5.8    68.5    13.9 R    15.6    -0.2     6.0
54851 201004  2.402  -81.7829   40.3667    19.1     6.8    12.9    13.3    56.0    18.9 R    24.9     5.7    13.6
54851 201005  2.402  -81.7829   40.3667    22.1    11.8    17.0    17.2    99.3    19.6 R    27.3    11.4    18.0
54851 201006  2.402  -81.7829   40.3667    26.0    16.5    21.2    21.2   216.8    20.3 R    35.1    15.8    23.0
54851 201007  2.402  -81.7829   40.3667    28.1    17.7    22.9    23.2    74.5    23.5 R    35.5    17.0    24.8
54851 201008  2.402  -81.7829   40.3667    28.0    17.5    22.8    22.6    69.2    20.8 R    34.1    16.6    23.8
54851 201009  2.402  -81.7829   40.3667    24.2    12.6    18.4    18.2    63.6    16.3 R    32.6    11.3    19.4
54851 201010  2.402  -81.7829   40.3667    17.7     6.5    12.1    12.0    56.1    11.5 R    22.9     5.4    12.2
54851 201011  2.402  -81.7829   40.3667    11.1     0.4     5.7     6.0   140.7     7.7 R    14.9    -0.7     5.9
54851 201012  2.402  -81.7829   40.3667    -1.6    -7.2    -4.4    -4.2    33.3     4.8 R     0.3    -8.4    -4.4
54851 201101  2.402  -81.7829   40.3667    -1.8    -8.5    -5.1    -4.9    42.9     5.9 R     0.5   -10.1    -5.0
54851 201102  2.402  -81.7829   40.3667     3.4    -5.3    -1.0    -0.7    95.0     8.2 R     5.2    -6.8    -1.0
54851 201103  2.402  -81.7829   40.3667     8.1    -1.4     3.3     3.4   124.1    11.3 R    13.0    -2.1     4.0
54851 201104  2.402  -81.7829   40.3667    16.7     5.8    11.3    11.0   165.6    12.0 R    19.8     5.2    11.2
54851 201105  2.402  -81.7829   40.3667    21.2    11.8    16.5    16.4   115.6    17.3 R    25.7    11.3    17.2
54851 201106  2.402  -81.7829   40.3667    25.3    15.2    20.2    20.3   112.9    24.0 R    30.3    14.8    21.7
54851 201107  2.402  -81.7829   40.3667    29.3    19.0    24.1    24.1   102.3    26.3 R    34.3    18.7    25.5
54851 201108  2.402  -81.7829   40.3667    26.2    16.5    21.4    21.3   143.3    23.1 R    31.7    16.2    22.7
54851 201109  2.402  -81.7829   40.3667    21.8    13.2    17.5    17.2   111.3    14.1 R    26.4    13.1    18.1
54851 201110  2.402  -81.7829   40.3667    15.7     6.9    11.3    11.1   129.4    10.1 R    20.5     6.5    11.7
54851 201111  2.402  -81.7829   40.3667    13.0     3.5     8.3     8.3   130.1     7.7 R    16.2     3.0     8.4
54851 201112  2.402  -81.7829   40.3667     6.1    -0.8     2.6     2.6   120.2     4.9 R     9.2    -1.0     2.8
54851 201201  2.402  -81.7829   40.3667     4.2    -4.2     0.0     0.0    82.5     6.1 R     6.2    -4.8     0.1
54851 201202  2.402  -81.7829   40.3667     5.6    -2.7     1.5     1.4    53.9    10.1 R     9.3    -3.1     1.9
54851 201203  2.402  -81.7829   40.3667    16.5     5.4    10.9    10.8    59.2    15.5 R    20.6     4.8    11.4
54851 201204  2.402  -81.7829   40.3667    15.6     4.0     9.8     9.8    37.0    20.3 R    21.1     3.7    10.9
54851 201205  2.412  -81.7829   40.3667    24.6    12.8    18.7    18.8    56.1    24.7 R    33.2    11.7    20.6
54851 201206  2.412  -81.7829   40.3667    27.3    14.5    20.9    21.1    78.7    25.5 C    41.2    13.0    24.1
54851 201207  2.412  -81.7829   40.3667    30.5    18.7    24.6    24.5    57.6    21.6 C    44.3    18.0    27.3
54851 201208  2.412  -81.7829   40.3667    28.0    15.7    21.9    21.7    78.6    21.5 C    39.0    14.3    23.6
54851 201209  2.412  -81.7829   40.3667    22.3    11.3    16.8    16.8   104.4    15.1 C    28.4    10.4    17.4
54851 201210  2.412  -81.7829   40.3667    16.1     6.5    11.3    11.2   115.0    10.4 C    19.2     5.3    11.1
54851 201211  2.412  -81.7829   40.3667     8.9     0.0     4.4     4.5    19.0     8.1 C    12.1    -1.8     3.8
54851 201212  2.412  -81.7829   40.3667     6.3    -0.2     3.0     3.1   133.2     3.6 C     7.4    -1.7     2.5
54851 201301  2.412  -81.7829   40.3667     3.1    -4.8    -0.9    -0.5    48.1     6.0 C     3.4    -7.0    -1.6
54851 201302  2.412  -81.7829   40.3667     1.6    -5.7    -2.1    -2.0    54.3     6.9 C     3.4    -7.8    -2.4
54851 201303  2.412  -81.7829   40.3667     5.5    -2.4     1.6     1.6    59.9    11.2 C     9.8    -4.0     1.7
54851 201304  2.412  -81.7829   40.3667    16.6     4.8    10.7    10.8    83.5    16.5 C    22.1     2.4    10.8
54851 201305  2.412  -81.7829   40.3667    22.2    11.1    16.7    16.8    47.1    21.0 C    29.5     9.4    17.5
54851 201306  2.422  -81.7829   40.3667    25.0    15.1    20.1    20.1   266.9    20.7 C    34.2    13.7    21.6
54851 201307  2.422  -81.7829   40.3667    26.3    17.6    22.0    21.6   196.2    19.8 C    34.9    16.9    23.1
54851 201308  2.422  -81.7829   40.3667    25.7    15.6    20.6    20.6    50.4    19.8 C    36.5    14.1    22.3
54851 201309  2.422  -81.7829   40.3667    22.8    12.1    17.4    17.3    37.8    16.0 C    33.1    10.2    18.5
54851 201310  2.422  -81.7829   40.3667    17.3     7.5    12.4    12.3    82.0    11.0 C    22.4     5.7    12.0
54851 201311  2.422  -81.7829   40.3667     7.7    -0.7     3.5     3.5    68.5     7.1 C    10.0    -3.4     2.4
54851 201312  2.422  -81.7829   40.3667     3.9    -3.2     0.3     0.2    91.5     4.8 C     3.9    -5.4    -0.8
54851 201401  2.422  -81.7829   40.3667    -1.4   -11.3    -6.3    -6.4    61.4     6.1 C    -1.1   -13.6    -7.4
54851 201402  2.422  -81.7829   40.3667    -0.2    -9.0    -4.6    -4.5    65.0    10.3 C     0.4   -11.9    -6.0
54851 201403  2.422  -81.7829   40.3667     6.6    -4.9     0.8     0.8    62.7    14.2 C    12.0    -6.5     0.8
54851 201404  2.422  -81.7829   40.3667    16.8     5.2    11.0    11.1   160.5    16.9 C    21.3     3.2    10.7
54851 201405  2.422  -81.7829   40.3667    21.5    10.9    16.2    16.4    98.3    20.4 C    26.3     9.0    16.2
54851 201406  2.422  -81.7829   40.3667    25.3    15.7    20.5    20.6   162.2    21.2 C    32.6    14.6    21.7
54851 201407  2.422  -81.7829   40.3667    24.7    15.4    20.0    20.1   140.4    20.6 C    31.0    14.7    21.1
54851 201408  2.422  -81.7829   40.3667    25.4    15.9    20.6    20.5   232.0    19.5 C    31.9    15.0    21.4
54851 201409  2.422  -81.7829   40.3667    22.5    12.1    17.3    17.3    17.5    15.9 C    29.3    10.6    17.6
54851 201410  2.422  -81.7829   40.3667    15.9     6.9    11.4    11.4    66.3     8.6 C    19.3     5.2    10.8
54851 201411  2.422  -81.7829   40.3667     6.9    -1.4     2.8     2.9    47.0     6.2 C     8.1    -3.7     1.8
54851 201412  2.422  -81.7829   40.3667 -9999.0 -9999.0 -9999.0 -9999.0    66.3     3.2 C     6.4    -3.0     1.0
54851 201501  2.422  -81.7829   40.3667     0.0    -8.5    -4.2    -4.1    73.2     5.9 C     1.0   -10.3    -5.0
54851 201502  2.422  -81.7829   40.3667    -2.9   -13.3    -8.1    -8.2    52.4    10.5 C    -1.4   -16.4    -8.8
54851 201503  2.422  -81.7829   40.3667     7.4    -2.9     2.3     2.2   101.1    12.1 C    11.8    -6.0     1.6
54851 201504  2.422  -81.7829   40.3667    16.0     5.9    10.9    11.0   117.9    15.0 C    20.1     3.3    10.3
54851 201505  2.422  -81.7829   40.3667    23.4    12.2    17.8    17.9    92.5    20.6 C    27.1     9.8    17.1
54851 201506  2.422  -81.7829   40.3667    24.8    15.8    20.3    20.2   239.1    18.2 C    31.2    14.4    21.0
54851 201507  2.422  -81.7829   40.3667    26.5    16.5    21.5    21.5    87.4    21.1 C    33.1    15.4    22.4
54851 201508  2.422  -81.7829   40.3667    26.0    15.3    20.6    20.7    20.2    21.7 C    37.5    13.7    22.6
54851 201509  2.422  -81.7829   40.3667    24.9    14.5    19.7    19.5    79.1    16.6 C    31.6    12.9    19.8
54851 201510  2.422  -81.7829   40.3667    17.0     6.8    11.9    11.9    52.3    11.4 C    20.7     4.6    11.1
54851 201511  2.422  -81.7829   40.3667    13.9     4.4     9.1     9.0    43.6     8.5 C    16.2     1.7     7.3
54851 201512  2.422  -81.7829   40.3667    11.1     2.8     7.0     6.8    87.0     3.8 C    11.6     1.0     5.6
54851 201601  2.422  -81.7829   40.3667     1.7    -7.5    -2.9    -2.7    35.1     6.5 C     4.4    -9.5    -3.3
54851 201602  2.422  -81.7829   40.3667     5.4    -4.0     0.7     0.7    93.1     9.6 C     6.9    -6.3    -0.4
54851 201603  2.422  -81.7829   40.3667    13.3     3.6     8.5     8.2   110.9    11.5 C    16.5     1.1     7.4
54851 201604  2.422  -81.7829   40.3667    15.3     3.7     9.5     9.7    85.6    17.6 C    18.6     1.2     9.0
54851 201605  2.422  -81.7829   40.3667    20.4    10.0    15.2    15.3    87.8    18.5 C    24.9     8.0    15.0
54851 201606  2.422  -81.7829   40.3667    27.1    15.3    21.2    21.3    48.1    22.8 C    32.2    12.5    20.8
54851 201607  2.422  -81.7829   40.3667    29.8    18.4    24.1    23.6    56.6    20.4 C    38.5    16.3    24.5
54851 201608  2.422  -81.7829   40.3667    30.1    18.9    24.5    23.8   115.0    18.5 C    37.6    17.1    24.4
54851 201609  2.422  -81.7829   40.3667 -9999.0 -9999.0 -9999.0 -9999.0 -9999.0 -9999.0 U -9999.0 -9999.0 -9999.0
