53014 201008  6.101 -109.9877   37.2507 -9999.0 -9999.0 -9999.0 -9999.0 -9999.0 -9999.0 U -9999.0 -9999.0 -9999.0
53014 201009  6.101 -109.9877   37.2507    25.9    14.2    20.1    20.4    13.2 -9999.0 U -9999.0 -9999.0 -9999.0
53014 201010  6.101 -109.9877   37.2507    16.6     7.2    11.9    11.9    26.2 -9999.0 U -9999.0 -9999.0 -9999.0
53014 201011  6.101 -109.9877   37.2507     7.5    -1.9     2.8     3.0     2.9 -9999.0 U -9999.0 -9999.0 -9999.0
53014 201012  6.101 -109.9877   37.2507 -9999.0 -9999.0 -9999.0 -9999.0    22.8 -9999.0 U -9999.0 -9999.0 -9999.0
53014 201101  6.101 -109.9877   37.2507 -9999.0 -9999.0 -9999.0 -9999.0     0.4 -9999.0 U -9999.0 -9999.0 -9999.0
53014 201102  6.101 -109.9877   37.2507 -9999.0 -9999.0 -9999.0 -9999.0     5.0 -9999.0 U -9999.0 -9999.0 -9999.0
53014 201103  6.101 -109.9877   37.2507 -9999.0 -9999.0 -9999.0 -9999.0     5.0 -9999.0 U -9999.0 -9999.0 -9999.0
53014 201104  6.101 -109.9877   37.2507    14.9     2.6     8.8     9.0     7.2 -9999.0 U -9999.0 -9999.0 -9999.0
53014 201105  6.101 -109.9877   37.2507    19.2     6.9    13.1    13.4     1.3 -9999.0 U -9999.0 -9999.0 -9999.0
53014 201106  6.101 -109.9877   37.2507    27.8    15.1    21.4    21.9     0.8 -9999.0 U -9999.0 -9999.0 -9999.0
53014 201107  6.101 -109.9877   37.2507    29.9    17.6    23.8    23.6    30.1 -9999.0 U -9999.0 -9999.0 -9999.0
53014 201108  6.101 -109.9877   37.2507    30.5    18.5    24.5    24.4     1.1 -9999.0 U -9999.0 -9999.0 -9999.0
53014 201109  6.101 -109.9877   37.2507    24.3    13.7    19.0    18.8    25.9 -9999.0 U -9999.0 -9999.0 -9999.0
53014 201110  6.101 -109.9877   37.2507    16.2     6.4    11.3    11.7    12.9 -9999.0 U -9999.0 -9999.0 -9999.0
53014 201111  6.101 -109.9877   37.2507     7.9    -0.3     3.8     3.7    15.9 -9999.0 U -9999.0 -9999.0 -9999.0
53014 201112  6.101 -109.9877   37.2507     1.1    -5.6    -2.3    -2.0    32.8 -9999.0 U -9999.0 -9999.0 -9999.0
53014 201201  6.101 -109.9877   37.2507     4.7    -3.2     0.7     0.8     9.4 -9999.0 U -9999.0 -9999.0 -9999.0
53014 201202  6.101 -109.9877   37.2507     4.7    -3.2     0.8     0.8    23.8 -9999.0 U -9999.0 -9999.0 -9999.0
53014 201203  6.101 -109.9877   37.2507    12.9     1.4     7.1     7.2     3.6 -9999.0 U -9999.0 -9999.0 -9999.0
53014 201204  6.101 -109.9877   37.2507    17.3     5.6    11.4    11.7     3.1 -9999.0 U -9999.0 -9999.0 -9999.0
53014 201205  6.101 -109.9877   37.2507    23.6    10.5    17.0    17.7     0.0 -9999.0 U -9999.0 -9999.0 -9999.0
53014 201206  6.101 -109.9877   37.2507    30.6    17.4    24.0    24.5     0.8 -9999.0 U -9999.0 -9999.0 -9999.0
53014 201207  6.101 -109.9877   37.2507    29.7    17.8    23.8    23.4    34.0 -9999.0 U -9999.0 -9999.0 -9999.0
53014 201208  6.101 -109.9877   37.2507    29.8    18.2    24.0    23.8    23.7 -9999.0 U -9999.0 -9999.0 -9999.0
53014 201209  6.101 -109.9877   37.2507    24.5    13.6    19.1    19.1    32.5 -9999.0 U -9999.0 -9999.0 -9999.0
53014 201210  6.101 -109.9877   37.2507    18.2     8.0    13.1    13.3     7.6 -9999.0 U -9999.0 -9999.0 -9999.0
53014 201211  6.101 -109.9877   37.2507    11.4     1.6     6.5     6.9     0.2 -9999.0 U -9999.0 -9999.0 -9999.0
53014 201212  6.101 -109.9877   37.2507     2.3    -5.0    -1.4    -1.2    20.3 -9999.0 U -9999.0 -9999.0 -9999.0
53014 201301  6.101 -109.9877   37.2507    -0.9    -8.1    -4.5    -4.3    33.8 -9999.0 U -9999.0 -9999.0 -9999.0
53014 201302  6.101 -109.9877   37.2507     3.7    -4.4    -0.4    -0.5     6.6 -9999.0 U -9999.0 -9999.0 -9999.0
53014 201303  6.101 -109.9877   37.2507    12.4     1.7     7.1     7.4    11.3 -9999.0 U -9999.0 -9999.0 -9999.0
53014 201304  6.101 -109.9877   37.2507    15.5     4.2     9.8    10.2     5.0 -9999.0 U -9999.0 -9999.0 -9999.0
53014 201305  6.101 -109.9877   37.2507    21.1     9.1    15.1    15.3    17.8 -9999.0 U -9999.0 -9999.0 -9999.0
53014 201306  6.101 -109.9877   37.2507    30.4    17.6    24.0    24.6     0.2 -9999.0 U -9999.0 -9999.0 -9999.0
53014 201307  6.101 -109.9877   37.2507    30.9    18.3    24.6    24.3    14.4 -9999.0 U -9999.0 -9999.0 -9999.0
53014 201308  6.101 -109.9877   37.2507    27.9    16.6    22.2    22.1    33.5 -9999.0 U -9999.0 -9999.0 -9999.0
53014 201309  6.101 -109.9877   37.2507    23.5    12.9    18.2    18.0    37.4 -9999.0 U -9999.0 -9999.0 -9999.0
53014 201310  6.101 -109.9877   37.2507    15.0     4.0     9.5     9.7     2.6 -9999.0 U -9999.0 -9999.0 -9999.0
53014 201311  6.101 -109.9877   37.2507     8.2     0.4     4.3     4.2    62.4 -9999.0 U -9999.0 -9999.0 -9999.0
53014 201312  6.101 -109.9877   37.2507     0.9    -6.6    -2.9    -2.9     2.9 -9999.0 U -9999.0 -9999.0 -9999.0
53014 201401  6.101 -109.9877   37.2507     5.7    -3.1     1.3     1.5     1.0 -9999.0 U -9999.0 -9999.0 -9999.0
53014 201402  6.101 -109.9877   37.2507     8.7    -0.3     4.2     4.3     3.5 -9999.0 U -9999.0 -9999.0 -9999.0
53014 201403  6.101 -109.9877   37.2507    11.8     0.8     6.3     6.5     5.8 -9999.0 U -9999.0 -9999.0 -9999.0
53014 201404  6.101 -109.9877   37.2507    15.4     4.1     9.7    10.0     4.4 -9999.0 U -9999.0 -9999.0 -9999.0
53014 201405  6.101 -109.9877   37.2507    21.2     9.1    15.1    15.3     8.6 -9999.0 U -9999.0 -9999.0 -9999.0
53014 201406  6.101 -109.9877   37.2507 -9999.0 -9999.0 -9999.0 -9999.0 -9999.0 -9999.0 U -9999.0 -9999.0 -9999.0
