03085 201002  6.101 -109.3891   32.0095 -9999.0 -9999.0 -9999.0 -9999.0 -9999.0 -9999.0 U -9999.0 -9999.0 -9999.0
03085 201003  6.101 -109.3891   32.0095    17.0     0.7     8.9     9.0    42.1 -9999.0 U -9999.0 -9999.0 -9999.0
03085 201004  6.101 -109.3891   32.0095    21.2     4.3    12.8    13.0    10.9 -9999.0 U -9999.0 -9999.0 -9999.0
03085 201005  6.101 -109.3891   32.0095    26.9     6.7    16.8    17.5     0.0 -9999.0 U -9999.0 -9999.0 -9999.0
03085 201006  6.101 -109.3891   32.0095    33.0    13.7    23.4    23.7     2.8 -9999.0 U -9999.0 -9999.0 -9999.0
03085 201007  6.101 -109.3891   32.0095    31.2    17.1    24.2    23.4   100.8 -9999.0 U -9999.0 -9999.0 -9999.0
03085 201008  6.101 -109.3891   32.0095    29.5    16.5    23.0    22.3   116.3 -9999.0 U -9999.0 -9999.0 -9999.0
03085 201009  6.101 -109.3891   32.0095    30.0    13.7    21.9    21.6    42.4 -9999.0 U -9999.0 -9999.0 -9999.0
03085 201010  6.101 -109.3891   32.0095    24.9     8.6    16.8    16.1    25.1 -9999.0 U -9999.0 -9999.0 -9999.0
03085 201011  6.101 -109.3891   32.0095    17.6     0.0     8.8     8.8     0.3 -9999.0 U -9999.0 -9999.0 -9999.0
03085 201012  6.101 -109.3891   32.0095    17.1     0.3     8.7     8.1    28.8 -9999.0 U -9999.0 -9999.0 -9999.0
03085 201101  6.101 -109.3891   32.0095    14.2    -2.1     6.0     5.3     3.7 -9999.0 U -9999.0 -9999.0 -9999.0
03085 201102  6.101 -109.3891   32.0095    14.9    -3.2     5.8     5.7     5.4 -9999.0 U -9999.0 -9999.0 -9999.0
03085 201103  6.101 -109.3891   32.0095    22.6     2.9    12.7    12.6     0.7 -9999.0 U -9999.0 -9999.0 -9999.0
03085 201104  6.101 -109.3891   32.0095    25.4     4.9    15.1    15.7     0.4 -9999.0 U -9999.0 -9999.0 -9999.0
03085 201105  6.101 -109.3891   32.0095    27.2     6.8    17.0    17.7     0.0 -9999.0 U -9999.0 -9999.0 -9999.0
03085 201106  6.101 -109.3891   32.0095    34.7    14.2    24.5    25.1     0.2 -9999.0 U -9999.0 -9999.0 -9999.0
03085 201107  6.101 -109.3891   32.0095    31.7    17.8    24.7    24.3   138.7 -9999.0 U -9999.0 -9999.0 -9999.0
03085 201108  6.101 -109.3891   32.0095    31.0    17.4    24.2    23.9    35.8 -9999.0 U -9999.0 -9999.0 -9999.0
03085 201109  6.101 -109.3891   32.0095    29.7    14.5    22.1    21.8    33.5 -9999.0 U -9999.0 -9999.0 -9999.0
03085 201110  6.101 -109.3891   32.0095    25.3     7.7    16.5    16.9     5.2 -9999.0 U -9999.0 -9999.0 -9999.0
03085 201111  6.101 -109.3891   32.0095    16.8     2.7     9.7     9.9    29.1 -9999.0 U -9999.0 -9999.0 -9999.0
03085 201112  6.101 -109.3891   32.0095    11.1    -1.0     5.0     4.8    63.0 -9999.0 U -9999.0 -9999.0 -9999.0
03085 201201  6.101 -109.3891   32.0095    15.3     1.0     8.2     7.9     8.2 -9999.0 U -9999.0 -9999.0 -9999.0
03085 201202  6.101 -109.3891   32.0095    15.8    -0.1     7.8     7.9    11.6 -9999.0 U -9999.0 -9999.0 -9999.0
03085 201203  6.101 -109.3891   32.0095    19.8     1.4    10.6    10.7    11.1 -9999.0 U -9999.0 -9999.0 -9999.0
03085 201204  6.101 -109.3891   32.0095    25.0     5.9    15.5    15.9     5.6 -9999.0 U -9999.0 -9999.0 -9999.0
03085 201205  6.101 -109.3891   32.0095    29.1    10.3    19.7    20.4     5.4 -9999.0 U -9999.0 -9999.0 -9999.0
03085 201206  6.101 -109.3891   32.0095    34.2    14.4    24.3    25.0     9.6 -9999.0 U -9999.0 -9999.0 -9999.0
03085 201207  6.101 -109.3891   32.0095    30.5    16.7    23.6    23.1    71.7 -9999.0 U -9999.0 -9999.0 -9999.0
03085 201208  6.101 -109.3891   32.0095    31.3    17.0    24.1    24.0   108.0 -9999.0 U -9999.0 -9999.0 -9999.0
03085 201209  6.101 -109.3891   32.0095    27.6    13.5    20.6    20.3    17.8 -9999.0 U -9999.0 -9999.0 -9999.0
03085 201210  6.101 -109.3891   32.0095    25.8     7.9    16.9    16.9     0.0 -9999.0 U -9999.0 -9999.0 -9999.0
03085 201211  6.101 -109.3891   32.0095    20.5     5.6    13.1    12.9     9.5 -9999.0 U -9999.0 -9999.0 -9999.0
03085 201212  6.101 -109.3891   32.0095    13.8    -0.5     6.6     6.2    32.5 -9999.0 U -9999.0 -9999.0 -9999.0
03085 201301  6.101 -109.3891   32.0095    11.4    -2.8     4.3     4.3    30.9 -9999.0 U -9999.0 -9999.0 -9999.0
03085 201302  6.101 -109.3891   32.0095    12.8    -2.9     5.0     4.9    15.7 -9999.0 U -9999.0 -9999.0 -9999.0
03085 201303  6.101 -109.3891   32.0095    20.9     3.2    12.0    12.5    14.8 -9999.0 U -9999.0 -9999.0 -9999.0
03085 201304  6.101 -109.3891   32.0095    23.8     5.0    14.4    15.0     1.1 -9999.0 U -9999.0 -9999.0 -9999.0
03085 201305  6.101 -109.3891   32.0095    27.4     8.8    18.1    18.9     0.7 -9999.0 U -9999.0 -9999.0 -9999.0
03085 201306  6.101 -109.3891   32.0095    35.2    15.0    25.1    25.8     0.4 -9999.0 U -9999.0 -9999.0 -9999.0
03085 201307  6.101 -109.3891   32.0095    29.6    17.2    23.4    22.8   118.3 -9999.0 U -9999.0 -9999.0 -9999.0
03085 201308  6.101 -109.3891   32.0095    29.3    16.1    22.7    22.3    99.5 -9999.0 U -9999.0 -9999.0 -9999.0
03085 201309  6.101 -109.3891   32.0095    27.4    13.5    20.4    20.5    43.9 -9999.0 U -9999.0 -9999.0 -9999.0
03085 201310  6.101 -109.3891   32.0095    23.9     5.9    14.9    15.3     0.0 -9999.0 U -9999.0 -9999.0 -9999.0
03085 201311  6.101 -109.3891   32.0095    17.8     3.7    10.8    10.9    14.6 -9999.0 U -9999.0 -9999.0 -9999.0
03085 201312  6.101 -109.3891   32.0095    13.2    -0.7     6.2     6.4    24.8 -9999.0 U -9999.0 -9999.0 -9999.0
03085 201401  6.101 -109.3891   32.0095    16.9     0.0     8.5     7.9     0.3 -9999.0 U -9999.0 -9999.0 -9999.0
03085 201402  6.101 -109.3891   32.0095    18.8     1.7    10.3     9.8     4.8 -9999.0 U -9999.0 -9999.0 -9999.0
03085 201403  6.101 -109.3891   32.0095    19.8     3.0    11.4    11.5    32.4 -9999.0 U -9999.0 -9999.0 -9999.0
03085 201404  6.101 -109.3891   32.0095    23.2     4.8    14.0    14.8     6.7 -9999.0 U -9999.0 -9999.0 -9999.0
03085 201405  6.101 -109.3891   32.0095    27.5     8.6    18.0    18.9     0.0 -9999.0 U -9999.0 -9999.0 -9999.0
03085 201406  6.101 -109.3891   32.0095 -9999.0 -9999.0 -9999.0 -9999.0 -9999.0 -9999.0 U -9999.0 -9999.0 -9999.0
