54808 200212  1.001  -88.3729   40.0528 -9999.0 -9999.0 -9999.0 -9999.0 -9999.0 -9999.0 U -9999.0 -9999.0 -9999.0
54808 200301  1.001  -88.3729   40.0528    -2.0   -12.8    -7.4    -6.5    34.7     7.9 R -9999.0 -9999.0    -7.6
54808 200302  1.001  -88.3729   40.0528     0.3    -8.7    -4.2    -3.8    42.5     9.2 R -9999.0 -9999.0    -3.7
54808 200303  1.001  -88.3729   40.0528    12.0    -1.2     5.4     5.3    64.7    13.6 R -9999.0 -9999.0     5.5
54808 200304  1.001  -88.3729   40.0528    18.4     4.8    11.6    11.9    49.3    16.5 R -9999.0 -9999.0    11.7
54808 200305  1.001  -88.3729   40.0528    21.4     9.6    15.5    15.8   124.6    17.9 R -9999.0 -9999.0    15.1
54808 200306  1.001  -88.3729   40.0528    25.4    12.5    18.9    19.3   103.4    21.4 R -9999.0 -9999.0    18.5
54808 200307  1.001  -88.3729   40.0528    28.4    16.6    22.5    22.6   134.3    24.4 R -9999.0 -9999.0    22.3
54808 200308  1.100  -88.3729   40.0528    28.4    15.7    22.1    22.0   117.2    20.8 R -9999.0 -9999.0    22.0
54808 200309  1.100  -88.3729   40.0528 -9999.0 -9999.0 -9999.0 -9999.0 -9999.0 -9999.0 U -9999.0 -9999.0 -9999.0
54808 200310  1.100  -88.3729   40.0528    18.7     4.1    11.4    11.3    31.9    12.5 R -9999.0 -9999.0    10.4
54808 200311  1.201  -88.3729   40.0528    11.6     1.2     6.4     6.6   125.3     6.5 R -9999.0 -9999.0     6.1
54808 200312  1.201  -88.3729   40.0528     4.0    -3.6     0.2     0.3    75.4     5.4 R -9999.0 -9999.0    -0.4
54808 200401  1.201  -88.3729   40.0528    -0.5    -9.4    -4.9    -4.7    54.3     6.1 R -9999.0 -9999.0    -4.7
54808 200402  1.201  -88.3729   40.0528     3.2    -6.1    -1.4    -1.4    12.0    10.3 R -9999.0 -9999.0    -2.1
54808 200403  1.201  -88.3729   40.0528    11.8     0.9     6.3     6.4   178.9    12.2 R -9999.0 -9999.0     6.4
54808 200404  1.201  -88.3729   40.0528    18.5     4.7    11.6    12.0    34.8    18.5 R -9999.0 -9999.0    11.8
54808 200405  1.201  -88.3729   40.0528    24.2    12.9    18.6    18.6    90.5    19.0 R -9999.0 -9999.0    18.3
54808 200406  1.201  -88.3729   40.0528    26.1    13.5    19.8    20.2    89.2    23.0 R -9999.0 -9999.0    20.1
54808 200407  1.201  -88.3729   40.0528    26.8    15.8    21.3    21.4   167.0    20.3 R -9999.0 -9999.0    22.1
54808 200408  1.201  -88.3729   40.0528    24.9    12.1    18.5    18.9   112.3    19.3 R -9999.0 -9999.0    18.5
54808 200409  1.201  -88.3729   40.0528    26.4    11.0    18.7    18.5    26.5    18.9 R -9999.0 -9999.0    16.7
54808 200410  1.201  -88.3729   40.0528    17.8     5.1    11.4    11.9   100.7     9.9 R -9999.0 -9999.0    10.8
54808 200411  1.201  -88.3729   40.0528    11.3     2.5     6.9     6.7   142.4     6.0 R -9999.0 -9999.0     6.2
54808 200412  1.201  -88.3729   40.0528     4.3    -4.9    -0.3    -0.6    32.8     6.5 R -9999.0 -9999.0    -0.7
54808 200501  1.201  -88.3729   40.0528     1.1    -6.5    -2.7    -2.5   166.2     5.7 R -9999.0 -9999.0    -2.4
54808 200502  1.201  -88.3729   40.0528     5.1    -3.1     1.0     0.9    52.3     8.4 R -9999.0 -9999.0     1.5
54808 200503  1.201  -88.3729   40.0528     9.1    -2.9     3.1     3.0    59.4    13.3 R -9999.0 -9999.0     3.3
54808 200504  1.201  -88.3729   40.0528    19.3     5.0    12.1    12.1    75.3    18.0 R -9999.0 -9999.0    11.8
54808 200505  1.201  -88.3729   40.0528    23.1     8.0    15.6    16.0    33.3    22.7 R -9999.0 -9999.0    14.8
54808 200506  1.201  -88.3729   40.0528    28.9    16.2    22.6    22.9    88.8    24.3 R -9999.0 -9999.0    23.4
54808 200507  1.201  -88.3729   40.0528    28.7    16.9    22.8    22.9    83.0    23.9 R -9999.0 -9999.0    24.9
54808 200508  1.201  -88.3729   40.0528    27.9    16.7    22.3    22.3    96.8    20.9 R -9999.0 -9999.0    23.9
54808 200509  1.201  -88.3729   40.0528    27.2    12.7    19.9    19.8   144.2    17.2 R -9999.0 -9999.0    19.2
54808 200510  1.201  -88.3729   40.0528    18.6     5.2    11.9    11.8    69.4    12.3 R -9999.0 -9999.0    10.8
54808 200511  1.201  -88.3729   40.0528    11.8    -0.3     5.7     5.9    62.3     8.1 R -9999.0 -9999.0     5.3
54808 200512  1.201  -88.3729   40.0528    -1.0    -7.9    -4.4    -4.1    36.0     5.8 R -9999.0 -9999.0    -4.8
54808 200601  1.201  -88.3729   40.0528     6.5    -1.5     2.5     2.4    46.7     5.7 R -9999.0 -9999.0     2.4
54808 200602  1.201  -88.3729   40.0528     4.9    -7.8    -1.5    -1.2    20.7    11.9 R -9999.0 -9999.0    -0.8
54808 200603  1.201  -88.3729   40.0528    10.0    -1.0     4.5     4.6    92.0    12.3 R -9999.0 -9999.0     5.1
54808 200604  1.201  -88.3729   40.0528    19.5     6.0    12.7    12.9   120.0    18.5 R -9999.0 -9999.0    12.7
54808 200605  1.301  -88.3729   40.0528    22.0    10.3    16.1    16.2 -9999.0    19.4 R -9999.0 -9999.0    15.7
54808 200606  1.301  -88.3729   40.0528    27.5    14.5    21.0    21.2    46.5    22.1 R    35.3    12.5    21.6
54808 200607  1.301  -88.3729   40.0528    29.7    17.7    23.7    23.8   207.2    22.5 R    37.8    16.7    25.1
54808 200608  1.301  -88.3729   40.0528 -9999.0 -9999.0 -9999.0 -9999.0 -9999.0 -9999.0 U -9999.0 -9999.0 -9999.0
54808 200609  1.301  -88.3729   40.0528    23.2    10.2    16.7    16.6    16.0    14.4 R    26.5     8.5    15.7
54808 200610  1.301  -88.3729   40.0528    16.5     3.1     9.8    10.0    78.8    11.1 R    19.1     1.6     9.3
54808 200611  1.301  -88.3729   40.0528    11.2     0.4     5.8     5.5    70.9     6.2 U -9999.0 -9999.0 -9999.0
54808 200612  1.301  -88.3729   40.0528 -9999.0 -9999.0 -9999.0 -9999.0    86.1     5.7 R    10.4    -2.8     3.4
54808 200701  1.301  -88.3729   40.0528     2.2    -5.2    -1.5    -1.2    70.6     6.0 R     6.3    -5.5     0.6
54808 200702  1.301  -88.3729   40.0528    -3.7   -12.9    -8.3    -7.8    47.2    10.7 R     5.1   -12.3    -4.3
54808 200703  1.301  -88.3729   40.0528    14.4     2.5     8.4     8.3    53.1    13.4 R    21.0     2.6    10.2
54808 200704  1.301  -88.3729   40.0528    16.1     2.9     9.5     9.7    58.1    17.3 R    22.5     1.9    11.4
54808 200705  1.302  -88.3729   40.0528    26.5    12.1    19.3    19.5    25.5    19.9 R    33.1    10.9    20.2
54808 200706  1.302  -88.3729   40.0528    28.3    14.9    21.6    22.1   147.0    22.5 R    39.8    13.1    23.7
54808 200707  1.302  -88.3729   40.0528    27.2    14.6    20.9    21.3    87.5    23.9 R    32.0    13.3    21.6
54808 200708  1.302  -88.3729   40.0528    30.2    17.8    24.0    23.9    37.2    20.5 R    33.6    16.6    23.8
54808 200709  1.302  -88.3729   40.0528    27.8    12.2    20.0    20.0    61.8    17.7 R    31.8    10.4    19.5
54808 200710  1.302  -88.3729   40.0528    21.2     7.6    14.4    14.4    77.2    11.1 R    23.9     6.1    13.9
54808 200711  1.302  -88.3729   40.0528    10.7    -1.3     4.7     4.6    78.1     8.6 R    14.6    -3.1     4.2
54808 200712  1.302  -88.3729   40.0528     2.3    -4.7    -1.2    -1.3    74.0     4.9 R     4.1    -6.0    -1.5
54808 200801  1.302  -88.3729   40.0528     1.6    -8.8    -3.6    -3.2    65.6     6.7 R     4.5   -10.3    -3.3
54808 200802  1.302  -88.3729   40.0528     0.5    -8.5    -4.0    -3.7   135.8     9.5 R     3.6    -9.4    -3.3
54808 200803  1.302  -88.3729   40.0528     8.1    -1.3     3.4     3.3    84.0    11.6 R    15.5    -3.2     3.7
54808 200804  1.302  -88.3729   40.0528    16.4     4.1    10.3    10.2    48.2    16.8 R    25.0     1.8    10.6
54808 200805  1.302  -88.3729   40.0528    20.0     7.9    14.0    14.4   125.3    17.8 R    23.4     5.5    13.8
54808 200806  1.302  -88.3729   40.0528    28.5    16.1    22.3    22.4   203.7    23.9 R    30.0    14.3    21.2
54808 200807  1.302  -88.3729   40.0528    28.4    16.5    22.5    22.6   185.5    23.5 R    34.5    15.0    23.0
54808 200808  1.302  -88.3729   40.0528    27.0    13.9    20.4    20.7    26.8    22.1 R    33.0    12.3    21.0
54808 200809  1.302  -88.3729   40.0528    24.3    12.5    18.4    18.0   249.5    15.4 R    27.4    10.9    17.4
54808 200810  1.302  -88.3729   40.0528    18.4     4.8    11.6    11.3    89.2    13.2 R    21.0     3.0    10.3
54808 200811  1.302  -88.3729   40.0528     8.7    -1.3     3.7     3.6    26.2     7.3 R    11.8    -2.7     3.1
54808 200812  1.302  -88.3729   40.0528     1.4    -8.0    -3.3    -3.1   119.1     5.6 R     3.4    -9.0    -3.3
54808 200901  1.302  -88.3729   40.0528    -2.6   -12.8    -7.7    -7.2    17.7     7.7 R     0.9   -14.5    -7.4
54808 200902  1.302  -88.3729   40.0528     4.5    -6.0    -0.8    -0.7    35.8    10.9 R     9.8    -8.0    -0.9
54808 200903  1.302  -88.3729   40.0528    12.8    -0.5     6.1     6.1    71.5    14.6 R    20.9    -2.5     6.5
54808 200904  1.302  -88.3729   40.0528    16.1     4.4    10.3    10.4   164.3    15.7 R    23.0     2.7    10.6
54808 200905  1.302  -88.3729   40.0528    22.3    10.2    16.2    16.6   153.3    20.3 R    26.8     8.1    16.2
54808 200906  1.302  -88.3729   40.0528    27.5    16.5    22.0    22.1   128.0    22.0 R    30.5    15.1    21.6
54808 200907  2.402  -88.3729   40.0528    25.5    14.9    20.2    20.3   157.4    24.4 R    34.8    13.6    21.6
54808 200908  2.402  -88.3729   40.0528    25.9    14.7    20.3    20.3   131.9    24.3 R    30.4    13.4    20.5
54808 200909  2.402  -88.3729   40.0528    23.8    12.0    17.9    17.7    18.4    20.1 R    26.4    10.2    17.2
54808 200910  2.402  -88.3729   40.0528    14.4     4.7     9.5     9.6   208.8    10.0 R    16.2     3.4     9.1
54808 200911  2.402  -88.3729   40.0528    12.8     2.1     7.5     7.2    94.5     9.4 R    14.6     0.8     6.6
54808 200912  2.402  -88.3729   40.0528     1.9    -6.3    -2.2    -2.0    96.7     5.8 R     4.0    -7.1    -2.1
54808 201001  2.402  -88.3729   40.0528    -3.6   -10.5    -7.1    -6.9    34.6     8.6 R    -1.6   -11.4    -6.7
54808 201002  2.402  -88.3729   40.0528    -0.8    -9.1    -4.9    -4.5    42.9    13.1 R     3.3    -9.9    -4.0
54808 201003  2.402  -88.3729   40.0528    11.9     0.2     6.0     5.8    69.3    15.8 R    18.1    -1.7     5.9
54808 201004  2.402  -88.3729   40.0528    21.7     6.2    14.0    14.5    35.3    23.9 R    27.3     4.3    14.4
54808 201005  2.402  -88.3729   40.0528    23.7    11.4    17.5    17.7    79.1    23.8 R    26.8    10.1    17.6
54808 201006  2.402  -88.3729   40.0528    28.4    17.8    23.1    23.1   252.6    28.0 R    31.0    16.8    23.1
54808 201007  2.402  -88.3729   40.0528    29.8    18.2    24.0    24.1   140.6    26.6 R    36.5    17.3    25.1
54808 201008  2.402  -88.3729   40.0528    30.3    17.0    23.7    23.6    50.7    22.9 R    44.3    16.6    26.8
54808 201009  2.402  -88.3729   40.0528    26.0    11.3    18.6    18.8    89.6    17.2 R    32.7    10.5    19.4
54808 201010  2.402  -88.3729   40.0528    20.6     4.0    12.3    12.3    19.3    13.7 R    24.9     2.3    11.8
54808 201011  2.402  -88.3729   40.0528    12.1    -1.4     5.3     5.3    97.6     8.0 R    15.4    -2.6     5.0
54808 201012  2.402  -88.3729   40.0528    -1.7   -10.1    -5.9    -5.1    58.0     5.7 R    -0.4   -12.1    -6.1
54808 201101  2.402  -88.3729   40.0528    -2.2   -10.5    -6.3    -5.7    27.4     6.9 R     2.7    -9.8    -3.1
54808 201102  2.402  -88.3729   40.0528     2.4    -5.9    -1.8    -1.6    63.7     9.5 R     4.9    -6.4    -1.0
54808 201103  2.402  -88.3729   40.0528    10.5     0.2     5.3     5.1    45.3    11.8 R    16.1    -0.7     5.5
54808 201104  2.402  -88.3729   40.0528    17.9     5.7    11.8    11.5   167.3    14.1 R    21.4     4.7    11.6
54808 201105  2.402  -88.3729   40.0528    22.0    10.8    16.4    16.4   130.4    16.1 R    23.1     7.1    13.8
54808 201106  2.402  -88.3729   40.0528    27.8    16.7    22.3    22.3    97.8    18.9 R    30.3    13.9    21.0
54808 201107  2.402  -88.3729   40.0528    31.6    19.4    25.5    25.6    41.7    21.4 R    34.5    14.7    23.2
54808 201108  2.402  -88.3729   40.0528    29.6    14.7    22.2    22.3    47.7    19.8 R    35.3    10.0    20.7
54808 201109  2.402  -88.3729   40.0528    23.1    10.1    16.6    16.5    57.7    13.2 R    29.7     6.0    15.3
54808 201110  2.402  -88.3729   40.0528    19.4     4.1    11.8    11.5    51.9    10.9 R    23.0    -0.5     9.3
54808 201111  2.402  -88.3729   40.0528    12.3     2.4     7.3     7.2 -9999.0     5.5 R    12.0    -1.0     4.5
54808 201112  2.402  -88.3729   40.0528     5.9    -2.3     1.8     1.9 -9999.0     4.2 R     3.9    -8.0    -3.3
54808 201201  2.402  -88.3729   40.0528     4.8    -5.9    -0.5    -0.7    63.7     5.8 R     3.2   -11.2    -4.9
54808 201202  2.402  -88.3729   40.0528     6.3    -3.8     1.2     1.2    28.6     8.2 R     8.9   -10.1    -1.4
54808 201203  2.402  -88.3729   40.0528    19.4     4.7    12.1    12.0    19.8    12.7 R    22.9     1.3    11.1
54808 201204  2.412  -88.3729   40.0528    18.7     4.1    11.4    11.8    66.2    17.6 R    24.0     1.7    11.5
54808 201205  2.412  -88.3729   40.0528    26.8    12.5    19.7    20.1    63.7    23.7 C    29.3     9.4    19.0
54808 201206  2.412  -88.3729   40.0528    28.8    13.9    21.4    21.8    43.9    25.3 C    34.3    11.5    21.5
54808 201207  2.412  -88.3729   40.0528    33.2    18.5    25.9    25.9    15.4    23.8 C    40.8    16.8    26.8
54808 201208  2.412  -88.3729   40.0528    29.6    13.4    21.5    21.6   102.9    21.4 C    37.1    11.3    22.3
54808 201209  2.412  -88.3729   40.0528    24.0    10.2    17.1    16.9   153.2    16.5 C    27.0     8.5    16.3
54808 201210  2.412  -88.3729   40.0528    16.4     4.8    10.6    10.4   109.8    11.2 C    17.8     3.3     9.7
54808 201211  2.412  -88.3729   40.0528    10.2    -1.8     4.2     4.1    26.8     8.7 C    12.8    -3.8     3.3
54808 201212  2.412  -88.3729   40.0528     6.4    -1.6     2.4     2.4    57.6     4.7 C     7.4    -2.9     1.9
54808 201301  2.412  -88.3729   40.0528     2.8    -7.6    -2.4    -2.1    66.7     7.1 C     4.5    -9.5    -2.7
54808 201302  2.412  -88.3729   40.0528     2.7    -5.5    -1.4    -1.5    73.6     9.1 C     6.0    -7.6    -1.7
54808 201303  2.412  -88.3729   40.0528     5.3    -3.0     1.1     1.0    34.5    13.2 C     9.7    -5.2     0.9
54808 201304  2.412  -88.3729   40.0528    15.8     3.8     9.8    10.0   210.6    15.7 C    22.1     2.1    10.3
54808 201305  2.412  -88.3729   40.0528    23.4    11.7    17.6    17.7   113.1    17.8 C    26.5    10.6    17.5
54808 201306  2.412  -88.3729   40.0528    27.1    15.7    21.4    21.4   145.9    20.3 C    32.2    14.0    21.6
54808 201307  2.422  -88.3729   40.0528    26.8    15.7    21.3    21.4    60.7    21.0 C    34.1    14.1    22.3
54808 201308  2.422  -88.3729   40.0528    28.0    14.8    21.4    21.5     3.4    21.5 C    41.6    13.4    24.1
54808 201309  2.422  -88.3729   40.0528    26.8    11.8    19.3    19.3     8.9    18.4 C    38.3    10.0    21.0
54808 201310  2.422  -88.3729   40.0528    18.5     4.8    11.7    11.7    85.4    10.8 C    24.0     3.2    11.5
54808 201311  2.422  -88.3729   40.0528     8.4    -3.0     2.7     2.8    23.6     8.0 C    11.5    -4.4     2.4
54808 201312  2.422  -88.3729   40.0528     1.5    -8.6    -3.6    -3.2    51.6     5.8 C     2.9    -9.6    -3.4
54808 201401  2.422  -88.3729   40.0528    -2.1   -12.6    -7.3    -7.2    39.6     7.4 C    -1.4   -14.7    -7.8
54808 201402  2.422  -88.3729   40.0528    -3.2   -13.3    -8.3    -7.8    72.0    12.3 C    -1.8   -15.3    -8.3
54808 201403  2.422  -88.3729   40.0528     6.9    -4.3     1.3     1.0    34.8    14.7 C    12.3    -6.9     1.2
54808 201404  2.422  -88.3729   40.0528    17.7     4.6    11.1    11.1    97.5    17.9 C    23.6     2.4    11.3
54808 201405  2.422  -88.3729   40.0528    23.2    11.5    17.4    17.4   165.4    20.9 C    27.6     9.6    17.2
54808 201406  2.422  -88.3729   40.0528    27.7    17.1    22.4    22.3   207.5    22.1 C    30.9    15.4    22.1
54808 201407  2.422  -88.3729   40.0528    25.9    14.4    20.1    20.4   122.2    23.2 C    29.0    12.6    20.0
54808 201408  2.422  -88.3729   40.0528    26.9    17.3    22.1    21.9    61.5    17.4 C    31.0    16.1    22.0
54808 201409  2.422  -88.3729   40.0528    23.6    10.1    16.9    16.8    93.3    16.3 C    26.9     8.7    16.6
54808 201410  2.422  -88.3729   40.0528    17.3     5.8    11.6    11.6    92.1     9.3 C    18.5     4.2    10.6
54808 201411  2.422  -88.3729   40.0528     6.5    -4.6     0.9     1.2    49.1     6.4 C     8.0    -6.0     0.7
54808 201412  2.422  -88.3729   40.0528     3.4    -2.9     0.2     0.4    44.6     3.7 C     4.7    -4.4     0.1
54808 201501  2.422  -88.3729   40.0528     0.1    -8.3    -4.1    -4.0    36.0     6.5 C     2.1   -10.6    -4.4
54808 201502  2.422  -88.3729   40.0528    -2.6   -13.7    -8.2    -7.5    34.8    11.2 C     0.0   -15.9    -7.6
54808 201503  2.422  -88.3729   40.0528     8.0    -3.7     2.1     2.3    41.5    13.9 C    12.7    -6.9     1.9
54808 201504  2.422  -88.3729   40.0528    18.3     4.8    11.6    11.8    65.9    17.5 C    25.7     1.7    11.9
54808 201505  2.422  -88.3729   40.0528    24.6    12.7    18.7    18.7   123.0    19.3 C    32.6    10.7    19.3
54808 201506  2.422  -88.3729   40.0528    26.8    16.5    21.6    21.7   168.2    20.2 C    31.8    15.3    22.2
54808 201507  2.422  -88.3729   40.0528    27.8    16.3    22.1    22.1    76.1    20.5 C    30.4    14.9    21.9
54808 201508  2.422  -88.3729   40.0528    27.1    14.4    20.8    21.0    73.6    21.0 C    33.2    13.1    21.9
54808 201509  2.422  -88.3729   40.0528    26.9    13.1    20.0    19.8   119.0    16.4 C    31.1    11.7    19.6
54808 201510  2.422  -88.3729   40.0528    19.6     5.7    12.7    12.6    31.8    12.1 C    22.7     4.4    12.3
54808 201511  2.422  -88.3729   40.0528    13.1     0.9     7.0     6.9   122.7     7.8 C    14.1    -0.9     6.0
54808 201512  2.422  -88.3729   40.0528     8.3     0.9     4.6     4.4   172.8     4.0 C     9.4    -0.3     4.1
54808 201601  2.422  -88.3729   40.0528     1.5    -7.9    -3.2    -3.2    27.2     7.1 C     3.9    -9.4    -3.4
54808 201602  2.422  -88.3729   40.0528     5.0    -4.5     0.3     0.1    25.5     9.8 C     8.5    -6.7    -0.2
54808 201603  2.422  -88.3729   40.0528    13.9     2.6     8.2     8.2   101.1    12.0 C    18.9     0.6     8.2
54808 201604  2.422  -88.3729   40.0528    17.4     4.6    11.0    11.3    83.0    17.0 C    21.9     2.7    11.2
54808 201605  2.422  -88.3729   40.0528    22.1    10.3    16.2    16.2   104.0    18.8 C    25.3     8.4    15.9
54808 201606  2.422  -88.3729   40.0528    29.1    16.4    22.7    23.0   122.0    25.2 C    35.2    14.0    23.3
54808 201607  2.422  -88.3729   40.0528    28.0    18.1    23.0    23.0   139.4    21.2 C    33.8    16.9    23.8
54808 201608  2.422  -88.3729   40.0528    28.4    18.1    23.2    23.2    98.8    18.9 C    34.2    17.3    24.3
54808 201609  2.422  -88.3729   40.0528    27.4    14.8    21.1    20.7    91.4    15.8 C    31.2    14.0    21.2
54808 201610  2.422  -88.3729   40.0528    21.3     8.5    14.9    14.8    40.4    10.5 C    23.9     7.6    14.7
54808 201611  2.422  -88.3729   40.0528    13.3     2.2     7.7     7.6    81.9     7.3 C    15.4     1.0     7.2
54808 201612  2.422  -88.3729   40.0528     1.6    -5.5    -1.9    -2.0    33.4     4.5 C     2.7    -6.6    -2.2
54808 201701  2.422  -88.3729   40.0528     3.9    -4.3    -0.2    -0.2    79.7     4.0 C     4.8    -5.2    -0.4
54808 201702  2.422  -88.3729   40.0528    11.0    -2.1     4.4     4.6    11.6     9.2 C    13.4    -3.6     4.4
54808 201703  2.422  -88.3729   40.0528    11.2     0.3     5.8     5.6    67.3    11.4 C    14.5    -1.0     5.8
54808 201704  2.422  -88.3729   40.0528    19.9     7.2    13.6    13.8   139.2    14.8 C    22.7     6.0    13.7
54808 201705  2.622  -88.3729   40.0528    21.8    10.5    16.1    16.2   142.6    18.6 C    23.9     9.3    16.2
54808 201706  2.622  -88.3729   40.0528    29.1    15.3    22.2    22.7    49.0    25.1 C    35.5    13.2    23.5
54808 201707  2.622  -88.3729   40.0528    29.4    17.5    23.5    23.6    62.9    23.3 C    37.3    16.3    25.2
