03072 200612  1.302 -100.2495   32.0408 -9999.0 -9999.0 -9999.0 -9999.0 -9999.0 -9999.0 U -9999.0 -9999.0 -9999.0
03072 200701  1.302 -100.2495   32.0408     9.3    -2.1     3.6     3.5    41.7    12.9 R    17.2    -2.0     4.0
03072 200702  1.302 -100.2495   32.0408    16.5    -0.3     8.1     8.3     3.8    13.6 R    26.6    -0.1     9.5
03072 200703  1.302 -100.2495   32.0408    22.0     7.7    14.9    14.9   115.8    16.3 R    33.5     7.6    16.7
03072 200704  1.302 -100.2495   32.0408    22.4     8.8    15.6    15.5    64.0    20.1 R    34.1     9.0    17.9
03072 200705  1.302 -100.2495   32.0408    25.4    15.2    20.3    20.0   139.2    17.4 R    32.0    15.5    21.2
03072 200706  1.302 -100.2495   32.0408    29.5    18.6    24.0    23.9   159.6    21.7 R    37.8    19.1    25.7
03072 200707  1.302 -100.2495   32.0408    30.4    19.0    24.7    24.2    30.4    21.0 R    41.3    19.8    26.7
03072 200708  1.302 -100.2495   32.0408    33.0    20.1    26.5    26.1   210.8    21.8 R    45.1    20.9    29.1
03072 200709  1.302 -100.2495   32.0408    30.7    17.5    24.1    23.6     8.7    17.4 R    40.3    18.2    25.7
03072 200710  1.302 -100.2495   32.0408    28.6    10.0    19.3    19.3     2.0    17.3 R    38.7    10.9    21.1
03072 200711  1.302 -100.2495   32.0408    20.7     5.0    12.8    12.7    24.7    11.4 R    27.7     5.6    13.7
03072 200712  1.302 -100.2495   32.0408    15.8    -2.2     6.8     6.7     7.9    10.6 R    19.5    -1.0     6.6
03072 200801  1.302 -100.2495   32.0408    14.2    -3.4     5.4     5.4     2.9    11.1 R    19.8    -2.9     5.5
03072 200802  1.302 -100.2495   32.0408    21.6    -0.1    10.8    10.0    20.8    16.2 R    30.7     0.4    11.3
03072 200803  1.302 -100.2495   32.0408    21.9     4.1    13.0    13.4    85.0    17.9 R    33.8     4.8    15.3
03072 200804  1.302 -100.2495   32.0408    26.5     8.5    17.5    17.8    38.7    24.4 R    40.4     9.1    21.1
03072 200805  1.302 -100.2495   32.0408    31.2    14.8    23.0    23.2    64.9    24.2 R    43.6    15.4    26.4
03072 200806  1.302 -100.2495   32.0408    35.3    20.6    27.9    28.0    44.1    26.2 R    49.0    21.4    32.0
03072 200807  1.302 -100.2495   32.0408    35.6    19.6    27.6    27.7     5.2    24.6 R    56.8    20.8    33.9
03072 200808  1.302 -100.2495   32.0408    33.0    19.5    26.3    26.0    93.8    20.0 R    48.6    20.8    30.4
03072 200809  1.302 -100.2495   32.0408    28.8    14.4    21.6    21.6    48.1    19.4 R    37.1    15.0    23.5
03072 200810  1.302 -100.2495   32.0408    26.0     8.0    17.0    17.0    37.8    16.7 R    32.1     8.7    18.2
03072 200811  1.302 -100.2495   32.0408    20.6     2.2    11.4    11.5     8.3    13.6 R    27.4     2.5    12.4
03072 200812  1.302 -100.2495   32.0408    16.1    -2.2     7.0     7.2     0.0    10.9 R    21.5    -1.7     7.9
03072 200901  1.302 -100.2495   32.0408    16.7    -3.7     6.5     6.5     2.3    12.9 R    23.3    -3.5     7.2
03072 200902  1.302 -100.2495   32.0408    20.7     1.3    11.0    11.3     9.7    16.5 R    30.4     0.7    12.2
03072 200903  1.302 -100.2495   32.0408    23.0     6.5    14.7    14.6    37.5    18.0 R    34.6     5.9    16.4
03072 200904  1.302 -100.2495   32.0408    26.0     9.6    17.8    18.3    28.9    21.2 R    38.5     9.3    20.5
03072 200905  1.302 -100.2495   32.0408    29.8    15.2    22.5    22.3   128.0    21.3 R    44.7    15.4    25.9
03072 200906  1.302 -100.2495   32.0408    34.6    20.0    27.3    27.2    28.1    23.5 R    45.7    19.9    29.7
03072 200907  1.302 -100.2495   32.0408    35.4    20.7    28.0    28.2   107.8    24.0 R    51.0    21.2    32.5
03072 200908  1.302 -100.2495   32.0408    35.7    19.9    27.8    27.8     1.1    23.8 R    49.7    19.9    31.0
03072 200909  1.302 -100.2495   32.0408    29.5    15.8    22.6    22.1    52.2    17.3 R    40.9    16.0    24.4
03072 200910  1.302 -100.2495   32.0408    23.2     9.4    16.3    16.2    49.2    13.2 R    28.9     9.7    17.3
03072 200911  1.302 -100.2495   32.0408    21.7     2.7    12.2    12.1     3.8    13.6 R    28.2     2.9    12.8
03072 200912  1.302 -100.2495   32.0408    12.3    -2.3     5.0     4.3    55.7    10.0 R    16.3    -2.1     4.7
03072 201001  1.302 -100.2495   32.0408    13.2    -2.7     5.2     5.1    79.5    10.9 R    18.3    -2.6     5.6
03072 201002  2.402 -100.2495   32.0408    11.1    -0.9     5.1     4.9    78.4    12.0 R    17.6    -0.8     6.0
03072 201003  2.402 -100.2495   32.0408    20.1     3.3    11.7    11.8    29.5    16.4 R    29.9     3.3    13.2
03072 201004  2.402 -100.2495   32.0408    23.9    10.5    17.2    17.5    73.2    18.0 R    33.8    10.4    19.2
03072 201005  2.402 -100.2495   32.0408    28.2    14.6    21.4    21.5    67.0    19.5 R    36.1    14.7    22.8
03072 201006  2.402 -100.2495   32.0408    34.9    20.5    27.7    27.4    53.2    22.1 R    47.1    21.0    30.4
03072 201007  2.402 -100.2495   32.0408    33.0    20.8    26.9    26.5    57.3    19.6 R    42.7    21.4    29.0
03072 201008  2.402 -100.2495   32.0408    36.8    20.6    28.7    29.0    42.9    21.0 R    50.2    21.5    32.5
03072 201009  2.402 -100.2495   32.0408    31.9    17.8    24.9    24.4   124.9    16.5 R    42.0    18.4    26.8
03072 201010  2.402 -100.2495   32.0408    26.8     8.9    17.9    17.8    27.0    15.0 R    32.9     9.7    18.8
03072 201011  2.402 -100.2495   32.0408    21.0     1.8    11.4    11.6     0.0    12.6 R    26.5     2.3    12.4
03072 201012  2.402 -100.2495   32.0408    17.1    -1.6     7.7     7.8    33.4     9.9 R    22.5    -0.9     8.2
03072 201101  2.402 -100.2495   32.0408    14.5    -4.1     5.2     4.9    16.1     9.9 R    20.4    -3.1     5.8
03072 201102  2.402 -100.2495   32.0408    16.5    -1.7     7.4     7.3     8.7    15.1 R    25.8    -1.5     8.6
03072 201103  2.402 -100.2495   32.0408    25.0     5.4    15.2    15.3    25.7    18.1 R    37.8     5.2    17.3
03072 201104  2.402 -100.2495   32.0408    31.6    11.3    21.4    21.9     4.0    24.1 R    50.0    11.1    25.9
03072 201105  2.402 -100.2495   32.0408    32.4    14.1    23.3    23.7    27.2    24.9 R    51.7    14.6    28.9
03072 201106  2.402 -100.2495   32.0408    38.7    21.5    30.1    30.5     2.6    27.6 R    62.0    21.5    37.2
03072 201107  2.402 -100.2495   32.0408    38.5    22.5    30.5    31.2     2.0    26.6 R    65.1    23.6    39.5
03072 201108  2.402 -100.2495   32.0408    38.7    22.3    30.5    30.9    13.8    23.9 R    62.5    23.1    37.7
03072 201109  2.402 -100.2495   32.0408    33.5    15.2    24.3    24.6     8.6    20.3 R    55.6    16.0    29.9
03072 201110  2.402 -100.2495   32.0408    26.4    10.0    18.2    18.1    93.5    16.7 R    37.2    10.9    20.7
03072 201111  2.402 -100.2495   32.0408    20.1     4.2    12.1    12.0     3.9    12.8 R    28.1     4.4    13.3
03072 201112  2.402 -100.2495   32.0408    11.3     0.0     5.7     5.6    32.3     8.0 R    15.2     1.4     6.7
03072 201201  2.412 -100.2495   32.0408    16.7    -0.7     8.0     7.8    79.6    12.5 R    20.3    -0.2     7.9
03072 201202  2.412 -100.2495   32.0408    16.0     3.0     9.5     9.5    40.9    13.1 C    21.5     2.4     9.6
03072 201203  2.412 -100.2495   32.0408    22.5     7.8    15.2    15.3    17.1    16.2 C    27.7     7.1    15.4
03072 201204  2.412 -100.2495   32.0408    29.2    12.6    20.9    21.2    44.1    22.4 C    42.8    13.0    24.6
03072 201205  2.412 -100.2495   32.0408    31.0    16.7    23.8    23.7    89.9    22.3 C    46.6    17.3    28.2
03072 201206  2.412 -100.2495   32.0408    36.1    20.0    28.1    28.3     3.0    25.7 C    58.9    21.3    36.0
03072 201207  2.412 -100.2495   32.0408    36.7    20.8    28.8    28.6     9.0    23.6 C    61.3    22.0    36.2
03072 201208  2.412 -100.2495   32.0408    36.2    20.9    28.6    28.6    30.7    21.5 C    56.3    21.6    34.2
03072 201209  2.412 -100.2495   32.0408    30.9    16.7    23.8    23.7   179.3    17.5 C    44.4    17.4    27.4
03072 201210  2.412 -100.2495   32.0408    23.8     9.9    16.9    16.7    29.6    14.9 C    31.0    11.5    19.2
03072 201211  2.412 -100.2495   32.0408    21.9     4.4    13.1    13.2     0.0    13.7 C    32.5     7.5    17.6
03072 201212  2.412 -100.2495   32.0408    16.9    -0.4     8.2     8.4     1.9    10.9 C    28.5     1.4    11.9
03072 201301  2.412 -100.2495   32.0408    14.5     0.1     7.3     7.2    18.8    11.4 C    22.9     1.4     9.7
03072 201302  2.422 -100.2495   32.0408    17.8     0.7     9.2     9.4     0.8    16.1 C    32.1     1.8    13.4
03072 201303  2.422 -100.2495   32.0408    23.0     4.0    13.5    13.9     0.4    20.3 C    40.8     3.8    18.2
03072 201304  2.422 -100.2495   32.0408    26.5     8.7    17.6    17.4    27.3    22.9 C    42.2     8.5    21.9
03072 201305  2.422 -100.2495   32.0408    29.4    14.5    22.0    22.0    58.2    22.8 C    44.0    14.3    25.6
03072 201306  2.422 -100.2495   32.0408    34.2    20.7    27.4    27.3    40.9    25.7 C    50.9    20.3    32.1
03072 201307  2.422 -100.2495   32.0408    33.2    20.4    26.8    27.0   144.0    23.6 C    50.2    20.4    31.8
03072 201308  2.422 -100.2495   32.0408    34.7    20.2    27.5    27.6    22.4    24.1 C    49.1    20.4    31.5
03072 201309  2.422 -100.2495   32.0408    31.3    17.7    24.5    24.4    84.5    18.9 C    43.4    17.9    27.4
03072 201310  2.422 -100.2495   32.0408    24.8    10.6    17.7    17.6    67.4    15.1 C    29.8    10.6    18.5
03072 201311  2.422 -100.2495   32.0408    18.1     3.2    10.7    10.6    19.2    10.6 C    21.0     3.1    10.3
03072 201312  2.422 -100.2495   32.0408    12.6    -2.6     5.0     4.5    19.4    10.1 C    15.9    -2.1     4.8
03072 201401  2.422 -100.2495   32.0408    15.4    -4.5     5.5     5.4     0.9    13.4 C    21.1    -4.3     5.5
03072 201402  2.422 -100.2495   32.0408    15.9    -1.9     7.0     6.8     7.4    13.9 C    22.5    -1.7     7.9
03072 201403  2.422 -100.2495   32.0408    21.5     2.6    12.0    12.1     1.9    19.1 C    33.7     1.9    14.6
03072 201404  2.422 -100.2495   32.0408    26.7    10.3    18.5    19.0     6.3    21.8 C    39.5     9.3    21.6
03072 201405  2.422 -100.2495   32.0408    30.7    14.3    22.5    22.8   162.6    23.9 C    41.1    13.8    25.3
03072 201406  2.422 -100.2495   32.0408    31.4    20.2    25.8    25.8    73.4    24.4 C    37.5    19.8    27.2
03072 201407  2.422 -100.2495   32.0408    34.3    20.2    27.2    27.2    87.7    24.8 C    46.0    20.4    30.6
03072 201408  2.422 -100.2495   32.0408    34.5    19.9    27.2    27.2    24.8    22.6 C    44.0    19.7    29.5
03072 201409  2.422 -100.2495   32.0408    30.2    18.3    24.3    23.7    53.1    16.9 C    38.3    18.3    25.5
03072 201410  2.422 -100.2495   32.0408    28.3    11.2    19.8    19.6    34.6    17.0 C    33.4    10.2    20.0
03072 201411  2.422 -100.2495   32.0408    17.8     2.0     9.9     9.5    61.3    12.2 C    20.8     1.6     9.5
03072 201412  2.422 -100.2495   32.0408    15.0     3.6     9.3     9.0    11.2     8.1 C    18.2     3.0     9.0
03072 201501  2.422 -100.2495   32.0408    12.0    -1.2     5.4     5.0    60.2     9.9 C    14.3    -1.6     4.7
03072 201502  2.422 -100.2495   32.0408    14.9    -0.7     7.1     6.9    13.8    13.1 C    19.0    -0.6     7.4
03072 201503  2.422 -100.2495   32.0408    20.3     5.6    13.0    12.7    60.6    15.9 C    26.0     5.1    13.3
03072 201504  2.422 -100.2495   32.0408    25.2    11.4    18.3    18.0    87.3    19.4 C    32.0    10.5    19.0
03072 201505  2.422 -100.2495   32.0408    27.1    14.9    21.0    20.7   188.6    19.4 C    32.3    14.3    21.3
03072 201506  2.422 -100.2495   32.0408    31.9    18.4    25.1    25.1    41.7    24.3 C    38.5    17.6    26.2
03072 201507  2.422 -100.2495   32.0408    35.0    20.4    27.7    27.8    62.3    25.7 C    43.9    19.6    29.8
03072 201508  2.422 -100.2495   32.0408    37.2    20.3    28.7    28.7     8.1    22.5 C    48.4    19.5    31.0
03072 201509  2.422 -100.2495   32.0408    34.2    17.9    26.0    25.9    13.7    19.8 C    46.5    16.8    28.0
03072 201510  2.422 -100.2495   32.0408    28.1    12.1    20.1    19.8    72.8    14.9 C    36.5    11.0    20.8
03072 201511  2.422 -100.2495   32.0408    19.2     5.3    12.3    12.3    94.8    10.5 C    23.8     4.5    12.4
03072 201512  2.422 -100.2495   32.0408    17.4    -0.4     8.5     8.3    43.8    10.8 C    21.3    -1.5     7.4
03072 201601  2.422 -100.2495   32.0408    14.8    -1.5     6.6     6.5     0.8    11.5 C    19.6    -3.0     6.0
03072 201602  2.422 -100.2495   32.0408    20.2     1.0    10.6    10.6     9.4    16.0 C    26.5    -0.7    10.3
03072 201603  2.422 -100.2495   32.0408    22.4     7.0    14.7    15.1    52.0    18.5 C    29.1     4.9    15.1
03072 201604  2.422 -100.2495   32.0408    24.4    10.0    17.2    17.5   164.8    20.3 C    31.5     8.6    18.0
03072 201605  2.422 -100.2495   32.0408    27.1    14.7    20.9    20.6   159.4    21.5 C    34.3    14.0    21.9
03072 201606  2.422 -100.2495   32.0408    30.9    19.0    24.9    25.0   119.1    24.0 C    41.0    18.6    27.1
03072 201607  2.422 -100.2495   32.0408    36.9    21.6    29.3    29.5     0.0    26.1 C    51.4    21.2    33.4
03072 201608  2.422 -100.2495   32.0408    34.4    21.0    27.7    27.1   166.0    20.7 C    48.1    20.7    30.4
03072 201609  2.422 -100.2495   32.0408    30.0    17.9    23.9    23.5   174.7    18.3 C    37.4    17.6    24.7
03072 201610  2.422 -100.2495   32.0408 -9999.0 -9999.0 -9999.0 -9999.0 -9999.0 -9999.0 U -9999.0 -9999.0 -9999.0
03072 201611  2.422 -100.2495   32.0408    21.1     8.2    14.7    14.4   104.8    10.5 C    24.6     7.5    14.1
03072 201612  2.422 -100.2495   32.0408    14.8     1.3     8.0     7.6    33.2     7.7 C    17.2     1.0     7.5
03072 201701  2.422 -100.2495   32.0408    15.9    -0.3     7.8     7.6    52.4    10.8 C    19.4    -0.8     7.2
03072 201702  2.422 -100.2495   32.0408    21.5     3.7    12.6    12.3    48.5    14.4 C    26.3     2.6    11.9
03072 201703  2.422 -100.2495   32.0408    25.1     8.3    16.7    16.6    23.6    18.7 C    33.1     6.1    17.0
03072 201704  2.422 -100.2495   32.0408    25.8    10.6    18.2    18.2    41.7    20.8 C    34.7     9.5    19.7
03072 201705  2.422 -100.2495   32.0408    29.1    12.8    21.0    21.5    45.5    23.1 C    42.2    12.1    24.2
03072 201706  2.422 -100.2495   32.0408    34.3    19.5    26.9    26.7    70.9    24.4 C    51.0    19.2    31.1
03072 201707  2.422 -100.2495   32.0408    35.8    20.3    28.0    28.1    16.2    24.6 C    43.4    19.8    30.2
