53012 201008  6.101 -109.6074   37.2667 -9999.0 -9999.0 -9999.0 -9999.0 -9999.0 -9999.0 U -9999.0 -9999.0 -9999.0
53012 201009  6.101 -109.6074   37.2667    30.8    10.7    20.8    20.6    35.8 -9999.0 U -9999.0 -9999.0 -9999.0
53012 201010  6.101 -109.6074   37.2667    22.2     5.7    13.9    13.8    21.0 -9999.0 U -9999.0 -9999.0 -9999.0
53012 201011  6.101 -109.6074   37.2667    12.6    -4.8     3.9     3.8     2.1 -9999.0 U -9999.0 -9999.0 -9999.0
53012 201012  6.101 -109.6074   37.2667     9.4    -3.1     3.2     2.6    25.6 -9999.0 U -9999.0 -9999.0 -9999.0
53012 201101  6.101 -109.6074   37.2667     4.9    -8.3    -1.7    -2.2     0.0 -9999.0 U -9999.0 -9999.0 -9999.0
53012 201102  6.101 -109.6074   37.2667     9.2    -6.2     1.5     1.4     2.8 -9999.0 U -9999.0 -9999.0 -9999.0
53012 201103  6.101 -109.6074   37.2667    17.2    -0.9     8.2     8.6     1.9 -9999.0 U -9999.0 -9999.0 -9999.0
53012 201104  6.101 -109.6074   37.2667    20.6     2.8    11.7    12.5     6.8 -9999.0 U -9999.0 -9999.0 -9999.0
53012 201105  6.101 -109.6074   37.2667    25.0     7.3    16.2    16.8     8.0 -9999.0 U -9999.0 -9999.0 -9999.0
53012 201106  6.101 -109.6074   37.2667    33.6    13.4    23.5    24.8     0.4 -9999.0 U -9999.0 -9999.0 -9999.0
53012 201107  6.101 -109.6074   37.2667    35.4    19.0    27.2    27.3    22.4 -9999.0 U -9999.0 -9999.0 -9999.0
53012 201108  6.101 -109.6074   37.2667    35.9    18.3    27.1    27.3     1.3 -9999.0 U -9999.0 -9999.0 -9999.0
53012 201109  6.101 -109.6074   37.2667    29.4    12.6    21.0    20.8    13.4 -9999.0 U -9999.0 -9999.0 -9999.0
53012 201110  6.101 -109.6074   37.2667    21.1     4.1    12.6    12.3    13.4 -9999.0 U -9999.0 -9999.0 -9999.0
53012 201111  6.101 -109.6074   37.2667    12.8    -2.1     5.3     5.1     8.4 -9999.0 U -9999.0 -9999.0 -9999.0
53012 201112  6.101 -109.6074   37.2667     5.7    -6.0    -0.2    -0.8    18.5 -9999.0 U -9999.0 -9999.0 -9999.0
53012 201201  6.101 -109.6074   37.2667     8.6    -7.0     0.8     0.0    14.4 -9999.0 U -9999.0 -9999.0 -9999.0
53012 201202  6.101 -109.6074   37.2667    10.0    -3.0     3.5     3.2     9.1 -9999.0 U -9999.0 -9999.0 -9999.0
53012 201203  6.101 -109.6074   37.2667    18.2    -0.8     8.7     8.8     5.0 -9999.0 U -9999.0 -9999.0 -9999.0
53012 201204  6.101 -109.6074   37.2667    23.1     4.1    13.6    14.1     2.9 -9999.0 U -9999.0 -9999.0 -9999.0
53012 201205  6.101 -109.6074   37.2667    29.3     9.5    19.4    20.5     0.0 -9999.0 U -9999.0 -9999.0 -9999.0
53012 201206  6.101 -109.6074   37.2667    36.1    15.1    25.6    26.8     1.2 -9999.0 U -9999.0 -9999.0 -9999.0
53012 201207  6.101 -109.6074   37.2667    35.3    20.3    27.8    27.5    26.5 -9999.0 U -9999.0 -9999.0 -9999.0
53012 201208  6.101 -109.6074   37.2667    34.8    19.1    27.0    27.0    40.8 -9999.0 U -9999.0 -9999.0 -9999.0
53012 201209  6.101 -109.6074   37.2667    29.5    12.0    20.8    20.6    24.7 -9999.0 U -9999.0 -9999.0 -9999.0
53012 201210  6.101 -109.6074   37.2667    23.5     3.4    13.5    13.4     4.4 -9999.0 U -9999.0 -9999.0 -9999.0
53012 201211  6.101 -109.6074   37.2667    15.4    -4.1     5.7     5.0     2.9 -9999.0 U -9999.0 -9999.0 -9999.0
53012 201212  6.101 -109.6074   37.2667     6.6    -6.4     0.1     0.0    15.0 -9999.0 U -9999.0 -9999.0 -9999.0
53012 201301  6.101 -109.6074   37.2667     3.8   -10.4    -3.3    -3.9    36.7 -9999.0 U -9999.0 -9999.0 -9999.0
53012 201302  6.101 -109.6074   37.2667     8.8    -6.3     1.2     1.0     2.1 -9999.0 U -9999.0 -9999.0 -9999.0
53012 201303  6.101 -109.6074   37.2667    17.8    -0.5     8.6     8.8    12.1 -9999.0 U -9999.0 -9999.0 -9999.0
53012 201304  6.101 -109.6074   37.2667    21.7     2.8    12.2    12.9     1.3 -9999.0 U -9999.0 -9999.0 -9999.0
53012 201305  6.101 -109.6074   37.2667    26.9     9.1    18.0    18.8     4.0 -9999.0 U -9999.0 -9999.0 -9999.0
53012 201306  6.101 -109.6074   37.2667    36.0    14.4    25.2    26.5     0.0 -9999.0 U -9999.0 -9999.0 -9999.0
53012 201307  6.101 -109.6074   37.2667    36.2    20.4    28.3    28.2    12.5 -9999.0 U -9999.0 -9999.0 -9999.0
53012 201308  6.101 -109.6074   37.2667    33.3    18.5    25.9    25.6    46.7 -9999.0 U -9999.0 -9999.0 -9999.0
53012 201309  6.101 -109.6074   37.2667    28.4    13.4    20.9    20.8    40.6 -9999.0 U -9999.0 -9999.0 -9999.0
53012 201310  6.101 -109.6074   37.2667    19.9     1.7    10.8    10.6    12.7 -9999.0 U -9999.0 -9999.0 -9999.0
53012 201311  6.101 -109.6074   37.2667    12.2    -2.4     4.9     4.4    26.9 -9999.0 U -9999.0 -9999.0 -9999.0
53012 201312  6.101 -109.6074   37.2667     5.5    -8.5    -1.5    -2.2     3.5 -9999.0 U -9999.0 -9999.0 -9999.0
53012 201401  6.101 -109.6074   37.2667     9.8    -9.5     0.1    -1.1     1.3 -9999.0 U -9999.0 -9999.0 -9999.0
53012 201402  6.101 -109.6074   37.2667    13.7    -4.6     4.5     4.2     4.6 -9999.0 U -9999.0 -9999.0 -9999.0
53012 201403  6.101 -109.6074   37.2667    17.2    -0.6     8.3     8.5     6.6 -9999.0 U -9999.0 -9999.0 -9999.0
53012 201404  6.101 -109.6074   37.2667    21.0     3.4    12.2    12.9     5.7 -9999.0 U -9999.0 -9999.0 -9999.0
53012 201405  6.101 -109.6074   37.2667    26.8     8.4    17.6    18.3    12.8 -9999.0 U -9999.0 -9999.0 -9999.0
53012 201406  6.101 -109.6074   37.2667 -9999.0 -9999.0 -9999.0 -9999.0 -9999.0 -9999.0 U -9999.0 -9999.0 -9999.0
