63828 200208  1.001  -84.4706   31.3127 -9999.0 -9999.0 -9999.0 -9999.0 -9999.0 -9999.0 U -9999.0 -9999.0 -9999.0
63828 200209  1.001  -84.4706   31.3127    30.9    20.9    25.9    25.4   271.2    15.5 R -9999.0 -9999.0    28.1
63828 200210  1.001  -84.4706   31.3127    26.4    16.7    21.6    20.9   100.0    12.4 R -9999.0 -9999.0    22.1
63828 200211  1.001  -84.4706   31.3127    19.1     5.2    12.1    11.8   107.3    11.3 R -9999.0 -9999.0    12.1
63828 200212  1.001  -84.4706   31.3127    15.7     2.1     8.9     8.4   134.7     9.1 R -9999.0 -9999.0     8.8
63828 200301  1.001  -84.4706   31.3127    13.8    -0.3     6.7     6.5    22.7    11.7 R -9999.0 -9999.0     6.4
63828 200302  1.001  -84.4706   31.3127    17.6     4.1    10.8    10.9   136.7    11.9 R -9999.0 -9999.0    11.5
63828 200303  1.001  -84.4706   31.3127    22.0    11.3    16.6    16.3   204.8    13.7 R -9999.0 -9999.0    17.0
63828 200304  1.001  -84.4706   31.3127    25.4    11.9    18.7    18.5   197.5    19.3 R -9999.0 -9999.0    21.0
63828 200305  1.001  -84.4706   31.3127    29.4    17.7    23.6    23.3   116.2    20.9 R -9999.0 -9999.0    26.8
63828 200306  1.001  -84.4706   31.3127    30.4    20.7    25.6    25.1   191.6    20.4 R -9999.0 -9999.0    27.4
63828 200307  1.001  -84.4706   31.3127    31.3    21.4    26.3    25.4   126.6    18.9 R -9999.0 -9999.0    29.5
63828 200308  1.101  -84.4706   31.3127    30.3    21.5    25.9    24.9   291.5    18.5 R -9999.0 -9999.0    27.9
63828 200309  1.101  -84.4706   31.3127    28.7    17.5    23.1    22.5    75.0    18.8 R -9999.0 -9999.0    26.0
63828 200310  1.101  -84.4706   31.3127    25.0    12.6    18.8    18.3    67.6    14.8 R -9999.0 -9999.0    20.7
63828 200311  1.101  -84.4706   31.3127    22.9     8.1    15.5    15.0    71.9    13.1 R -9999.0 -9999.0    16.6
63828 200312  1.101  -84.4706   31.3127    15.6     0.0     7.8     7.3    53.3    11.2 R -9999.0 -9999.0     8.2
63828 200401  1.101  -84.4706   31.3127    16.0     1.5     8.8     8.4    75.7    10.5 R -9999.0 -9999.0     9.4
63828 200402  1.101  -84.4706   31.3127    14.6     3.6     9.1     9.0   171.9     9.9 R -9999.0 -9999.0    10.3
63828 200403  1.101  -84.4706   31.3127    23.8     7.6    15.7    15.8    12.0    18.5 R -9999.0 -9999.0    17.6
63828 200404  1.101  -84.4706   31.3127    25.4     8.6    17.0    17.2   129.6    22.4 R -9999.0 -9999.0    20.5
63828 200405  1.101  -84.4706   31.3127    30.5    16.4    23.5    23.3    59.9    22.7 R -9999.0 -9999.0    27.2
63828 200406  1.101  -84.4706   31.3127    30.4    20.5    25.4    24.4   374.6    19.7 R -9999.0 -9999.0    27.4
63828 200407  1.101  -84.4706   31.3127    32.1    21.1    26.6    25.9    53.5    22.8 R -9999.0 -9999.0    29.6
63828 200408  1.201  -84.4706   31.3127    31.9    20.7    26.3    25.6    46.1    19.2 R -9999.0 -9999.0    29.9
63828 200409  1.201  -84.4706   31.3127    28.8    19.8    24.3    23.8   256.6    15.1 R -9999.0 -9999.0    26.2
63828 200410  1.201  -84.4706   31.3127    26.8    15.2    21.0    20.3    55.8    13.4 R -9999.0 -9999.0    22.7
63828 200411  1.201  -84.4706   31.3127    21.9     8.9    15.4    15.0   124.4    10.7 R -9999.0 -9999.0    16.3
63828 200412  1.201  -84.4706   31.3127    15.8     2.5     9.2     8.7    84.0    10.1 R -9999.0 -9999.0     9.7
63828 200501  1.201  -84.4706   31.3127    17.1     5.2    11.2    10.7    63.5    10.6 R -9999.0 -9999.0    11.5
63828 200502  1.201  -84.4706   31.3127    18.0     6.1    12.1    11.9    66.9    11.8 R -9999.0 -9999.0    12.7
63828 200503  1.201  -84.4706   31.3127    19.8     6.8    13.3    13.5   300.9    16.2 R -9999.0 -9999.0    14.8
63828 200504  1.201  -84.4706   31.3127    23.4     9.6    16.5    16.5   210.7    21.8 R -9999.0 -9999.0    18.9
63828 200505  1.201  -84.4706   31.3127    27.5    14.6    21.0    20.9    81.0    25.1 R -9999.0 -9999.0    24.1
63828 200506  1.201  -84.4706   31.3127    30.1    20.8    25.5    24.9   201.9    21.3 R -9999.0 -9999.0    27.6
63828 200507  1.201  -84.4706   31.3127    31.8    22.5    27.2    26.5   178.9    21.3 R -9999.0 -9999.0    28.8
63828 200508  1.201  -84.4706   31.3127    31.7    22.5    27.1    26.1   163.7    19.3 R -9999.0 -9999.0    29.7
63828 200509  1.201  -84.4706   31.3127    31.9    19.2    25.5    24.8    13.4    20.7 R -9999.0 -9999.0    28.3
63828 200510  1.201  -84.4706   31.3127    26.2    12.1    19.2    18.3    16.5    15.7 R -9999.0 -9999.0    21.5
63828 200511  1.201  -84.4706   31.3127    22.8     7.5    15.1    14.5    82.7    12.7 R -9999.0 -9999.0    16.7
63828 200512  1.201  -84.4706   31.3127    15.5     1.4     8.5     8.2   147.8    10.1 R -9999.0 -9999.0     9.5
63828 200601  1.301  -84.4706   31.3127    19.0     5.3    12.1    12.0   134.9    11.9 R -9999.0 -9999.0    13.0
63828 200602  1.301  -84.4706   31.3127    17.1     2.6     9.8     9.8   105.0    13.7 R    22.2     2.1    11.1
63828 200603  1.301  -84.4706   31.3127    22.8     6.7    14.7    14.8    16.1    19.4 R    29.7     6.0    16.7
63828 200604  1.301  -84.4706   31.3127    28.1    13.1    20.6    20.4    61.5    23.0 R    36.2    12.7    23.1
63828 200605  1.301  -84.4706   31.3127    29.4    15.5    22.4    22.4   119.4    24.9 R    37.3    15.3    25.2
63828 200606  1.301  -84.4706   31.3127    33.4    18.7    26.1    25.8    26.5    25.0 R    41.4    18.8    28.8
63828 200607  1.301  -84.4706   31.3127    34.7    20.9    27.8    27.0    66.5    23.0 R    43.1    20.9    29.9
63828 200608  1.301  -84.4706   31.3127    33.4    22.1    27.8    26.8   225.1    22.6 R    42.1    22.1    29.7
63828 200609  1.301  -84.4706   31.3127    29.4    17.8    23.6    22.9    67.2    18.8 R    37.4    17.5    25.4
63828 200610  1.301  -84.4706   31.3127    25.6    10.2    17.9    17.6    85.1    15.9 R    32.7     9.7    19.8
63828 200611  1.301  -84.4706   31.3127    20.8     5.7    13.2    12.5    92.8    12.9 R    27.0     5.1    14.2
63828 200612  1.301  -84.4706   31.3127    19.2     4.9    12.1    11.6   112.8    10.1 R    24.9     4.3    12.9
63828 200701  1.301  -84.4706   31.3127    16.6     4.6    10.6    10.4   100.4     9.6 R    21.0     4.0    11.5
63828 200702  1.302  -84.4706   31.3127    17.4     2.7    10.0     9.6    90.9    13.2 R    22.9     1.9    11.0
63828 200703  1.302  -84.4706   31.3127    24.4     7.9    16.1    16.0    60.3    18.1 R    31.2     7.2    18.0
63828 200704  1.302  -84.4706   31.3127    24.5     9.0    16.7    16.8    94.9    21.2 R    31.5     8.4    19.1
63828 200705  1.302  -84.4706   31.3127    30.4    13.9    22.1    22.4     6.0    23.9 R    37.7    13.5    25.0
63828 200706  1.302  -84.4706   31.3127    33.3    19.5    26.4    26.0    46.3    21.4 R    40.0    19.3    28.4
63828 200707  1.302  -84.4706   31.3127    33.2    21.5    27.3    26.4    87.0    21.4 R    40.7    21.3    28.9
63828 200708  1.302  -84.4706   31.3127    34.1    22.7    28.4    27.6   221.8    20.5 R    43.1    22.6    30.5
63828 200709  1.302  -84.4706   31.3127    30.6    18.7    24.6    23.9    58.8    18.5 R    39.1    18.4    26.5
63828 200710  1.302  -84.4706   31.3127    27.0    14.3    20.6    20.0    89.1    13.6 R    34.0    13.8    21.8
63828 200711  1.302  -84.4706   31.3127    21.5     4.6    13.1    12.4    34.8    13.5 R    29.3     3.8    14.3
63828 200712  1.302  -84.4706   31.3127    19.7     5.4    12.6    12.1   142.3     9.3 R    25.4     4.6    13.4
63828 200801  1.302  -84.4706   31.3127    14.7     1.8     8.3     7.9    96.6    10.3 R    20.0     1.1     9.2
63828 200802  1.302  -84.4706   31.3127    19.4     2.2    10.8    10.7   173.4    14.5 R    25.4     1.2    12.5
63828 200803  1.302  -84.4706   31.3127    21.8     5.8    13.8    13.8    63.2    18.3 R    28.6     5.2    16.2
63828 200804  1.302  -84.4706   31.3127    25.3    10.5    17.9    17.9    48.4    19.8 R    32.1    10.2    20.3
63828 200805  1.302  -84.4706   31.3127    30.2    15.8    23.0    22.9    44.1    23.7 R    36.3    15.5    25.2
63828 200806  1.302  -84.4706   31.3127    34.0    19.5    26.7    26.2    37.6    22.9 R    40.5    19.3    28.6
63828 200807  1.302  -84.4706   31.3127    33.3    20.8    27.1    26.1    88.5    21.3 R    40.4    20.7    28.5
63828 200808  1.302  -84.4706   31.3127    30.9    21.1    26.0    25.3   399.9    17.6 R    37.5    20.9    27.5
63828 200809  1.302  -84.4706   31.3127    30.7    17.9    24.3    23.6     7.8    19.6 R    37.9    17.6    25.9
63828 200810  1.302  -84.4706   31.3127    24.8    10.5    17.7    17.0   105.9    15.7 R    31.3     9.8    18.9
63828 200811  1.302  -84.4706   31.3127    19.6     4.1    11.8    11.5    98.4    13.0 R    25.7     3.2    13.1
63828 200812  1.302  -84.4706   31.3127    19.4     5.1    12.3    12.0   143.7    10.3 R    24.4     4.4    13.1
63828 200901  1.302  -84.4706   31.3127    16.6     3.3    10.0     9.5    44.5    11.5 R    21.6     2.6    10.8
63828 200902  1.302  -84.4706   31.3127    18.1     2.4    10.2    10.1    98.6    14.8 R    23.6     1.7    11.7
63828 200903  1.302  -84.4706   31.3127    21.6     8.2    14.9    14.6   317.0    16.0 R    26.7     7.7    16.2
63828 200904  1.302  -84.4706   31.3127    24.6    11.3    18.0    18.1   168.3    21.5 R    30.0    10.8    20.2
63828 200905  1.302  -84.4706   31.3127    28.6    18.2    23.4    22.7    99.6    19.2 R    34.4    18.0    24.6
63828 200906  1.302  -84.4706   31.3127    33.6    21.2    27.4    26.9    33.2    23.7 R    48.1    20.4    30.2
63828 200907  1.302  -84.4706   31.3127    32.2    20.5    26.3    25.6   131.7    21.5 R    48.3    20.0    28.7
63828 200908  1.302  -84.4706   31.3127    31.2    21.0    26.1    25.1   178.0    19.8 R    40.8    20.8    26.9
63828 200909  1.302  -84.4706   31.3127    30.0    19.4    24.7    24.1    72.6    17.0 R    37.6    18.9    25.2
63828 200910  1.302  -84.4706   31.3127    25.9    14.3    20.1    19.5    92.8    12.5 R    35.4    13.7    20.8
63828 200911  1.302  -84.4706   31.3127    20.2     6.1    13.1    12.5    52.8    11.5 R    28.8     4.7    13.4
63828 200912  1.302  -84.4706   31.3127    15.0     3.9     9.5     9.4   213.0     7.5 R    21.9     2.3    10.0
63828 201001  2.402  -84.4706   31.3127    12.8     0.3     6.6     6.1   185.6    10.8 R    22.2    -1.7     6.7
63828 201002  2.402  -84.4706   31.3127    12.8     0.4     6.6     6.5    83.6    12.6 R    24.7    -1.4     7.9
63828 201003  2.402  -84.4706   31.3127    19.2     5.0    12.1    11.9    78.9    16.1 R    32.7     3.0    13.4
63828 201004  2.402  -84.4706   31.3127    26.9    10.3    18.6    18.6    92.9    22.3 R    53.2     8.9    23.8
63828 201005  2.402  -84.4706   31.3127    30.5    17.6    24.0    23.6   100.5    21.2 R    55.3    17.1    28.5
63828 201006  2.402  -84.4706   31.3127    33.8    21.3    27.5    26.7    96.8    22.6 R    53.8    21.3    31.2
63828 201007  2.402  -84.4706   31.3127    34.7    22.4    28.5    27.9    56.8    21.9 R    53.9    22.3    31.9
63828 201008  2.402  -84.4706   31.3127    33.6    23.4    28.5    27.3   128.1    18.2 R    47.3    23.5    30.0
63828 201009  2.402  -84.4706   31.3127    33.1    17.8    25.4    24.9    41.6    19.6 R    44.8    17.3    26.9
63828 201010  2.402  -84.4706   31.3127    28.2     9.9    19.1    18.5    14.6    17.3 R    38.9     8.5    19.6
63828 201011  2.402  -84.4706   31.3127    22.4     5.4    13.9    13.2    99.9    12.0 R    30.5     4.3    13.7
63828 201012  2.402  -84.4706   31.3127    13.3    -2.0     5.7     5.4    14.3    10.5 R    20.4    -3.4     5.8
63828 201101  2.402  -84.4706   31.3127    13.3    -0.4     6.5     6.4   107.5     9.5 R    20.6    -2.4     6.7
63828 201102  2.402  -84.4706   31.3127    19.2     4.1    11.6    11.3   129.1    13.0 R    30.7     2.3    12.5
63828 201103  2.402  -84.4706   31.3127    22.8     9.0    15.9    15.9    91.5    16.2 R    35.7     7.5    17.6
63828 201104  2.402  -84.4706   31.3127    28.2    11.4    19.8    19.8    42.7    23.1 R    45.8    10.0    23.3
63828 201105  2.402  -84.4706   31.3127    31.3    14.3    22.8    22.9     0.9    25.2 R    58.2    13.3    29.1
63828 201106  2.402  -84.4706   31.3127    35.9    20.6    28.3    27.7    58.9    23.7 R    60.4    20.6    33.8
63828 201107  2.402  -84.4706   31.3127    33.5    22.1    27.8    27.0   101.7    20.0 R    48.0    22.0    29.9
63828 201108  2.402  -84.4706   31.3127    35.5    21.2    28.4    27.6    22.7    21.2 R    51.1    20.7    30.6
63828 201109  2.402  -84.4706   31.3127    30.4    17.0    23.7    23.1    53.5    16.0 R    43.4    16.4    25.2
63828 201110  2.402  -84.4706   31.3127    25.2     8.9    17.0    16.5    43.4    14.8 R    36.0     7.6    17.8
63828 201111  2.402  -84.4706   31.3127    22.3     7.0    14.7    14.4    34.3    11.6 R    31.6     5.0    15.0
63828 201112  2.402  -84.4706   31.3127    19.0     5.5    12.3    11.9    67.0     9.0 R    29.0     3.6    12.4
63828 201201  2.402  -84.4706   31.3127    19.0     3.9    11.4    11.2    79.0    11.2 R    30.1     1.8    11.6
63828 201202  2.402  -84.4706   31.3127    19.1     7.0    13.0    13.0    80.4     9.8 R    30.8     5.3    13.8
63828 201203  2.402  -84.4706   31.3127    26.2    12.1    19.2    18.8   193.7    16.2 R    41.6     9.8    20.2
63828 201204  2.402  -84.4706   31.3127    26.4    11.9    19.2    18.9    66.6    21.3 R    40.2     9.2    19.8
63828 201205  2.402  -84.4706   31.3127    30.6    16.7    23.7    23.1    51.6    22.2 R    42.5    13.0    22.8
63828 201206  2.402  -84.4706   31.3127    30.7    18.9    24.8    24.5   142.0    20.7 R    38.6    13.7    21.9
63828 201207  2.402  -84.4706   31.3127    33.5    21.7    27.6    26.7   139.9    21.2 R    40.5    16.8    23.9
63828 201208  2.402  -84.4706   31.3127    30.7    21.2    25.9    25.1   142.9    16.5 R    33.6    17.5    22.2
63828 201209  2.402  -84.4706   31.3127    29.9    17.7    23.8    23.2    77.5    17.5 R    33.3    14.4    20.8
63828 201210  2.402  -84.4706   31.3127    25.5    11.6    18.6    17.9    12.4    13.8 R    30.8     5.7    14.4
63828 201211  2.412  -84.4706   31.3127    20.2     3.8    12.0    11.8    32.7    12.0 R    30.1     0.4    11.2
63828 201212  2.412  -84.4706   31.3127    18.8     5.1    11.9    11.3   112.2     8.6 C    26.7     4.5    12.6
63828 201301  2.412  -84.4706   31.3127    20.2     6.9    13.5    13.1    47.8    10.0 C    27.1     5.8    13.9
63828 201302  2.412  -84.4706   31.3127    17.3     4.3    10.8    10.7   455.6    11.1 C    24.6     3.5    11.8
63828 201303  2.412  -84.4706   31.3127    18.8     4.8    11.8    11.6    97.3    18.5 C    29.9     3.0    13.5
63828 201304  2.412  -84.4706   31.3127    24.9    10.8    17.8    18.0    81.0    18.9 C    34.8     9.5    19.9
63828 201305  2.412  -84.4706   31.3127    28.2    14.1    21.1    21.3    19.6    23.0 C    41.5    13.1    24.9
63828 201306  2.412  -84.4706   31.3127    31.4    20.9    26.2    25.3   239.9    20.0 C    42.1    21.0    28.2
63828 201307  2.412  -84.4706   31.3127    30.7    21.3    26.0    24.8   219.9    17.5 C    41.6    21.5    27.5
63828 201308  2.412  -84.4706   31.3127    31.5    21.1    26.3    25.3   268.9    18.9 C    46.3    21.4    29.4
63828 201309  2.412  -84.4706   31.3127    30.0    19.0    24.5    23.7    53.3    17.2 C    43.6    19.0    27.1
63828 201310  2.412  -84.4706   31.3127    26.0    12.3    19.1    18.5    16.7    14.5 C    36.1    11.7    20.7
63828 201311  2.412  -84.4706   31.3127    19.9     6.2    13.0    12.7    90.0    10.7 C    28.7     5.1    14.3
63828 201312  2.412  -84.4706   31.3127    18.8     6.0    12.4    12.0   122.0     7.9 C    24.8     5.3    13.0
63828 201401  2.422  -84.4706   31.3127    12.7    -0.9     5.9     5.6    64.0    10.2 C    21.9    -2.2     7.0
63828 201402  2.422  -84.4706   31.3127    18.1     4.4    11.3    11.3   170.5    12.1 C    28.8     3.3    12.8
63828 201403  2.422  -84.4706   31.3127    19.8     6.0    12.9    12.8   161.9    15.2 C    32.5     4.9    15.0
63828 201404  2.422  -84.4706   31.3127    24.2    11.7    18.0    17.9   325.1    16.6 C    38.2    10.8    20.6
63828 201405  2.422  -84.4706   31.3127    29.0    15.4    22.2    21.9    58.2    22.3 C    46.2    14.4    25.7
63828 201406  2.422  -84.4706   31.3127    31.9    20.2    26.1    25.3   161.2    21.9 C    44.3    19.9    28.0
63828 201407  2.422  -84.4706   31.3127    32.0    20.5    26.2    25.7    92.3    22.0 C    41.3    20.1    27.7
63828 201408  2.422  -84.4706   31.3127    33.6    20.4    27.0    26.0    67.3    20.7 C    42.8    20.3    27.8
63828 201409  2.422  -84.4706   31.3127    29.7    19.6    24.7    23.8   200.7    14.9 C    35.3    19.4    24.8
63828 201410  2.422  -84.4706   31.3127    26.7    10.8    18.8    17.9    57.9    16.2 C    35.3    10.1    20.0
63828 201411  2.422  -84.4706   31.3127    18.8     1.8    10.3     9.6   110.5    11.7 C    24.9     0.9    10.9
63828 201412  2.422  -84.4706   31.3127    18.5     5.0    11.7    11.2   173.4     8.6 C    25.4     3.8    12.0
63828 201501  2.422  -84.4706   31.3127    15.3     1.5     8.4     8.2    80.7    10.0 C    23.8     0.2     9.0
63828 201502  2.422  -84.4706   31.3127    14.9     0.8     7.9     7.7   103.6    12.2 C    25.7    -1.0     9.1
63828 201503  2.422  -84.4706   31.3127    23.1    10.1    16.6    16.1    74.3    13.0 C    33.5     9.2    17.9
63828 201504  2.422  -84.4706   31.3127    26.0    14.8    20.4    20.3   155.9    15.0 C    39.3    14.3    23.1
63828 201505  2.422  -84.4706   31.3127    30.3    16.0    23.2    22.7    60.3    23.2 C    45.6    15.5    26.3
63828 201506  2.422  -84.4706   31.3127    32.4    20.4    26.4    25.6   162.8    21.1 C    42.3    20.2    27.8
63828 201507  2.422  -84.4706   31.3127    33.8    21.9    27.8    26.8   119.9    21.8 C    45.6    22.0    29.6
63828 201508  2.422  -84.4706   31.3127    33.0    20.9    27.0    26.2    46.1    19.4 C    44.1    20.7    28.5
63828 201509  2.422  -84.4706   31.3127    29.4    18.7    24.1    23.3   109.2    14.1 C    41.1    18.5    25.6
63828 201510  2.422  -84.4706   31.3127    26.2    12.4    19.3    18.8    12.8    12.8 C    36.7    11.7    20.5
63828 201511  2.422  -84.4706   31.3127    23.1    10.7    16.9    16.4   175.6     9.6 C    30.7    10.2    17.4
63828 201512  2.422  -84.4706   31.3127    22.1    10.1    16.1    15.5   173.4     8.0 C    27.9     8.9    15.8
63828 201601  2.422  -84.4706   31.3127    14.4     1.6     8.0     7.7   107.4    10.0 C    20.5     0.4     8.5
63828 201602  2.422  -84.4706   31.3127    18.3     3.2    10.7    10.7   144.1    14.8 C    24.7     1.8    11.7
63828 201603  2.422  -84.4706   31.3127    23.6     9.6    16.6    16.5   130.3    15.8 C    30.1     8.6    17.8
63828 201604  2.422  -84.4706   31.3127    25.3    11.1    18.2    18.2   125.7    20.2 C    33.4    10.1    20.0
63828 201605  2.422  -84.4706   31.3127    29.4    14.6    22.0    21.8    63.8    23.2 C    42.4    13.9    25.3
63828 201606  2.422  -84.4706   31.3127    32.6    20.0    26.3    25.7   156.1    22.3 C    44.0    19.7    28.9
63828 201607  2.422  -84.4706   31.3127    34.2    21.4    27.8    26.9    50.9    22.5 C    44.6    21.1    29.5
63828 201608  2.422  -84.4706   31.3127    33.1    21.6    27.4    26.3   179.1    19.9 C    42.8    21.4    28.6
63828 201609  2.422  -84.4706   31.3127    32.3    19.0    25.6    24.7    51.6    18.0 C    43.1    18.6    27.1
63828 201610  2.422  -84.4706   31.3127    29.7    11.9    20.8    19.9     4.7    17.0 C    41.3    10.8    22.0
63828 201611  2.422  -84.4706   31.3127    24.7     6.4    15.5    14.9    23.7    12.4 C    34.7     4.7    15.9
63828 201612  2.422  -84.4706   31.3127    19.4     6.9    13.2    12.9   320.2     8.1 C    25.1     6.3    13.8
63828 201701  2.422  -84.4706   31.3127    19.9     6.0    13.0    12.6   271.1    10.5 C    26.4     4.7    12.9
63828 201702  2.422  -84.4706   31.3127    23.0     7.1    15.1    14.8    61.9    14.1 C    33.9     3.7    15.0
63828 201703  2.422  -84.4706   31.3127    23.5     8.6    16.0    15.9    16.3    17.9 C    39.4     5.0    17.8
63828 201704  2.422  -84.4706   31.3127    28.0    12.7    20.3    20.1   105.5    21.5 C    47.6    10.5    23.5
63828 201705  2.422  -84.4706   31.3127    29.1    15.7    22.4    22.3   105.4    21.6 C    45.3    14.4    25.6
63828 201706  2.422  -84.4706   31.3127    30.0    20.6    25.3    24.4   136.0    17.8 C    40.3    20.4    26.6
63828 201707  2.422  -84.4706   31.3127    32.6    21.6    27.1    26.2    78.2    21.6 C    44.5    21.5    28.7
