03047 200305  1.001 -102.8071   31.6219 -9999.0 -9999.0 -9999.0 -9999.0 -9999.0 -9999.0 U -9999.0 -9999.0 -9999.0
03047 200306  1.001 -102.8071   31.6219    34.1    19.4    26.8    26.4    79.6    25.6 R -9999.0 -9999.0    29.6
03047 200307  1.001 -102.8071   31.6219    34.6    20.7    27.7    27.5    10.8    26.9 R -9999.0 -9999.0    31.0
03047 200308  1.001 -102.8071   31.6219    35.2    21.5    28.3    28.1    46.2    23.6 R -9999.0 -9999.0    31.0
03047 200309  1.001 -102.8071   31.6219    30.3    17.8    24.0    23.5    43.6    21.7 R -9999.0 -9999.0    26.2
03047 200310  1.001 -102.8071   31.6219    26.7    12.5    19.6    19.1    17.6    16.9 R -9999.0 -9999.0    19.8
03047 200311  1.001 -102.8071   31.6219    20.5     6.6    13.6    13.0     0.0    12.3 R -9999.0 -9999.0    12.8
03047 200312  1.001 -102.8071   31.6219    17.4    -0.2     8.6     8.3     0.0    13.1 R -9999.0 -9999.0     6.7
03047 200401  1.001 -102.8071   31.6219    15.3     2.3     8.8     8.4    20.1    11.5 R -9999.0 -9999.0     7.8
03047 200402  1.201 -102.8071   31.6219    14.6     2.1     8.3     8.0    29.6    13.9 R -9999.0 -9999.0     7.9
03047 200403  1.201 -102.8071   31.6219    22.8     9.8    16.3    15.8    46.7    18.4 R -9999.0 -9999.0    16.4
03047 200404  1.201 -102.8071   31.6219 -9999.0 -9999.0 -9999.0 -9999.0 -9999.0 -9999.0 U -9999.0 -9999.0 -9999.0
03047 200405  1.201 -102.8071   31.6219    32.9    17.0    25.0    24.5 -9999.0    27.1 R -9999.0 -9999.0    28.6
03047 200406  1.201 -102.8071   31.6219    34.7    20.1    27.4    26.8    25.6    25.3 R -9999.0 -9999.0    30.9
03047 200407  1.201 -102.8071   31.6219    34.4    21.1    27.7    27.3    62.0    24.8 R -9999.0 -9999.0    30.8
03047 200408  1.201 -102.8071   31.6219    33.1    19.5    26.3    25.9    39.3    23.4 R -9999.0 -9999.0    29.0
03047 200409  1.201 -102.8071   31.6219    29.2    17.2    23.2    22.8   107.3    19.6 R -9999.0 -9999.0    24.1
03047 200410  1.201 -102.8071   31.6219    25.0    13.1    19.1    18.5    99.4    14.1 R -9999.0 -9999.0    19.1
03047 200411  1.201 -102.8071   31.6219    16.6     5.2    10.9    10.6   112.7    11.3 R -9999.0 -9999.0    10.8
03047 200412  1.201 -102.8071   31.6219    15.4    -0.3     7.6     7.1     0.2    11.9 R -9999.0 -9999.0     6.8
03047 200501  1.201 -102.8071   31.6219    16.9     3.1    10.0     9.6     6.6    11.5 R -9999.0 -9999.0     9.8
03047 200502  1.201 -102.8071   31.6219    15.8     4.1     9.9     9.5    40.0    12.2 R -9999.0 -9999.0    10.0
03047 200503  1.201 -102.8071   31.6219    21.0     4.9    12.9    13.0    12.8    21.1 R -9999.0 -9999.0    13.9
03047 200504  1.201 -102.8071   31.6219    26.3     9.3    17.8    18.3     5.1    25.4 R -9999.0 -9999.0    20.3
03047 200505  1.201 -102.8071   31.6219    29.9    15.4    22.6    22.5    33.1    23.1 R -9999.0 -9999.0    25.3
03047 200506  1.201 -102.8071   31.6219    35.5    20.7    28.1    27.9    18.0    29.6 R -9999.0 -9999.0    31.7
03047 200507  1.201 -102.8071   31.6219    35.5    21.2    28.3    28.0    65.7    25.7 R -9999.0 -9999.0    32.0
03047 200508  1.201 -102.8071   31.6219    33.3    20.1    26.7    26.1    46.0    25.1 R -9999.0 -9999.0    29.5
03047 200509  1.201 -102.8071   31.6219    34.4    18.7    26.5    26.2     0.0    22.7 R -9999.0 -9999.0    29.9
03047 200510  1.201 -102.8071   31.6219    24.7    12.3    18.5    17.9    88.9    16.1 R -9999.0 -9999.0    19.8
03047 200511  1.201 -102.8071   31.6219    22.4     3.7    13.1    12.7     0.5    15.9 R -9999.0 -9999.0    13.0
03047 200512  1.201 -102.8071   31.6219    16.8    -0.7     8.1     7.8     1.4    12.9 R -9999.0 -9999.0     7.5
03047 200601  1.201 -102.8071   31.6219    19.7     1.8    10.8    10.8     1.4    14.4 R -9999.0 -9999.0     9.8
03047 200602  1.201 -102.8071   31.6219    18.6     1.8    10.2    10.1    13.3    16.3 R -9999.0 -9999.0    10.6
03047 200603  1.201 -102.8071   31.6219    22.7     8.1    15.4    15.3    24.7    19.6 R -9999.0 -9999.0    16.3
03047 200604  1.301 -102.8071   31.6219    29.5    13.3    21.4    21.3     0.0    25.6 R -9999.0 -9999.0    23.9
03047 200605  1.301 -102.8071   31.6219    34.6    17.0    25.8    25.9     0.0    27.2 R    57.6    14.4    30.5
03047 200606  1.301 -102.8071   31.6219    35.9    20.4    28.1    28.4    27.9    27.8 R    56.9    18.6    32.9
03047 200607  1.301 -102.8071   31.6219    36.6    22.0    29.3    29.2    32.8    27.5 R    58.7    20.4    34.1
03047 200608  1.301 -102.8071   31.6219    33.6    20.9    27.2    26.6   115.7    22.7 R    50.6    20.4    29.7
03047 200609  1.301 -102.8071   31.6219    28.9    16.2    22.6    22.3    34.9    20.4 R    41.6    15.9    24.5
03047 200610  1.301 -102.8071   31.6219    26.0    11.4    18.7    18.3    22.7    18.1 R    39.4    10.7    20.5
03047 200611  1.301 -102.8071   31.6219    22.2     4.7    13.5    13.1     0.0    15.1 R    32.1     3.2    13.6
03047 200612  1.301 -102.8071   31.6219    15.1    -0.4     7.3     6.9    26.1    12.1 R    21.5    -1.6     6.7
03047 200701  1.301 -102.8071   31.6219    10.2    -0.4     4.9     4.4    31.6    10.4 R    16.3    -1.1     4.9
03047 200702  1.301 -102.8071   31.6219    18.5     1.7    10.1     9.6     1.6    17.7 R    28.8    -0.3    10.2
03047 200703  1.301 -102.8071   31.6219 -9999.0 -9999.0 -9999.0 -9999.0 -9999.0 -9999.0 U -9999.0 -9999.0 -9999.0
03047 200704  1.302 -102.8071   31.6219    24.7     8.8    16.8    17.0    73.1    23.1 R    40.3     7.4    19.8
03047 200705  1.302 -102.8071   31.6219    27.2    14.9    21.0    20.7    88.2    23.3 R    42.7    14.1    24.5
03047 200706  1.302 -102.8071   31.6219    32.7    18.8    25.8    25.4    66.4    26.9 R    50.6    18.6    30.2
03047 200707  1.302 -102.8071   31.6219    32.6    19.6    26.1    25.4    58.2    23.4 R    51.9    19.6    29.8
03047 200708  1.302 -102.8071   31.6219    33.8    20.5    27.2    26.7    70.6    24.2 R    53.3    20.0    31.5
03047 200709  1.302 -102.8071   31.6219    31.7    18.7    25.2    24.3    40.4    19.8 R    48.3    18.4    28.0
03047 200710  1.302 -102.8071   31.6219    29.6    12.4    21.0    20.5     0.0    19.2 R    44.7    10.8    22.8
03047 200711  1.302 -102.8071   31.6219    20.7     5.1    12.9    12.3    17.9    12.7 R    29.9     3.8    13.0
03047 200712  1.302 -102.8071   31.6219    17.1     0.2     8.6     8.1    11.8    12.5 R    22.6    -0.6     7.7
03047 200801  1.302 -102.8071   31.6219    14.9    -0.9     7.0     6.5     1.3    12.4 R    23.2    -2.5     6.4
03047 200802  1.302 -102.8071   31.6219    21.7     1.7    11.7    11.4     0.8    17.8 R    33.6    -0.5    12.1
03047 200803  1.302 -102.8071   31.6219    23.6     4.7    14.2    14.5    15.9    18.3 R    38.2     2.7    16.2
03047 200804  1.302 -102.8071   31.6219    28.5     9.0    18.8    19.3    15.1    12.1 R    46.1     7.1    22.3
03047 200805  1.302 -102.8071   31.6219    32.8    15.5    24.2    24.5     9.1    11.8 R    51.7    13.2    28.0
03047 200806  1.302 -102.8071   31.6219    37.5    21.8    29.6    29.5    45.7    12.1 R    58.4    19.9    34.5
03047 200807  1.302 -102.8071   31.6219    34.0    21.0    27.5    27.1     3.0    11.1 R    53.0    19.5    31.4
03047 200808  1.302 -102.8071   31.6219    33.2    20.1    26.6    26.2    38.0    10.3 R    50.4    19.3    29.9
03047 200809  1.302 -102.8071   31.6219    28.6    15.5    22.1    21.6    99.0     8.8 R    42.1    14.9    24.2
03047 200810  1.302 -102.8071   31.6219    26.1    10.5    18.3    17.9    59.8     8.0 R    36.7     9.7    19.4
03047 200811  1.302 -102.8071   31.6219    20.6     3.7    12.2    11.7     0.3     6.7 R    30.5     1.9    12.0
03047 200812  1.302 -102.8071   31.6219    17.2    -0.3     8.5     8.0     1.3     5.5 R    23.7    -2.4     7.3
03047 200901  1.302 -102.8071   31.6219    17.6    -2.3     7.7     7.6     0.4     6.3 R    25.4    -4.3     7.1
03047 200902  1.302 -102.8071   31.6219    21.3     3.2    12.2    12.0     4.5    15.5 R    32.4    -0.1    11.7
03047 200903  1.302 -102.8071   31.6219    24.0     6.7    15.4    15.0     5.5    19.2 R    36.9     3.8    16.1
03047 200904  1.302 -102.8071   31.6219    28.0    10.5    19.2    19.5     7.2    24.7 R    44.6     7.7    21.9
03047 200905  1.302 -102.8071   31.6219    32.4    16.1    24.3    23.9    10.0    25.2 R    52.3    14.5    28.3
03047 200906  1.302 -102.8071   31.6219    35.7    20.5    28.1    27.6    92.2    24.8 R    53.5    19.3    31.2
03047 200907  1.302 -102.8071   31.6219    35.0    21.6    28.3    28.0    75.3    25.3 R    47.4    21.0    30.8
03047 200908  1.302 -102.8071   31.6219    36.1    21.3    28.7    28.1    18.8    24.6 R    50.4    20.5    31.2
03047 200909  1.302 -102.8071   31.6219    30.6    16.0    23.3    22.7     6.0    19.6 R    46.6    15.3    25.9
03047 200910  1.302 -102.8071   31.6219    25.8    10.3    18.0    17.6    15.6    16.0 R    34.3     9.7    18.8
03047 200911  1.302 -102.8071   31.6219    22.3     4.4    13.4    13.0     6.3    14.2 R    29.6     2.6    12.7
03047 200912  1.302 -102.8071   31.6219    13.3    -1.6     5.9     5.2    17.1    10.8 R    15.6    -2.3     4.5
03047 201001  1.302 -102.8071   31.6219    14.7    -1.4     6.7     5.9    20.6    13.5 R    19.4    -2.5     5.6
03047 201002  2.402 -102.8071   31.6219    14.7     0.8     7.7     7.1    32.2    14.5 R    23.1    -0.3     8.0
03047 201003  2.402 -102.8071   31.6219    22.0     4.0    13.0    13.2     7.7    20.0 R    34.0     2.8    14.8
03047 201004  2.402 -102.8071   31.6219    26.3    10.8    18.6    18.4    16.9    21.6 R    40.4     9.8    21.3
03047 201005  2.402 -102.8071   31.6219    31.6    15.0    23.3    23.2    20.7    23.3 R    46.5    14.4    26.5
03047 201006  2.402 -102.8071   31.6219    37.4    21.9    29.6    29.0    29.0    24.8 R    54.2    21.4    33.4
03047 201007  2.402 -102.8071   31.6219    32.5    21.4    26.9    26.3   126.4    21.6 R    45.3    21.4    29.7
03047 201008  2.402 -102.8071   31.6219    36.3    21.1    28.7    28.5    32.4    22.8 R    50.9    21.1    32.3
03047 201009  2.402 -102.8071   31.6219    32.3    17.9    25.1    24.4    54.7    18.9 R    45.1    17.9    27.5
03047 201010  2.402 -102.8071   31.6219    28.4    11.1    19.8    19.5     0.0    17.0 R    38.7    10.7    21.4
03047 201011  2.402 -102.8071   31.6219    21.6     3.3    12.5    12.2     0.3    14.3 R    29.6     2.5    13.1
03047 201012  2.402 -102.8071   31.6219    18.4     0.1     9.2     8.9     0.0    11.3 R    24.3    -0.7     9.3
03047 201101  2.402 -102.8071   31.6219    16.2    -2.8     6.7     6.5     2.1    12.1 R    23.6    -3.5     7.3
03047 201102  2.402 -102.8071   31.6219    17.6    -1.5     8.1     7.8     0.2    16.5 R    27.5    -2.2     9.6
03047 201103  2.402 -102.8071   31.6219    27.6     8.1    17.9    17.8     0.0    21.5 R    41.8     6.5    20.5
03047 201104  2.402 -102.8071   31.6219    32.2    12.2    22.2    22.8     0.0    26.1 R    48.1    10.5    26.0
03047 201105  2.402 -102.8071   31.6219    32.9    14.6    23.7    24.4     0.0    28.0 R    50.0    13.3    28.7
03047 201106  2.402 -102.8071   31.6219    39.7    22.8    31.2    31.1     0.0    28.2 R    56.7    21.4    35.7
03047 201107  2.402 -102.8071   31.6219    37.9    22.9    30.4    30.5    26.0    27.2 R    56.2    22.2    35.4
03047 201108  2.402 -102.8071   31.6219    38.5    23.4    30.9    30.9    20.1    25.2 R    55.2    22.6    35.1
03047 201109  2.402 -102.8071   31.6219    33.2    17.1    25.1    25.1     7.9    21.9 R    48.7    16.3    28.5
03047 201110  2.402 -102.8071   31.6219    28.3    11.0    19.7    19.5     4.1    18.6 R    40.1     9.9    21.8
03047 201111  2.402 -102.8071   31.6219    21.4     4.3    12.8    12.6     0.3    13.9 R    29.6     2.9    13.3
03047 201112  2.402 -102.8071   31.6219    11.2     0.7     6.0     5.6    35.8     9.2 R    15.5     0.3     6.1
03047 201201  2.412 -102.8071   31.6219    17.4     1.0     9.2     8.5    38.9    13.4 R    21.8    -0.2     8.5
03047 201202  2.412 -102.8071   31.6219    17.5     3.0    10.3    10.0     2.4    14.8 C    26.4     0.7    10.3
03047 201203  2.412 -102.8071   31.6219    25.5     7.7    16.6    16.3     2.2    19.3 C    38.9     4.6    17.5
03047 201204  2.412 -102.8071   31.6219    30.9    13.4    22.1    22.1    16.8    24.2 C    47.1    10.7    24.7
03047 201205  2.412 -102.8071   31.6219    31.6    15.9    23.8    23.7    97.3    25.0 C    46.1    14.2    26.6
03047 201206  2.412 -102.8071   31.6219    37.7    21.3    29.5    29.6     1.1    27.6 C    57.9    19.9    34.9
03047 201207  2.412 -102.8071   31.6219    35.7    21.4    28.5    28.0    28.6    24.6 C    55.3    20.5    32.9
03047 201208  2.412 -102.8071   31.6219    36.8    21.5    29.2    28.9    17.5    22.5 C    55.2    20.7    33.3
03047 201209  2.412 -102.8071   31.6219    31.5    17.3    24.4    24.0   189.1    18.8 C    44.6    16.6    26.8
03047 201210  2.412 -102.8071   31.6219    26.3    11.1    18.7    18.3     7.8    16.9 C    36.7    10.4    20.1
03047 201211  2.412 -102.8071   31.6219    23.6     6.4    15.0    14.5     0.0    14.0 C    33.5     4.9    15.3
03047 201212  2.412 -102.8071   31.6219    18.1     0.7     9.4     8.9     2.3    11.4 C    25.3    -1.7     8.4
03047 201301  2.412 -102.8071   31.6219    14.7    -0.1     7.3     7.0    33.3    12.2 C    21.6    -1.6     7.0
03047 201302  2.422 -102.8071   31.6219    18.7     0.9     9.8     9.8     0.3    17.4 C    30.4    -3.2     9.5
03047 201303  2.422 -102.8071   31.6219    24.2     5.6    14.9    14.8     0.0    21.4 C    39.8     1.1    15.7
03047 201304  2.422 -102.8071   31.6219    27.9     8.8    18.3    18.4     0.0    25.3 C    46.8     5.3    21.6
03047 201305  2.422 -102.8071   31.6219    32.0    14.2    23.1    23.4     3.5    26.3 C    52.4    11.1    27.2
03047 201306  2.422 -102.8071   31.6219    36.8    21.5    29.1    28.6    12.9    26.8 C    57.6    19.1    33.5
03047 201307  2.422 -102.8071   31.6219    33.6    20.9    27.3    26.8    71.0    23.4 C    49.4    19.0    30.0
03047 201308  2.422 -102.8071   31.6219    36.2    21.5    28.9    28.6     4.9    24.7 C    56.4    19.5    32.8
03047 201309  2.422 -102.8071   31.6219    32.0    17.9    24.9    24.7    22.3    19.6 C    47.6    16.2    27.5
03047 201310  2.422 -102.8071   31.6219    26.7    11.6    19.2    18.8    17.2    16.8 C    37.2     9.7    19.8
03047 201311  2.422 -102.8071   31.6219    18.3     4.2    11.2    10.8     6.9    12.2 C    26.6     2.3    11.2
03047 201312  2.422 -102.8071   31.6219    14.1    -0.5     6.8     6.0    45.1    10.9 C    17.8    -2.1     5.1
03047 201401  2.422 -102.8071   31.6219    16.5    -2.1     7.2     6.7     0.0    13.6 C    22.8    -4.9     5.4
03047 201402  2.422 -102.8071   31.6219    18.0     0.9     9.5     8.9     4.3    14.4 C    26.0    -1.1     8.8
03047 201403  2.422 -102.8071   31.6219    22.7     5.0    13.8    13.7     2.0    20.6 C    35.5     1.2    14.5
03047 201404  2.422 -102.8071   31.6219    27.5    10.9    19.2    19.3     7.4    24.4 C    41.8     6.9    20.7
03047 201405  2.422 -102.8071   31.6219    31.8    14.3    23.0    23.4    13.1    26.4 C    48.5    11.2    26.2
03047 201406  2.422 -102.8071   31.6219    36.4    21.4    28.9    28.2     7.6    26.4 C    53.5    18.6    31.7
03047 201407  2.422 -102.8071   31.6219    35.7    22.3    29.0    28.8     3.3    25.8 C    54.5    19.7    32.8
03047 201408  2.422 -102.8071   31.6219    35.5    21.6    28.5    28.1    93.1    24.0 C    51.9    19.3    30.9
03047 201409  2.422 -102.8071   31.6219    28.7    18.8    23.8    23.2   113.9    16.2 C    37.2    17.7    24.3
03047 201410  2.422 -102.8071   31.6219    28.5    12.5    20.5    20.1     0.0    18.3 C    38.4    11.0    21.3
03047 201411  2.422 -102.8071   31.6219    18.2     2.6    10.4     9.8    45.3    12.9 C    23.3     1.6    10.0
03047 201412  2.422 -102.8071   31.6219    15.8     3.0     9.4     9.0     5.7     9.7 C    21.3     1.5     9.0
03047 201501  2.422 -102.8071   31.6219    11.8    -0.9     5.5     5.1    73.4     9.9 C    15.7    -1.7     4.8
03047 201502  2.422 -102.8071   31.6219    16.1     1.5     8.8     8.2    10.0    13.6 C    22.8     0.6     9.1
03047 201503  2.422 -102.8071   31.6219    20.9     5.9    13.4    13.2    59.4    16.9 C    30.5     4.0    13.8
03047 201504  2.422 -102.8071   31.6219    26.7    11.0    18.8    18.6    34.6    22.7 C    39.4     8.7    20.0
03047 201505  2.422 -102.8071   31.6219    28.8    15.2    22.0    21.7   120.2    24.3 C    39.9    14.0    23.6
03047 201506  2.422 -102.8071   31.6219    32.8    19.2    26.0    25.7    21.5    26.7 C    45.9    18.4    28.9
03047 201507  2.422 -102.8071   31.6219    37.2    22.0    29.6    29.1     5.3    26.9 C    54.6    20.8    33.7
03047 201508  2.422 -102.8071   31.6219    37.4    21.4    29.4    29.0    51.5    24.8 C    53.7    20.3    32.8
03047 201509  2.422 -102.8071   31.6219    33.2    19.2    26.2    25.7    38.6    21.0 C    44.2    18.3    27.7
03047 201510  2.422 -102.8071   31.6219    26.6    13.5    20.0    19.4    94.2    15.0 C    34.1    12.6    20.1
03047 201511  2.422 -102.8071   31.6219    20.0     5.6    12.8    12.2    60.8    12.7 C    25.5     4.7    12.3
03047 201512  2.422 -102.8071   31.6219    17.4     0.9     9.1     8.6    40.9    11.9 C    20.5    -0.9     6.8
03047 201601  2.422 -102.8071   31.6219    15.8    -0.1     7.9     7.3     7.2    12.5 C    20.9    -2.2     6.3
03047 201602  2.422 -102.8071   31.6219    21.0     2.6    11.8    11.4     3.4    17.3 C    30.0    -0.1    11.0
03047 201603  2.422 -102.8071   31.6219    25.2     7.1    16.2    16.1     4.1    21.3 C    39.1     3.7    17.3
03047 201604  2.422 -102.8071   31.6219    27.4    11.1    19.2    19.1    22.6    22.9 C    41.5     9.0    21.5
03047 201605  2.422 -102.8071   31.6219    30.7    14.6    22.6    22.7     9.0    22.8 C    46.7    13.1    26.1
03047 201606  2.422 -102.8071   31.6219    34.3    19.5    26.9    26.8    63.9    25.6 C    48.7    18.4    30.1
03047 201607  2.422 -102.8071   31.6219    38.5    23.2    30.9    30.3    21.3    25.9 C    54.8    21.7    34.1
03047 201608  2.422 -102.8071   31.6219    33.5    20.8    27.2    26.3    70.9    19.6 C    47.1    20.1    29.0
03047 201609  2.422 -102.8071   31.6219    30.8    18.2    24.5    23.9    68.5    18.3 C    40.5    18.2    25.9
03047 201610  2.422 -102.8071   31.6219    29.8    14.0    21.9    21.3    11.0    15.8 C    38.6    13.4    22.7
03047 201611  2.422 -102.8071   31.6219    20.8     8.2    14.5    14.1    47.1    10.1 C    26.2     7.1    14.3
03047 201612  2.422 -102.8071   31.6219    16.1     1.9     9.0     8.2    10.8     8.8 C    20.7     1.2     8.3
03047 201701  2.422 -102.8071   31.6219 -9999.0 -9999.0 -9999.0 -9999.0    19.8    11.1 C    22.3    -0.3     7.9
03047 201702  2.422 -102.8071   31.6219    22.8     4.6    13.7    13.5     1.8    14.2 C    31.4     2.3    13.2
03047 201703  2.422 -102.8071   31.6219    26.9     9.4    18.1    17.6    12.1    20.3 C    40.3     6.9    19.2
03047 201704  2.422 -102.8071   31.6219    28.2    11.7    19.9    19.6    50.9    23.3 C    41.9     9.9    22.0
03047 201705  2.422 -102.8071   31.6219    31.3    14.7    23.0    23.2     9.0    26.2 C    49.2    12.6    26.9
03047 201706  2.422 -102.8071   31.6219    36.8    20.6    28.7    28.3    37.5    25.9 C    56.0    19.3    33.0
03047 201707  2.422 -102.8071   31.6219    35.7    21.6    28.7    28.1    44.0    24.8 C    53.5    20.8    32.3
