53150 200709  1.302 -119.8208   37.7592 -9999.0 -9999.0 -9999.0 -9999.0 -9999.0 -9999.0 U -9999.0 -9999.0 -9999.0
53150 200710  1.302 -119.8208   37.7592    13.8     5.6     9.7     9.5    26.0    15.3 R    22.0     4.7    11.3
53150 200711  1.302 -119.8208   37.7592    13.3     6.1     9.7     9.2    15.2    12.4 R    19.0     5.8    10.8
53150 200712  1.302 -119.8208   37.7592     4.0    -2.3     0.8     0.8   124.2     8.4 R    10.2    -2.7     2.2
53150 200801  1.302 -119.8208   37.7592     2.5    -2.7    -0.1     0.0   216.8     7.7 R     7.9    -3.0     1.2
53150 200802  1.302 -119.8208   37.7592     5.3    -0.1     2.6     2.6   165.0    13.4 R    14.4    -0.4     5.0
53150 200803  1.302 -119.8208   37.7592     6.6     0.9     3.8     3.6    22.1    20.1 R    16.4     0.6     6.2
53150 200804  1.302 -119.8208   37.7592    10.5     1.7     6.1     5.9     3.0    26.0 R    15.1     1.5     7.8
53150 200805  1.302 -119.8208   37.7592    14.1     6.4    10.2     9.9    57.1    25.1 R    18.2     6.2    11.7
53150 200806  1.302 -119.8208   37.7592    20.8    12.8    16.8    16.3     0.5    31.7 R    25.1    12.5    18.6
53150 200807  1.302 -119.8208   37.7592    24.3    16.7    20.5    19.8     0.5    29.4 R    29.0    16.5    22.2
53150 200808  1.302 -119.8208   37.7592    25.1    16.3    20.7    20.0     0.0    28.0 R    60.7     9.0    27.5
53150 200809  1.302 -119.8208   37.7592    22.5    13.9    18.2    17.5     0.0    23.5 R    56.6     4.8    22.5
53150 200810  1.302 -119.8208   37.7592    16.1     8.4    12.2    11.9    45.4    16.1 R    39.0     1.0    13.2
53150 200811  1.302 -119.8208   37.7592    11.8     5.5     8.6     8.5   122.4    11.0 R    22.7    -0.7     6.7
53150 200812  1.302 -119.8208   37.7592     5.2    -0.9     2.2     2.1   140.8     8.7 R    13.9    -8.5    -1.1
53150 200901  1.302 -119.8208   37.7592     9.0     3.5     6.2     6.3   180.3    10.7 R     4.0    -6.9    -2.1
53150 200902  1.302 -119.8208   37.7592     3.3    -1.9     0.7     0.5 -9999.0    10.3 R     4.7    -7.8    -2.3
53150 200903  1.302 -119.8208   37.7592     5.7    -0.5     2.6     2.4   132.8    17.8 R     6.4    -7.7    -1.2
53150 200904  1.302 -119.8208   37.7592     9.6     1.2     5.4     5.1    44.7    23.0 R    31.3    -4.0     8.4
53150 200905  1.302 -119.8208   37.7592    17.4    10.0    13.7    13.3    95.4    26.4 R    44.8     4.3    18.3
53150 200906  1.302 -119.8208   37.7592    16.6     9.4    13.0    12.7    39.7    25.2 R    44.0     4.8    18.5
53150 200907  1.302 -119.8208   37.7592    24.3    17.0    20.7    20.0     0.0    31.5 R    61.7     9.2    28.5
53150 200908  1.302 -119.8208   37.7592    22.9    14.6    18.7    18.1     6.7    26.3 R    58.2     7.0    24.7
53150 200909  1.302 -119.8208   37.7592    22.5    13.8    18.2    17.8     2.9    22.3 R    55.5     6.3    22.7
53150 200910  1.302 -119.8208   37.7592    13.3     5.3     9.3     9.1   139.9    16.6 R    33.4     0.2    11.0
53150 200911  1.302 -119.8208   37.7592    10.6     3.5     7.1     7.0    22.1    12.4 R    24.3    -2.5     6.1
53150 200912  1.302 -119.8208   37.7592     3.9    -1.4     1.3     1.3   181.4     8.4 R     6.8    -8.5    -2.9
53150 201001  1.302 -119.8208   37.7592     4.7     0.2     2.5     2.5   159.9     8.6 R     1.5    -6.7    -2.6
53150 201002  1.302 -119.8208   37.7592     3.9    -0.6     1.7     1.6   161.1    11.9 R     1.3    -7.4    -2.4
53150 201003  1.302 -119.8208   37.7592     5.3    -0.7     2.3     2.4   119.8    17.9 R     2.1    -8.4    -2.8
53150 201004  1.302 -119.8208   37.7592     5.1    -0.6     2.2     2.2   183.5    20.0 R     1.5    -7.7    -2.3
53150 201005  1.302 -119.8208   37.7592     9.7     2.4     6.0     5.7    96.4    24.0 R    18.4    -2.4     5.6
53150 201006  1.302 -119.8208   37.7592    18.6    10.8    14.7    14.4     0.0    31.9 R    49.1     5.9    21.4
53150 201007  1.302 -119.8208   37.7592    23.4    16.1    19.7    19.2     0.0    32.4 R    58.5     8.9    27.1
53150 201008  1.302 -119.8208   37.7592    22.0    13.5    17.8    17.1     0.0    29.2 R    57.1     6.9    24.3
53150 201009  1.302 -119.8208   37.7592    21.5    12.9    17.2    16.5     0.0    24.1 R    52.1     5.1    21.2
53150 201010  2.302 -119.8208   37.7592    13.5     7.0    10.3     9.9   201.9    13.7 R    27.9     3.3    10.8
53150 201011  2.302 -119.8208   37.7592     7.4     1.4     4.4     4.3   165.9    10.5 R    14.2    -4.4     2.0
53150 201012  2.302 -119.8208   37.7592     5.0    -0.6     2.2     2.3   387.1     6.1 R     5.8    -5.7    -2.0
53150 201101  2.302 -119.8208   37.7592     7.6     2.4     5.0     5.2 -9999.0    10.7 R     1.4    -7.7    -3.0
53150 201102  2.302 -119.8208   37.7592     3.2    -2.7     0.2     0.2   149.8    12.9 R     0.7   -10.4    -4.7
53150 201103  2.302 -119.8208   37.7592     4.2    -0.9     1.6     1.6   344.4    13.6 R     2.3    -5.3    -1.7
53150 201104  2.302 -119.8208   37.7592     6.6     0.5     3.5     3.7    59.4    19.4 R     1.4    -6.1    -1.4
53150 201105  2.302 -119.8208   37.7592    10.2     2.6     6.4     6.2    97.3    23.1 R    22.7    -1.6     7.4
53150 201106  2.302 -119.8208   37.7592    16.2     8.6    12.4    12.2   101.0    26.1 R    36.7     4.9    16.4
53150 201107  2.402 -119.8208   37.7592    21.6    14.2    17.9    17.5     0.6    29.7 R    53.2     8.9    23.9
53150 201108  2.402 -119.8208   37.7592    22.8    14.9    18.9    18.3     0.0    27.8 R    62.4     8.2    25.7
53150 201109  2.402 -119.8208   37.7592    22.1    14.3    18.2    17.7    33.1    21.4 R    53.4     7.9    21.5
53150 201110  2.402 -119.8208   37.7592    15.0     8.4    11.7    11.3    89.2    15.9 R    35.3     2.9    12.4
53150 201111  2.402 -119.8208   37.7592     7.9     1.2     4.5     4.4    45.8    10.8 R    20.1    -3.7     2.6
53150 201112  2.402 -119.8208   37.7592     7.8     1.0     4.4     4.3     0.0    10.6 R    25.3    -5.0     2.9
53150 201201  2.402 -119.8208   37.7592     9.4     2.6     6.0     5.7   174.1    10.3 R    26.1    -4.9     3.1
53150 201202  2.402 -119.8208   37.7592     6.1    -1.2     2.4     2.2    70.8    13.1 R    14.1    -5.7     0.3
53150 201203  2.402 -119.8208   37.7592     6.2    -1.3     2.4     2.3   164.9    14.0 R    14.7    -5.4     0.3
53150 201204  2.402 -119.8208   37.7592    10.3     2.6     6.4     6.2   128.5    20.9 R    21.1    -1.9     5.8
53150 201205  2.402 -119.8208   37.7592    15.9     7.4    11.7    11.4     5.3    28.6 R    47.9     2.5    18.0
53150 201206  2.402 -119.8208   37.7592    18.8    10.5    14.6    14.4    19.7    30.6 R    53.0     5.7    22.2
53150 201207  2.402 -119.8208   37.7592    23.3    14.6    19.0    18.4     1.8    30.1 R    59.8     8.2    26.2
53150 201208  2.402 -119.8208   37.7592    26.3    17.4    21.8    21.1     3.1    26.4 R    62.2    10.7    27.5
53150 201209  2.412 -119.8208   37.7592    23.7    15.1    19.4    18.6     0.0    23.0 R    58.0     8.1    23.4
53150 201210  2.412 -119.8208   37.7592    16.1     8.3    12.2    11.4    30.9    15.5 C    34.1     2.6    13.1
53150 201211  2.412 -119.8208   37.7592     9.9     3.6     6.8     6.6   254.4     9.3 C    16.6    -1.9     4.7
53150 201212  2.412 -119.8208   37.7592     3.2    -2.2     0.5     0.4   340.5     7.0 C     5.2    -8.0    -1.8
53150 201301  2.412 -119.8208   37.7592     5.9    -0.7     2.6     2.8    42.1    11.4 C     0.8   -10.5    -4.8
53150 201302  2.412 -119.8208   37.7592     5.8    -1.3     2.2     2.1    21.6    14.8 C     1.7    -9.3    -3.5
53150 201303  2.412 -119.8208   37.7592    10.0     2.5     6.3     5.8   103.3    17.7 C    19.4    -2.4     5.5
53150 201304  2.412 -119.8208   37.7592    12.8     4.2     8.5     8.1    31.1    23.9 C    32.4     0.2    11.7
53150 201305  2.412 -119.8208   37.7592    15.2     7.4    11.3    10.9    10.8    25.6 C    40.7     2.9    16.8
53150 201306  2.412 -119.8208   37.7592    21.1    13.0    17.0    16.8    12.5    29.0 C    47.6     7.3    22.8
53150 201307  2.412 -119.8208   37.7592    25.4    17.1    21.3    20.6     0.0    28.5 C    52.2    11.5    26.8
53150 201308  2.412 -119.8208   37.7592    23.6    14.3    18.9    18.1     0.3    26.2 C    50.3     8.2    23.9
53150 201309  2.412 -119.8208   37.7592    20.6    11.4    16.0    15.3    24.5    21.5 C    44.1     6.5    19.4
53150 201310  2.412 -119.8208   37.7592    14.4     6.4    10.4     9.9    34.5    17.1 C    32.9    -0.3    11.0
53150 201311  2.412 -119.8208   37.7592    10.8     4.1     7.4     7.0    34.3    11.5 C    23.3    -1.1     6.3
53150 201312  2.412 -119.8208   37.7592     8.8     1.7     5.3     5.2    39.0    10.3 C    12.6    -6.7     0.0
53150 201401  2.412 -119.8208   37.7592    11.6     5.0     8.3     7.9    65.5    10.8 C    26.3    -3.1     6.1
53150 201402  2.412 -119.8208   37.7592     7.5     1.2     4.3     3.9   162.1    12.2 C    15.8    -2.8     3.6
53150 201403  2.412 -119.8208   37.7592     9.6     1.8     5.7     5.3   111.1    17.5 C    22.4    -2.7     6.1
53150 201404  2.412 -119.8208   37.7592    12.0     3.9     7.9     7.5    70.5    23.4 C    23.7    -1.6     8.2
53150 201405  2.412 -119.8208   37.7592    15.8     7.6    11.7    11.4    27.9    26.7 C    35.7     2.8    15.1
53150 201406  2.412 -119.8208   37.7592    21.5    12.7    17.1    16.6     5.2    31.2 C    48.2     6.5    22.5
53150 201407  2.412 -119.8208   37.7592    24.9    16.7    20.8    20.2    14.8    27.3 C    49.5    12.0    25.3
53150 201408  2.412 -119.8208   37.7592    23.6    14.5    19.0    18.1     0.0    25.3 C    48.1     9.7    23.3
53150 201409  2.422 -119.8208   37.7592    21.9    12.7    17.3    16.6    42.7    21.5 C    42.8     7.3    19.6
53150 201410  2.422 -119.8208   37.7592    18.3     9.6    13.9    13.2    22.1    17.7 C    37.9     2.6    14.0
53150 201411  2.422 -119.8208   37.7592    11.2     4.4     7.8     7.7    70.5    11.2 C    17.1    -2.0     4.3
53150 201412  2.422 -119.8208   37.7592     5.9    -0.1     2.9     2.7   160.3     7.3 C     4.2    -5.8    -1.3
53150 201501  2.422 -119.8208   37.7592    11.5     4.4     7.9     7.6     4.4    11.6 C    19.7    -3.0     3.7
53150 201502  2.422 -119.8208   37.7592    11.3     4.5     7.9     7.7    90.7    13.3 C    21.6    -1.7     6.0
53150 201503  2.422 -119.8208   37.7592    12.8     5.0     8.9     8.4    16.6    19.8 C    32.3    -1.5     9.8
53150 201504  2.422 -119.8208   37.7592    11.4     3.1     7.3     6.9    91.0    22.6 C    27.0    -2.7     7.8
53150 201505  2.422 -119.8208   37.7592    12.6     5.3     9.0     8.4    56.4    21.1 C    28.6     1.0    10.6
53150 201506  2.422 -119.8208   37.7592    22.4    14.0    18.2    17.7    11.4    28.0 C    48.9     7.3    22.0
53150 201507  2.422 -119.8208   37.7592    22.1    13.7    17.9    17.4    34.1    25.9 C    46.2     8.7    21.8
53150 201508  2.422 -119.8208   37.7592    24.8    15.4    20.1    19.3     0.2    27.3 C    52.0     8.5    24.1
53150 201509  2.422 -119.8208   37.7592    22.3    13.1    17.7    16.9     4.2    20.0 C    44.5     7.0    19.5
53150 201510  2.422 -119.8208   37.7592    17.0     9.1    13.1    12.5    61.1    15.0 C    30.9     3.0    12.2
53150 201511  2.422 -119.8208   37.7592     6.9    -0.3     3.3     3.3   151.3    10.9 C     6.3    -8.0    -1.8
53150 201512  2.422 -119.8208   37.7592     3.7    -2.5     0.6     0.5   232.7     7.5 C     1.7   -10.9    -4.7
53150 201601  2.422 -119.8208   37.7592     4.0    -1.4     1.3     1.3   278.2     7.4 C     0.0    -9.3    -3.6
53150 201602  2.422 -119.8208   37.7592    10.6     4.2     7.4     7.3    24.0    14.9 C     0.1    -7.9    -3.4
53150 201603  2.422 -119.8208   37.7592     8.3     1.0     4.6     4.2   238.4    15.1 C    11.5    -3.9     2.1
53150 201604  2.422 -119.8208   37.7592    12.0     3.6     7.8     7.3    81.2    19.7 C    27.5    -0.3     9.1
53150 201605  2.422 -119.8208   37.7592    14.0     6.2    10.1     9.6    18.2    22.2 C    34.5     1.8    12.9
53150 201606  2.422 -119.8208   37.7592    21.8    13.6    17.7    17.3    15.4    29.9 C    48.6     7.0    22.3
53150 201607  2.422 -119.8208   37.7592    24.7    16.1    20.4    19.7     0.0    30.8 C    53.4     8.8    25.2
53150 201608  2.422 -119.8208   37.7592    25.1    16.2    20.7    19.8     0.0    27.2 C    52.8     8.8    24.4
53150 201609  2.422 -119.8208   37.7592    21.0    11.7    16.3    15.7     2.1    22.1 C    45.9     5.1    19.0
53150 201610  2.422 -119.8208   37.7592    13.8     6.0     9.9     9.5   235.2    13.5 C    25.2     1.4     9.5
53150 201611  2.422 -119.8208   37.7592    10.5     3.7     7.1     6.7    60.7    10.7 C    14.3    -2.6     3.4
53150 201612  2.422 -119.8208   37.7592     6.6    -0.1     3.3     3.3   258.5     8.2 C     5.0    -5.9    -1.2
53150 201701  2.422 -119.8208   37.7592     3.0    -2.3     0.3     0.4   614.0     7.0 C     0.1    -8.6    -4.0
53150 201702  2.422 -119.8208   37.7592     3.5    -1.4     1.1     1.2   489.7     8.0 C     3.3    -7.6    -2.5
53150 201703  2.422 -119.8208   37.7592     8.8     2.2     5.5     5.4    93.7    15.6 C     2.6    -6.4    -1.7
53150 201704  2.422 -119.8208   37.7592    10.2     1.9     6.1     5.9   193.8    19.0 C    19.3    -2.0     6.1
53150 201705  2.422 -119.8208   37.7592    16.0     7.4    11.7    11.3    16.8    24.1 C    35.1     3.6    15.1
53150 201706  2.422 -119.8208   37.7592    21.2    12.7    16.9    16.7    12.9    27.0 C    44.4     7.3    21.1
53150 201707  2.422 -119.8208   37.7592    25.7    17.4    21.5    20.9     0.0    28.9 C    51.8    11.1    26.0
