92826 200702  1.302  -81.3183   25.8996 -9999.0 -9999.0 -9999.0 -9999.0 -9999.0 -9999.0 U -9999.0 -9999.0 -9999.0
92826 200703  1.302  -81.3183   25.8996    28.4    14.1    21.3    20.6    30.9    19.8 R    44.5    14.7    24.6
92826 200704  1.302  -81.3183   25.8996    29.7    14.7    22.2    21.6    87.1    22.3 R    46.7    15.7    26.7
92826 200705  1.302  -81.3183   25.8996    30.6    17.8    24.2    23.7   138.4    21.7 R    45.8    18.6    28.0
92826 200706  1.302  -81.3183   25.8996    32.1    21.8    26.9    26.1   233.3    21.2 R    42.9    22.4    29.4
92826 200707  1.302  -81.3183   25.8996    33.1    23.5    28.3    27.3   267.9    19.8 R    41.6    24.2    29.7
92826 200708  1.302  -81.3183   25.8996    34.0    24.1    29.1    28.0   128.2    20.2 R    45.3    24.7    31.1
92826 200709  1.302  -81.3183   25.8996    32.8    23.2    28.0    26.5   184.4    16.7 R    41.9    23.9    29.0
92826 200710  1.302  -81.3183   25.8996    31.5    22.8    27.1    26.1   121.0    14.5 R    39.3    23.1    27.7
92826 200711  1.302  -81.3183   25.8996    27.9    15.3    21.6    20.7     3.8    14.5 R    38.5    15.7    23.0
92826 200712  1.302  -81.3183   25.8996    28.1    15.0    21.5    20.7    15.6    13.3 R    38.3    15.3    22.6
92826 200801  1.302  -81.3183   25.8996    25.4    11.4    18.4    17.7    12.5    13.7 R    37.1    12.0    20.3
92826 200802  1.302  -81.3183   25.8996    27.7    14.9    21.3    20.6   158.4    16.8 R    40.8    15.3    23.5
92826 200803  1.302  -81.3183   25.8996    28.1    14.8    21.4    20.9    40.8    19.6 R    42.4    15.3    24.4
92826 200804  1.302  -81.3183   25.8996    29.5    16.0    22.7    22.2    96.7    23.0 R    47.1    17.0    27.3
92826 200805  1.302  -81.3183   25.8996    32.3    18.2    25.2    24.9    46.9    25.0 R    52.7    19.6    31.5
92826 200806  1.302  -81.3183   25.8996    33.4    21.7    27.6    26.2   282.0    21.7 R    44.5    22.3    29.4
92826 200807  1.302  -81.3183   25.8996    32.5    23.5    28.0    27.0   325.5    19.7 R    41.8    24.0    29.6
92826 200808  1.302  -81.3183   25.8996    32.5    24.6    28.5    27.8   373.7    18.9 R    42.3    25.0    30.2
92826 200809  1.302  -81.3183   25.8996    32.1    24.0    28.1    27.2   340.3    17.8 R    41.2    24.4    29.5
92826 200810  1.302  -81.3183   25.8996    29.5    20.4    25.0    24.2    80.6    16.8 R    38.7    20.9    26.4
92826 200811  1.302  -81.3183   25.8996    26.4    12.7    19.5    18.7     0.8    16.1 R    37.6    13.2    21.5
92826 200812  1.302  -81.3183   25.8996    26.3    13.1    19.7    18.8    36.9    13.5 R    33.3    13.3    20.0
92826 200901  1.302  -81.3183   25.8996    24.6     9.7    17.1    16.2    19.4    14.2 R    33.1     9.5    17.5
92826 200902  1.302  -81.3183   25.8996    24.9     9.7    17.3    16.7    17.6    18.1 R    38.2     9.4    19.0
92826 200903  1.302  -81.3183   25.8996    27.3    13.1    20.2    19.7     5.7    19.2 R    44.4    12.8    23.1
92826 200904  1.302  -81.3183   25.8996    29.7    15.6    22.6    22.5    19.1    24.2 R    48.6    16.0    27.3
92826 200905  1.302  -81.3183   25.8996    31.7    18.9    25.3    24.6   140.8    22.3 R    48.6    19.1    28.9
92826 200906  1.302  -81.3183   25.8996    32.1    22.0    27.1    26.4   274.8    20.3 R    41.4    21.9    28.1
92826 200907  1.302  -81.3183   25.8996    33.0    24.1    28.6    27.7   166.6    21.4 R    42.3    23.5    29.8
92826 200908  1.302  -81.3183   25.8996    33.5    24.7    29.1    28.0   162.2    20.1 R    41.2    24.1    29.5
92826 200909  1.302  -81.3183   25.8996    32.9    24.4    28.6    27.4   181.7    16.9 R    40.1    23.9    28.6
92826 200910  1.302  -81.3183   25.8996    32.1    21.7    26.9    26.1    44.1    17.8 R    39.2    20.9    27.3
92826 200911  1.302  -81.3183   25.8996    28.0    16.6    22.3    21.5    50.1    14.2 R    34.0    15.6    22.3
92826 200912  1.302  -81.3183   25.8996    25.9    15.3    20.6    19.9   146.3    11.5 R    29.7    14.5    20.2
92826 201001  2.403  -81.3183   25.8996    21.5     8.6    15.0    14.3    34.8    12.9 R    26.6     7.7    14.9
92826 201002  2.403  -81.3183   25.8996    22.1     9.9    16.0    15.4   102.5    14.5 R    33.1     9.6    17.3
92826 201003  2.403  -81.3183   25.8996    24.0    10.7    17.4    17.1   194.2    17.9 R    36.5    10.5    19.5
92826 201004  2.403  -81.3183   25.8996    28.7    17.8    23.2    22.6    76.9    20.4 R    43.9    17.4    25.9
92826 201005  2.403  -81.3183   25.8996    32.9    20.9    26.9    26.1    24.9    22.8 R    51.8    21.3    31.3
92826 201006  2.403  -81.3183   25.8996    35.0    23.2    29.1    27.8   238.5    20.4 R    49.7    24.0    32.1
92826 201007  2.403  -81.3183   25.8996    33.9    23.8    28.9    27.7   172.9    19.7 R    45.9    25.0    31.5
92826 201008  2.403  -81.3183   25.8996    33.5    24.3    28.9    27.6   300.1    16.2 R    42.8    25.1    30.1
92826 201009  2.403  -81.3183   25.8996    33.1    24.0    28.5    27.2   359.4    16.2 R    42.5    24.6    29.5
92826 201010  2.403  -81.3183   25.8996    31.0    19.3    25.1    24.2    15.2    15.7 R    42.2    19.4    26.8
92826 201011  2.403  -81.3183   25.8996    28.3    15.2    21.7    20.7    36.2    13.2 R    36.3    15.0    22.1
92826 201012  2.403  -81.3183   25.8996    21.4     6.1    13.7    13.1    31.8    12.7 R    28.6     6.2    14.7
92826 201101  2.403  -81.3183   25.8996    24.5     9.4    16.9    16.2    32.0    12.3 R    32.3     9.5    17.6
92826 201102  2.403  -81.3183   25.8996    27.6    12.0    19.8    18.9     0.9    16.8 R    40.9    12.0    21.4
92826 201103  2.403  -81.3183   25.8996    29.3    12.7    21.0    20.1    17.3    21.1 R    45.2    13.0    23.8
92826 201104  2.403  -81.3183   25.8996    32.8    16.3    24.6    23.9    99.6    22.9 R    49.9    17.1    28.3
92826 201105  2.403  -81.3183   25.8996    33.1    18.4    25.8    25.0    53.8    22.9 R    46.3    19.0    28.6
92826 201106  2.403  -81.3183   25.8996    34.1    20.8    27.5    26.3   253.2    21.3 R    47.4    21.5    30.0
92826 201107  2.403  -81.3183   25.8996    34.1    22.8    28.4    27.1   178.5    18.7 R    44.5    23.2    29.7
92826 201108  2.403  -81.3183   25.8996    33.4    24.2    28.8    27.5   176.1    16.8 R    42.5    24.5    29.6
92826 201109  2.403  -81.3183   25.8996    33.0    23.8    28.4    27.2   254.7    17.7 R    42.0    23.8    29.2
92826 201110  2.403  -81.3183   25.8996    29.3    20.1    24.7    24.0   250.6    14.5 R    36.9    20.2    25.6
92826 201111  2.403  -81.3183   25.8996    28.3    17.3    22.8    21.8     3.3    14.6 R    36.7    16.9    23.4
92826 201112  2.403  -81.3183   25.8996    26.9    14.4    20.6    19.6     3.7    12.0 R    37.3    13.7    21.2
92826 201201  2.403  -81.3183   25.8996    25.5    10.0    17.8    16.9     6.4    13.5 R    36.5     9.5    18.7
92826 201202  2.403  -81.3183   25.8996    27.8    14.7    21.3    20.2    34.3    14.7 R    39.4    14.7    22.3
92826 201203  2.403  -81.3183   25.8996    30.1    14.6    22.3    21.5    44.0    19.5 R    43.9    14.7    24.4
92826 201204  2.403  -81.3183   25.8996    29.9    15.7    22.8    22.1   107.8    20.9 R    44.5    16.1    25.8
92826 201205  2.403  -81.3183   25.8996    32.2    20.2    26.2    25.4   123.1    22.2 R    45.2    20.6    28.9
92826 201206  2.403  -81.3183   25.8996    31.7    22.8    27.2    26.7   228.7    18.8 R    41.3    23.0    29.1
92826 201207  2.403  -81.3183   25.8996    33.8    22.9    28.3    27.1    99.0    19.8 R    45.2    23.2    30.0
92826 201208  2.403  -81.3183   25.8996    33.7    23.7    28.7    27.4   214.6    18.2 R    43.1    23.9    29.7
92826 201209  2.403  -81.3183   25.8996    32.8    23.1    28.0    26.5   132.0    16.2 R    42.0    23.2    28.5
92826 201210  2.403  -81.3183   25.8996    30.3    21.0    25.7    24.6   193.7    15.2 R    38.2    20.9    26.2
92826 201211  2.413  -81.3183   25.8996    26.5    13.8    20.1    19.1     1.0    14.5 R    36.5    13.2    20.9
92826 201212  2.413  -81.3183   25.8996    26.9    14.1    20.5    19.7   118.7    12.6 C    34.6    13.8    21.2
92826 201301  2.413  -81.3183   25.8996    27.8    15.0    21.4    20.3     2.4    13.5 C    36.5    14.7    22.1
92826 201302  2.413  -81.3183   25.8996    27.0    12.7    19.9    19.2    55.9    16.2 C    36.0    12.7    21.2
92826 201303  2.413  -81.3183   25.8996    25.5     9.6    17.5    17.1    14.9    20.2 C    35.8     9.7    19.9
92826 201304  2.413  -81.3183   25.8996    31.3    17.7    24.5    23.5   158.3    21.2 C    40.8    17.9    26.2
92826 201305  2.413  -81.3183   25.8996    31.0    18.3    24.7    24.0   227.9    22.0 C    40.2    18.6    26.9
92826 201306  2.413  -81.3183   25.8996    32.2    23.7    28.0    27.0   269.0    19.5 C    40.2    23.7    29.2
92826 201307  2.413  -81.3183   25.8996    32.0    24.0    28.0    27.1   308.9    18.4 C    39.9    24.0    29.1
92826 201308  2.413  -81.3183   25.8996    33.6    24.1    28.9    27.6   177.2    18.3 C    41.9    24.1    29.9
92826 201309  2.413  -81.3183   25.8996    32.6    23.6    28.1    26.9   201.4    15.6 C    40.3    23.6    28.6
92826 201310  2.413  -81.3183   25.8996    31.6    21.3    26.4    25.5     8.4    16.2 C    39.6    21.1    27.5
92826 201311  2.413  -81.3183   25.8996    29.0    18.2    23.6    22.8    43.6    12.6 C    35.4    18.2    24.3
92826 201312  2.413  -81.3183   25.8996    28.4    16.8    22.6    21.6     0.8    11.3 C    34.1    16.6    22.8
92826 201401  2.423  -81.3183   25.8996    24.1    11.3    17.7    17.3    45.8    11.4 C    32.5    11.2    19.0
92826 201402  2.423  -81.3183   25.8996    29.0    14.4    21.7    20.8     6.3    17.1 C    46.7    14.1    24.4
92826 201403  2.423  -81.3183   25.8996    28.4    13.2    20.8    20.3    59.5    19.9 C    47.1    13.4    24.6
92826 201404  2.423  -81.3183   25.8996    31.2    16.3    23.7    23.1    37.8    22.6 C    52.6    16.7    28.4
92826 201405  2.423  -81.3183   25.8996    33.0    18.3    25.7    24.9    81.9    22.4 C    52.8    19.0    30.3
92826 201406  2.423  -81.3183   25.8996    32.9    21.2    27.1    25.8   320.5    18.7 C    46.7    21.8    29.1
92826 201407  2.423  -81.3183   25.8996    33.5    23.7    28.6    27.7   162.0    19.8 C    45.8    24.0    30.6
92826 201408  2.423  -81.3183   25.8996    34.3    24.2    29.3    28.3   192.9    19.8 C    47.1    24.6    31.2
92826 201409  2.423  -81.3183   25.8996    32.6    23.4    28.0    26.3   281.2    14.6 C    41.5    23.5    28.0
92826 201410  2.423  -81.3183   25.8996    31.1    20.5    25.8    24.8    95.4    16.3 C    38.7    20.3    26.2
92826 201411  2.423  -81.3183   25.8996    26.7    14.3    20.5    19.6    51.4    12.9 C    33.5    14.0    20.7
92826 201412  2.423  -81.3183   25.8996    26.6    13.7    20.2    19.1     5.2    12.3 C    34.3    12.7    19.7
92826 201501  2.423  -81.3183   25.8996    26.5    13.2    19.9    18.8    13.2    12.9 C    33.9    12.5    20.0
92826 201502  2.423  -81.3183   25.8996    25.7    10.2    18.0    17.2    42.1    15.4 C    31.5     9.7    18.4
92826 201503  2.423  -81.3183   25.8996    30.9    16.4    23.6    22.6    14.2    19.2 C    37.5    16.0    24.2
92826 201504  2.423  -81.3183   25.8996    32.5    19.0    25.7    24.7   135.7    19.6 C    39.2    18.6    26.3
92826 201505  2.423  -81.3183   25.8996    33.6    19.5    26.6    25.2    62.9    21.7 C    40.9    19.1    27.3
92826 201506  2.423  -81.3183   25.8996    34.7    21.9    28.3    26.6   140.5    19.8 C    41.7    21.6    28.6
92826 201507  2.423  -81.3183   25.8996    34.3    22.8    28.6    27.3   141.8    18.5 C    44.0    22.6    29.2
92826 201508  2.423  -81.3183   25.8996    34.8    23.4    29.1    27.5   151.6    17.6 C    45.4    23.4    29.8
92826 201509  2.423  -81.3183   25.8996    33.2    24.0    28.6    27.3   170.9    15.8 C    40.5    23.8    28.6
92826 201510  2.423  -81.3183   25.8996    31.8    22.1    27.0    25.9    31.9    15.2 C    38.8    21.5    27.3
92826 201511  2.423  -81.3183   25.8996    31.1    20.7    25.9    24.5    56.3    13.3 C    37.8    20.1    25.5
92826 201512  2.423  -81.3183   25.8996    29.6    19.9    24.7    23.4    27.2    10.8 C    35.5    19.1    24.1
92826 201601  2.423  -81.3183   25.8996    23.4    13.5    18.4    17.7   203.7    10.3 C    28.7    12.7    18.5
92826 201602  2.423  -81.3183   25.8996    25.0    13.9    19.4    18.6    42.2    15.9 C    32.0    12.9    19.9
92826 201603  2.423  -81.3183   25.8996    29.5    17.7    23.6    22.6    25.5    18.4 C    36.2    17.1    24.1
92826 201604  2.423  -81.3183   25.8996    31.3    16.8    24.0    23.1    20.5    21.7 C    38.6    16.2    25.0
92826 201605  2.423  -81.3183   25.8996    32.7    19.5    26.1    25.2   198.8    22.4 C    39.7    18.9    27.3
92826 201606  2.423  -81.3183   25.8996    33.7    23.7    28.7    27.5   182.7    19.4 C    40.6    23.3    29.3
92826 201607  2.423  -81.3183   25.8996    35.4    24.5    29.9    28.3   243.1    19.9 C    44.2    24.0    30.7
92826 201608  2.423  -81.3183   25.8996    34.6    24.5    29.5    27.9   320.8    17.2 C    42.4    24.0    29.7
92826 201609  2.423  -81.3183   25.8996    34.0    24.5    29.2    27.6   253.6    17.1 C    42.7    24.0    29.5
92826 201610  2.423  -81.3183   25.8996    31.1    21.1    26.1    25.1    44.3    15.2 C    37.1    20.6    26.4
92826 201611  2.423  -81.3183   25.8996    29.1    15.5    22.3    21.1     0.0    14.6 C    36.3    14.8    22.6
92826 201612  2.423  -81.3183   25.8996    29.4    16.8    23.1    21.8     1.1    11.7 C    35.6    16.4    23.2
92826 201701  2.423  -81.3183   25.8996    26.8    12.7    19.8    18.9    57.3    12.9 C    32.6    12.3    20.1
92826 201702  2.423  -81.3183   25.8996    29.3    13.5    21.4    20.4    15.7    16.5 C    44.0    11.2    22.1
92826 201703  2.423  -81.3183   25.8996    29.2    13.2    21.2    20.2    42.1    19.8 C    47.6    11.1    22.8
92826 201704  2.423  -81.3183   25.8996    31.6    16.8    24.2    23.2    77.6    19.7 C    52.7    14.5    26.5
92826 201705  2.423  -81.3183   25.8996    33.6    19.0    26.3    25.6    73.5    23.9 C    54.2    17.9    29.8
92826 201706  2.423  -81.3183   25.8996    32.5    24.1    28.3    27.1   690.0    16.5 C    47.3    23.4    29.6
92826 201707  2.423  -81.3183   25.8996    33.8    24.6    29.2    28.0   264.0    17.1 C    48.0    24.0    30.2
