03061 200511  1.301 -108.5035   37.2553     8.0    -1.0     3.5     3.0 -9999.0    11.9 R    26.6    -5.5     2.7
03061 200512  1.301 -108.5035   37.2553     2.7    -5.3    -1.3    -1.6    13.4     9.9 R    17.5   -10.4    -3.4
03061 200601  1.301 -108.5035   37.2553     3.0    -5.3    -1.1    -1.5    30.2    11.2 R    13.6   -10.9    -4.3
03061 200602  1.301 -108.5035   37.2553     5.3    -4.8     0.2    -0.1     5.3    15.0 R    21.3    -9.0    -0.5
03061 200603  1.301 -108.5035   37.2553     5.2    -3.0     1.1     0.7    84.6    16.0 R    18.3    -7.6    -0.1
03061 200604  1.301 -108.5035   37.2553    14.6     2.3     8.5     8.2    26.3    23.4 R    40.5    -1.7    10.8
03061 200605  1.301 -108.5035   37.2553    20.6     8.5    14.6    14.2     9.1    26.4 R    50.1     3.3    18.0
03061 200606  1.301 -108.5035   37.2553    26.5    13.6    20.0    19.7    15.1    28.4 R    57.8     9.2    24.0
03061 200607  1.301 -108.5035   37.2553    27.5    14.9    21.2    20.1    43.0    23.6 R    54.0    12.4    24.1
03061 200608  1.301 -108.5035   37.2553    24.9    12.7    18.8    17.9    36.2    21.7 R    46.6    10.3    21.5
03061 200609  1.301 -108.5035   37.2553    18.4     6.8    12.6    11.8    58.2    19.7 R    36.0     3.5    13.8
03061 200610  1.301 -108.5035   37.2553    12.2     3.1     7.6     7.0    90.7    14.7 R    23.4     0.0     7.5
03061 200611  1.301 -108.5035   37.2553     8.2    -0.9     3.6     3.2    22.5    12.1 R    19.1    -5.2     2.4
03061 200612  1.301 -108.5035   37.2553     2.0    -5.2    -1.6    -1.9    39.2     9.6 R     1.1   -10.2    -5.2
03061 200701  1.301 -108.5035   37.2553     0.2    -7.4    -3.6    -3.7    44.3    11.3 R    -0.9   -14.4    -7.9
03061 200702  1.301 -108.5035   37.2553     3.0    -4.4    -0.7    -1.0 -9999.0    13.9 R     1.3    -9.1    -4.0
03061 200703  1.301 -108.5035   37.2553    10.0    -0.1     4.9     4.4    25.2    18.8 R    20.2    -3.4     4.3
03061 200704  1.301 -108.5035   37.2553    13.2     1.8     7.5     7.0    40.7    21.7 R    30.7    -0.9     9.3
03061 200705  1.301 -108.5035   37.2553    17.3     5.9    11.6    11.1    64.0    24.4 R    31.7     4.1    13.3
03061 200706  1.302 -108.5035   37.2553    25.4    13.2    19.3    19.1     1.5    29.0 R    47.4     9.2    22.9
03061 200707  1.302 -108.5035   37.2553    27.9    14.9    21.4    20.3    81.0    23.6 R    46.5    12.2    22.8
03061 200708  1.302 -108.5035   37.2553    25.7    14.7    20.2    19.5   106.2    21.9 R    40.9    12.4    21.5
03061 200709  1.302 -108.5035   37.2553    21.3    10.2    15.8    15.0    52.3    18.6 R    36.2     7.1    16.7
03061 200710  1.302 -108.5035   37.2553    15.1     3.7     9.4     8.9    16.0    15.8 R    27.4     0.2     9.5
03061 200711  1.302 -108.5035   37.2553    10.6     1.1     5.8     5.3    38.5    12.5 R    20.0    -4.0     4.4
03061 200712  1.302 -108.5035   37.2553    -1.5    -8.4    -4.9    -5.0    97.5     8.2 R    -0.3   -12.8    -7.1
03061 200801  1.302 -108.5035   37.2553    -3.5    -9.8    -6.7    -6.6   118.1    10.5 R     2.3   -12.1    -5.4
03061 200802  1.302 -108.5035   37.2553     0.2    -5.6    -2.7    -2.8    83.7    13.8 R     4.7    -7.8    -1.6
03061 200803  1.302 -108.5035   37.2553     5.6    -3.0     1.3     1.0    15.9    20.2 R     6.3    -7.5    -1.5
03061 200804  1.302 -108.5035   37.2553    11.8    -0.3     5.8     5.6    27.8    24.6 R    28.5    -3.7     7.8
03061 200805  1.302 -108.5035   37.2553    16.2     4.0    10.1    10.0    26.8    25.5 R    34.1     1.2    12.7
03061 200806  1.302 -108.5035   37.2553    23.1    11.6    17.4    17.3     6.7    29.4 R    36.0     9.3    20.0
03061 200807  1.302 -108.5035   37.2553    26.5    14.0    20.3    19.4    37.7    25.1 R    34.2    13.3    21.7
03061 200808  1.302 -108.5035   37.2553    26.2    14.1    20.2    19.4    22.3    24.6 R    44.6    12.0    22.9
03061 200809  1.302 -108.5035   37.2553    22.0    10.5    16.2    15.6    11.9    21.2 R    37.9     7.7    17.7
03061 200810  1.302 -108.5035   37.2553    15.7     4.8    10.2     9.7    18.1    17.2 R    28.0     1.6    10.7
03061 200811  1.302 -108.5035   37.2553     8.6    -0.2     4.2     3.8    51.9    11.6 R    14.9    -3.8     2.9
03061 200812  1.302 -108.5035   37.2553     0.4    -6.6    -3.1    -3.3   115.0     8.4 R     1.4   -10.3    -4.9
03061 200901  1.302 -108.5035   37.2553     1.8    -4.7    -1.5    -1.6    31.7    11.6 R     1.4    -9.4    -4.5
03061 200902  1.302 -108.5035   37.2553     3.3    -4.0    -0.3    -0.5    37.2    15.0 R     3.4    -8.5    -3.1
03061 200903  1.302 -108.5035   37.2553     8.7    -2.2     3.2     2.9    23.4    19.4 R    22.3    -4.8     4.3
03061 200904  1.302 -108.5035   37.2553    11.5    -0.3     5.6     5.4    57.8    22.8 R    24.7    -2.8     7.1
03061 200905  1.302 -108.5035   37.2553    19.5     8.7    14.1    13.5    32.3    26.1 R    33.9     6.2    16.0
03061 200906  1.302 -108.5035   37.2553    21.2    10.1    15.7    15.1    38.5    25.1 R    36.3     8.2    17.5
03061 200907  1.302 -108.5035   37.2553    28.3    15.0    21.6    21.1    15.2    26.9 R    46.7    12.8    24.3
03061 200908  1.302 -108.5035   37.2553    26.7    14.1    20.4    19.8    43.3    24.8 R    43.8    10.8    22.3
03061 200909  1.302 -108.5035   37.2553    21.6     9.3    15.5    14.4    21.3    19.0 R    37.3     6.8    16.1
03061 200910  1.302 -108.5035   37.2553    12.0     1.4     6.7     6.2    22.1    15.3 R    23.9    -1.3     7.2
03061 200911  1.302 -108.5035   37.2553     9.1     0.1     4.6     4.0    24.7    12.4 R    15.3    -4.8     1.7
03061 200912  1.302 -108.5035   37.2553    -2.2    -8.8    -5.5    -5.6    89.0     9.3 R     0.5   -13.6    -7.9
03061 201001  1.302 -108.5035   37.2553    -0.1    -6.0    -3.1    -3.3    94.6    10.5 R     1.6   -11.7    -6.1
03061 201002  1.302 -108.5035   37.2553    -0.9    -6.6    -3.7    -3.8    65.5    13.8 R     1.2   -12.1    -6.0
03061 201003  1.302 -108.5035   37.2553     4.1    -3.8     0.1     0.2    50.1    19.4 R     3.6    -8.8    -3.2
03061 201004  2.402 -108.5035   37.2553    11.7     0.0     5.9     5.5    37.7    22.5 R    21.3    -2.6     5.9
03061 201005  2.402 -108.5035   37.2553    16.8     3.7    10.2    10.2     4.4    28.4 R    33.6     1.6    13.5
03061 201006  2.402 -108.5035   37.2553    23.9    12.5    18.2    18.0     2.8    29.4 R    41.2     9.7    21.3
03061 201007  2.402 -108.5035   37.2553    26.4    14.2    20.3    19.5    69.5    25.7 R    42.3    12.7    22.4
03061 201008  2.402 -108.5035   37.2553    24.0    12.7    18.4    17.7    55.4    22.9 R    36.5    11.2    19.5
03061 201009  2.402 -108.5035   37.2553    23.3    12.4    17.8    17.3    35.2    21.9 R    36.2     9.1    18.8
03061 201010  2.402 -108.5035   37.2553    15.0     5.0    10.0     9.3    47.4    15.6 R    23.8     2.9    10.2
03061 201011  2.402 -108.5035   37.2553     5.0    -4.0     0.5     0.2    38.0    11.7 R     9.7    -6.4    -0.2
03061 201012  2.402 -108.5035   37.2553     3.4    -2.7     0.4     0.1   115.5     7.6 R     4.4    -4.6    -1.0
03061 201101  2.402 -108.5035   37.2553    -0.2    -7.8    -4.0    -4.1     9.5    12.1 R     1.3   -11.5    -5.9
03061 201102  2.402 -108.5035   37.2553     0.5    -7.7    -3.6    -3.8    31.0    13.9 R     1.5   -11.5    -5.5
03061 201103  2.402 -108.5035   37.2553     8.4    -1.2     3.6     3.3    30.6    18.2 R    14.9    -3.4     3.3
03061 201104  2.402 -108.5035   37.2553    11.9    -0.8     5.5     5.4    42.7    21.4 R    26.1    -1.9     7.9
03061 201105  2.402 -108.5035   37.2553    15.5     3.8     9.7     9.3    47.8    25.1 R    29.6     1.7    11.8
03061 201106  2.402 -108.5035   37.2553    24.0    11.9    18.0    17.9     1.0    29.2 R    39.4     8.9    20.7
03061 201107  2.402 -108.5035   37.2553    28.0    14.5    21.2    20.4    46.9    24.3 R    44.4    12.8    23.3
03061 201108  2.402 -108.5035   37.2553    27.9    14.8    21.3    20.5    32.7    22.6 R    42.8    13.0    23.0
03061 201109  2.402 -108.5035   37.2553    21.4    10.4    15.9    15.1    55.2    19.3 R    33.0     8.4    16.9
03061 201110  2.402 -108.5035   37.2553    14.0     4.6     9.3     8.6    60.2    14.7 R    23.3     2.4     9.5
03061 201111  2.402 -108.5035   37.2553     6.1    -2.4     1.8     1.3    30.3    10.5 R    11.2    -4.6     0.8
03061 201112  2.402 -108.5035   37.2553     1.2    -6.1    -2.5    -2.8    26.8     8.9 R     3.1    -9.5    -4.1
03061 201201  2.402 -108.5035   37.2553     3.6    -4.5    -0.4    -0.8    35.4    11.1 R     5.9    -7.6    -2.1
03061 201202  2.402 -108.5035   37.2553     1.6    -6.2    -2.3    -2.6    63.0    12.7 R     3.1    -9.1    -3.6
03061 201203  2.402 -108.5035   37.2553     9.5    -0.6     4.4     4.1    24.5    19.0 R    14.4    -3.5     3.8
03061 201204  2.412 -108.5035   37.2553    15.5     3.0     9.3     8.8    14.3    22.3 R    31.1     0.8    11.3
03061 201205  2.412 -108.5035   37.2553    20.7     7.3    14.0    13.6     2.0    27.7 C    38.8     4.2    17.8
03061 201206  2.412 -108.5035   37.2553    28.0    14.4    21.2    21.0     0.8    30.5 C    46.0    11.0    25.7
03061 201207  2.412 -108.5035   37.2553    27.8    14.0    20.9    19.7    55.0    22.9 C    42.7    12.8    22.9
03061 201208  2.412 -108.5035   37.2553    27.9    15.0    21.5    20.4     8.5    22.2 C    42.5    13.2    23.6
03061 201209  2.412 -108.5035   37.2553    22.6    11.0    16.8    16.0    26.1    20.8 C    35.7     8.6    18.4
03061 201210  2.412 -108.5035   37.2553    16.0     5.2    10.6    10.1     9.3    17.5 C    26.7     2.6    11.7
03061 201211  2.412 -108.5035   37.2553    10.6     1.6     6.1     5.2    17.5    12.7 C    18.2    -2.4     4.7
03061 201212  2.412 -108.5035   37.2553     0.6    -6.4    -2.9    -3.2    72.6     8.6 C     4.4    -9.1    -3.7
03061 201301  2.412 -108.5035   37.2553    -1.4    -8.4    -4.9    -5.1    70.7    10.9 C     0.9   -12.6    -6.9
03061 201302  2.412 -108.5035   37.2553     0.0    -7.7    -3.8    -4.1    42.9    15.0 C     3.0   -10.7    -4.9
03061 201303  2.412 -108.5035   37.2553     8.4    -0.8     3.8     3.5    15.7    19.4 C    15.0    -3.4     4.0
03061 201304  2.412 -108.5035   37.2553    12.6     0.9     6.7     6.5    28.1    23.0 C    24.5    -1.1     9.1
03061 201305  2.412 -108.5035   37.2553    17.8     5.8    11.8    11.5    17.3    25.7 C    31.2     3.9    14.6
03061 201306  2.422 -108.5035   37.2553    27.2    14.2    20.7    20.5     1.1    29.8 C    44.5    10.6    24.2
03061 201307  2.422 -108.5035   37.2553    28.4    14.2    21.3    20.2    32.1    24.8 C    51.4    10.8    24.6
03061 201308  2.422 -108.5035   37.2553    25.3    13.5    19.4    18.5    78.6    20.6 C    44.8     9.6    20.8
03061 201309  2.422 -108.5035   37.2553    20.8    10.1    15.5    14.7    63.2    19.5 C    37.1     6.1    16.5
03061 201310  2.422 -108.5035   37.2553    12.3     1.9     7.1     6.4    34.6    16.0 C    26.0    -3.0     6.9
03061 201311  2.422 -108.5035   37.2553     6.6    -1.0     2.8     2.3    51.1    11.0 C    14.1    -7.0     0.6
03061 201312  2.422 -108.5035   37.2553     0.9    -7.2    -3.2    -3.4    16.3    10.5 C    -0.2   -14.5    -7.7
03061 201401  2.422 -108.5035   37.2553     3.9    -4.5    -0.3    -0.7     5.4    11.9 C     8.9    -9.0    -3.0
03061 201402  2.422 -108.5035   37.2553     5.3    -3.1     1.1     0.7    26.1    13.7 C    10.6    -8.3    -0.9
03061 201403  2.422 -108.5035   37.2553     9.2    -1.6     3.8     3.2    27.6    18.7 C    26.9    -6.8     4.6
03061 201404  2.422 -108.5035   37.2553    12.1     0.8     6.4     6.0    45.3    22.2 C    30.5    -3.7     7.9
03061 201405  2.422 -108.5035   37.2553    17.8     5.9    11.9    11.5    21.8    25.2 C    39.7     0.9    14.8
03061 201406  2.422 -108.5035   37.2553    25.6    13.2    19.4    19.2     0.0    30.2 C    34.8    10.4    21.5
03061 201407  2.422 -108.5035   37.2553    28.4    14.7    21.5    20.6    48.9    25.1 C    42.5    12.7    23.9
03061 201408  2.422 -108.5035   37.2553    24.2    12.8    18.5    17.6    65.9    21.9 C    41.1     9.7    19.9
03061 201409  2.422 -108.5035   37.2553    21.9    11.2    16.6    16.0    87.2    19.2 C    35.9     7.3    17.1
03061 201410  2.422 -108.5035   37.2553    16.2     6.3    11.3    10.6     4.3    16.1 C    29.2     1.7    10.9
03061 201411  2.422 -108.5035   37.2553     8.0    -0.8     3.6     3.0    24.6    11.9 C    15.5    -5.6     1.5
03061 201412  2.422 -108.5035   37.2553     2.0    -4.7    -1.4    -1.6    31.9     8.2 C     5.0    -9.2    -3.5
03061 201501  2.422 -108.5035   37.2553     3.3    -3.7    -0.2    -0.4    60.6    10.3 C     1.5    -9.8    -4.0
03061 201502  2.422 -108.5035   37.2553     6.6    -1.8     2.4     1.9    67.4    13.8 C    11.4    -6.8    -0.1
03061 201503  2.422 -108.5035   37.2553    11.3     1.6     6.4     6.0    14.1    19.9 C    21.2    -4.3     5.3
03061 201504  2.422 -108.5035   37.2553    13.3     1.4     7.3     6.7    36.1    23.7 C    32.5    -2.7     9.6
03061 201505  2.422 -108.5035   37.2553    14.8     4.4     9.6     9.0    86.5    22.1 C    27.2     2.1    10.7
03061 201506  2.422 -108.5035   37.2553    24.0    12.9    18.5    18.2    55.9    27.1 C    38.6     8.5    19.6
03061 201507  2.422 -108.5035   37.2553    24.5    12.7    18.6    17.8    60.3    23.1 C    40.0    10.1    20.0
03061 201508  2.422 -108.5035   37.2553    26.1    13.8    19.9    19.2    36.5    22.0 C    43.0    10.3    21.3
03061 201509  2.422 -108.5035   37.2553    23.8    12.2    18.0    17.3     9.5    18.8 C    40.2     6.7    18.7
03061 201510  2.422 -108.5035   37.2553    16.3     6.6    11.4    10.5    57.5    13.9 C    26.8     2.9    10.8
03061 201511  2.422 -108.5035   37.2553     5.9    -2.7     1.6     1.1    71.9    11.7 C     7.5    -7.6    -1.6
03061 201512  2.422 -108.5035   37.2553     0.3    -6.5    -3.1    -3.3    76.0     8.1 C    -0.5   -13.6    -7.1
03061 201601  2.422 -108.5035   37.2553    -0.4    -6.4    -3.4    -3.5    73.2    10.4 C    -2.2   -15.0    -8.4
03061 201602  2.422 -108.5035   37.2553     4.8    -2.9     1.0     0.8    20.5    15.3 C     1.4   -10.3    -4.6
03061 201603  2.422 -108.5035   37.2553     9.6    -1.0     4.3     3.9    16.1    18.0 C    25.0    -5.7     4.9
03061 201604  2.422 -108.5035   37.2553    12.5     1.2     6.8     6.1    35.6    18.7 C    29.1    -2.5     7.7
03061 201605  2.422 -108.5035   37.2553    16.6     5.2    10.9    10.5    48.8    24.4 C    31.4     1.0    12.1
03061 201606  2.422 -108.5035   37.2553    26.9    14.6    20.7    20.3     1.9    28.0 C    45.4     8.8    22.7
03061 201607  2.422 -108.5035   37.2553    28.3    15.2    21.8    21.2    28.6    26.8 C    45.9    10.8    24.3
03061 201608  2.422 -108.5035   37.2553    24.2    11.8    18.0    16.9    57.1    19.9 C    39.8     8.9    18.9
03061 201609  2.422 -108.5035   37.2553    21.5     9.9    15.7    14.9    24.3    18.0 C    36.4     5.5    16.4
03061 201610  2.422 -108.5035   37.2553    17.5     7.0    12.3    11.6     4.0    15.2 C    31.0     0.4    11.3
03061 201611  2.422 -108.5035   37.2553     9.0     0.4     4.7     4.0    81.4    10.5 C    14.2    -4.5     2.5
03061 201612  2.422 -108.5035   37.2553     2.3    -5.0    -1.3    -1.6    86.4     8.3 C     0.8   -13.3    -6.0
03061 201701  2.422 -108.5035   37.2553    -0.7    -6.0    -3.4    -3.3   127.0     7.1 C    -1.6   -11.7    -5.9
03061 201702  2.422 -108.5035   37.2553     4.6    -1.9     1.4     1.1    59.4    11.5 C     1.3    -7.6    -3.0
03061 201703  2.422 -108.5035   37.2553    11.3     1.4     6.3     5.7    34.1    18.0 C    16.0    -5.5     2.9
03061 201704  2.422 -108.5035   37.2553    12.5     1.4     6.9     6.5    39.7    21.5 C    26.5    -2.8     8.1
03061 201705  2.422 -108.5035   37.2553    17.0     5.2    11.1    10.9    38.7    24.6 C    30.6     1.7    12.5
03061 201706  2.422 -108.5035   37.2553    26.3    14.1    20.2    20.1     0.0    29.9 C    43.4     8.1    22.5
03061 201707  2.422 -108.5035   37.2553    27.0    14.6    20.8    19.7    42.3    22.5 C    42.2    11.2    21.8
