53162 201002  6.101 -111.5326   32.9918 -9999.0 -9999.0 -9999.0 -9999.0 -9999.0 -9999.0 U -9999.0 -9999.0 -9999.0
53162 201003  6.101 -111.5326   32.9918    22.2     5.5    13.8    14.3    17.9 -9999.0 U -9999.0 -9999.0 -9999.0
53162 201004  6.101 -111.5326   32.9918    27.3     8.3    17.8    18.8     0.3 -9999.0 U -9999.0 -9999.0 -9999.0
53162 201005  6.101 -111.5326   32.9918    32.4    11.8    22.1    23.5     0.0 -9999.0 U -9999.0 -9999.0 -9999.0
53162 201006  6.101 -111.5326   32.9918    39.3    19.2    29.3    30.6     0.0 -9999.0 U -9999.0 -9999.0 -9999.0
53162 201007  6.101 -111.5326   32.9918    40.0    27.0    33.5    33.3    22.5 -9999.0 U -9999.0 -9999.0 -9999.0
53162 201008  6.101 -111.5326   32.9918    38.9    25.3    32.1    32.1    17.7 -9999.0 U -9999.0 -9999.0 -9999.0
53162 201009  6.101 -111.5326   32.9918    38.7    20.7    29.7    30.0     0.0 -9999.0 U -9999.0 -9999.0 -9999.0
53162 201010  6.101 -111.5326   32.9918    30.5    14.0    22.2    22.1    27.6 -9999.0 U -9999.0 -9999.0 -9999.0
53162 201011  6.101 -111.5326   32.9918    23.1     4.0    13.6    13.9     0.0 -9999.0 U -9999.0 -9999.0 -9999.0
53162 201012  6.101 -111.5326   32.9918    20.8     3.9    12.3    11.8    32.1 -9999.0 U -9999.0 -9999.0 -9999.0
53162 201101  6.101 -111.5326   32.9918    19.0     0.1     9.6     9.2     0.0 -9999.0 U -9999.0 -9999.0 -9999.0
53162 201102  6.101 -111.5326   32.9918    18.7     0.4     9.6     9.8    14.2 -9999.0 U -9999.0 -9999.0 -9999.0
53162 201103  6.101 -111.5326   32.9918    26.5     6.5    16.5    17.0     3.8 -9999.0 U -9999.0 -9999.0 -9999.0
53162 201104  6.101 -111.5326   32.9918    29.4    11.1    20.2    20.9    17.9 -9999.0 U -9999.0 -9999.0 -9999.0
53162 201105  6.101 -111.5326   32.9918    32.4    12.6    22.5    23.8     0.0 -9999.0 U -9999.0 -9999.0 -9999.0
53162 201106  6.101 -111.5326   32.9918    39.7    18.5    29.1    30.4     0.0 -9999.0 U -9999.0 -9999.0 -9999.0
53162 201107  6.101 -111.5326   32.9918    40.3    25.2    32.7    32.7    17.1 -9999.0 U -9999.0 -9999.0 -9999.0
53162 201108  6.101 -111.5326   32.9918    40.9    26.5    33.7    33.7     6.9 -9999.0 U -9999.0 -9999.0 -9999.0
53162 201109  6.101 -111.5326   32.9918    38.0    21.3    29.6    29.7     8.3 -9999.0 U -9999.0 -9999.0 -9999.0
53162 201110  6.101 -111.5326   32.9918    32.0    12.8    22.4    22.6     2.0 -9999.0 U -9999.0 -9999.0 -9999.0
53162 201111  6.101 -111.5326   32.9918    22.5     5.5    14.0    14.2    13.1 -9999.0 U -9999.0 -9999.0 -9999.0
53162 201112  6.101 -111.5326   32.9918    15.8     1.6     8.7     8.5    46.7 -9999.0 U -9999.0 -9999.0 -9999.0
53162 201201  6.101 -111.5326   32.9918    20.4     2.7    11.5    11.3    16.0 -9999.0 U -9999.0 -9999.0 -9999.0
53162 201202  6.101 -111.5326   32.9918    20.8     3.1    12.0    12.2     9.4 -9999.0 U -9999.0 -9999.0 -9999.0
53162 201203  6.101 -111.5326   32.9918    24.7     4.7    14.7    15.2    24.3 -9999.0 U -9999.0 -9999.0 -9999.0
53162 201204  6.101 -111.5326   32.9918    30.0    10.1    20.1    21.1     2.5 -9999.0 U -9999.0 -9999.0 -9999.0
53162 201205  6.101 -111.5326   32.9918    35.9    14.6    25.3    26.7     1.5 -9999.0 U -9999.0 -9999.0 -9999.0
53162 201206  6.101 -111.5326   32.9918    40.6    20.7    30.7    32.0     0.8 -9999.0 U -9999.0 -9999.0 -9999.0
53162 201207  6.101 -111.5326   32.9918    38.3    24.8    31.5    31.4    56.7 -9999.0 U -9999.0 -9999.0 -9999.0
53162 201208  6.101 -111.5326   32.9918    39.3    25.4    32.4    32.5    83.8 -9999.0 U -9999.0 -9999.0 -9999.0
53162 201209  6.101 -111.5326   32.9918    35.9    20.9    28.4    28.3    14.5 -9999.0 U -9999.0 -9999.0 -9999.0
53162 201210  6.101 -111.5326   32.9918    32.0    12.0    22.0    22.5     0.0 -9999.0 U -9999.0 -9999.0 -9999.0
53162 201211  6.101 -111.5326   32.9918    26.5     5.8    16.2    16.2     4.6 -9999.0 U -9999.0 -9999.0 -9999.0
53162 201212  6.101 -111.5326   32.9918    18.2     2.5    10.4    10.2    33.7 -9999.0 U -9999.0 -9999.0 -9999.0
53162 201301  6.101 -111.5326   32.9918    17.1     0.2     8.7     8.6    31.4 -9999.0 U -9999.0 -9999.0 -9999.0
53162 201302  6.101 -111.5326   32.9918    18.3     1.6     9.9    10.1    13.7 -9999.0 U -9999.0 -9999.0 -9999.0
53162 201303  6.101 -111.5326   32.9918    26.2     6.7    16.5    16.9    30.3 -9999.0 U -9999.0 -9999.0 -9999.0
53162 201304  6.101 -111.5326   32.9918    30.0     9.4    19.7    21.0     5.2 -9999.0 U -9999.0 -9999.0 -9999.0
53162 201305  6.101 -111.5326   32.9918    34.7    15.5    25.1    26.5     0.0 -9999.0 U -9999.0 -9999.0 -9999.0
53162 201306  6.101 -111.5326   32.9918    41.3    20.0    30.6    32.2     0.0 -9999.0 U -9999.0 -9999.0 -9999.0
53162 201307  6.101 -111.5326   32.9918    39.1    26.1    32.6    32.4    80.2 -9999.0 U -9999.0 -9999.0 -9999.0
53162 201308  6.101 -111.5326   32.9918    38.4    24.1    31.3    31.3    25.1 -9999.0 U -9999.0 -9999.0 -9999.0
53162 201309  6.101 -111.5326   32.9918    36.1    20.2    28.1    28.6    15.2 -9999.0 U -9999.0 -9999.0 -9999.0
53162 201310  6.101 -111.5326   32.9918    29.6     8.8    19.2    19.9     2.4 -9999.0 U -9999.0 -9999.0 -9999.0
53162 201311  6.101 -111.5326   32.9918    24.1     8.1    16.1    16.2    42.4 -9999.0 U -9999.0 -9999.0 -9999.0
53162 201312  6.101 -111.5326   32.9918    18.5     2.0    10.3    10.1     5.8 -9999.0 U -9999.0 -9999.0 -9999.0
53162 201401  6.101 -111.5326   32.9918    21.7     1.1    11.4    11.1     0.0 -9999.0 U -9999.0 -9999.0 -9999.0
53162 201402  6.101 -111.5326   32.9918    23.5     4.3    13.9    14.2     0.0 -9999.0 U -9999.0 -9999.0 -9999.0
53162 201403  6.101 -111.5326   32.9918    26.0     7.5    16.7    17.4    30.7 -9999.0 U -9999.0 -9999.0 -9999.0
53162 201404  6.101 -111.5326   32.9918    29.6    10.0    19.8    21.0     0.0 -9999.0 U -9999.0 -9999.0 -9999.0
53162 201405  6.101 -111.5326   32.9918    34.3    14.7    24.5    25.9     0.0 -9999.0 U -9999.0 -9999.0 -9999.0
53162 201406  6.101 -111.5326   32.9918 -9999.0 -9999.0 -9999.0 -9999.0 -9999.0 -9999.0 U -9999.0 -9999.0 -9999.0
