53168 201009  6.101 -112.8013   31.9497 -9999.0 -9999.0 -9999.0 -9999.0 -9999.0 -9999.0 U -9999.0 -9999.0 -9999.0
53168 201010  6.101 -112.8013   31.9497    30.0    13.8    21.9    22.4     7.5 -9999.0 U -9999.0 -9999.0 -9999.0
53168 201011  6.101 -112.8013   31.9497    23.1     6.5    14.8    15.4     0.0 -9999.0 U -9999.0 -9999.0 -9999.0
53168 201012  6.101 -112.8013   31.9497    21.7     5.4    13.5    14.0     6.9 -9999.0 U -9999.0 -9999.0 -9999.0
53168 201101  6.101 -112.8013   31.9497    20.2     4.5    12.4    12.7     0.0 -9999.0 U -9999.0 -9999.0 -9999.0
53168 201102  6.101 -112.8013   31.9497    18.9     2.8    10.8    11.4    23.4 -9999.0 U -9999.0 -9999.0 -9999.0
53168 201103  6.101 -112.8013   31.9497    26.0     8.4    17.2    18.1     1.9 -9999.0 U -9999.0 -9999.0 -9999.0
53168 201104  6.101 -112.8013   31.9497    28.4    11.8    20.1    21.1    10.1 -9999.0 U -9999.0 -9999.0 -9999.0
53168 201105  6.101 -112.8013   31.9497    30.9    12.7    21.8    23.1     0.2 -9999.0 U -9999.0 -9999.0 -9999.0
53168 201106  6.101 -112.8013   31.9497    37.3    17.8    27.6    29.1     0.0 -9999.0 U -9999.0 -9999.0 -9999.0
53168 201107  6.101 -112.8013   31.9497    38.4    24.0    31.2    31.3    38.1 -9999.0 U -9999.0 -9999.0 -9999.0
53168 201108  6.101 -112.8013   31.9497    40.0    25.1    32.5    32.7    10.8 -9999.0 U -9999.0 -9999.0 -9999.0
53168 201109  6.101 -112.8013   31.9497    37.5    21.0    29.2    29.5    21.6 -9999.0 U -9999.0 -9999.0 -9999.0
53168 201110  6.101 -112.8013   31.9497    32.0    14.5    23.2    24.1     0.0 -9999.0 U -9999.0 -9999.0 -9999.0
53168 201111  6.101 -112.8013   31.9497    21.7     7.8    14.8    15.0    67.5 -9999.0 U -9999.0 -9999.0 -9999.0
53168 201112  6.101 -112.8013   31.9497    16.1     2.0     9.0     9.1    40.9 -9999.0 U -9999.0 -9999.0 -9999.0
53168 201201  6.101 -112.8013   31.9497    21.2     4.3    12.8    12.9     1.9 -9999.0 U -9999.0 -9999.0 -9999.0
53168 201202  6.101 -112.8013   31.9497    20.7     3.5    12.1    12.8    14.3 -9999.0 U -9999.0 -9999.0 -9999.0
53168 201203  6.101 -112.8013   31.9497    24.5     5.5    15.0    15.9    13.3 -9999.0 U -9999.0 -9999.0 -9999.0
53168 201204  6.101 -112.8013   31.9497    29.2    10.3    19.8    21.0     0.0 -9999.0 U -9999.0 -9999.0 -9999.0
53168 201205  6.101 -112.8013   31.9497    34.4    14.0    24.2    25.8     0.0 -9999.0 U -9999.0 -9999.0 -9999.0
53168 201206  6.101 -112.8013   31.9497    38.4    19.1    28.8    30.3     0.0 -9999.0 U -9999.0 -9999.0 -9999.0
53168 201207  6.101 -112.8013   31.9497    37.4    23.9    30.7    30.8    16.9 -9999.0 U -9999.0 -9999.0 -9999.0
53168 201208  6.101 -112.8013   31.9497    38.0    24.2    31.1    31.0    51.8 -9999.0 U -9999.0 -9999.0 -9999.0
53168 201209  6.101 -112.8013   31.9497    34.5    20.4    27.5    27.3    61.6 -9999.0 U -9999.0 -9999.0 -9999.0
53168 201210  6.101 -112.8013   31.9497    31.2    13.9    22.6    22.9     0.0 -9999.0 U -9999.0 -9999.0 -9999.0
53168 201211  6.101 -112.8013   31.9497    26.7     8.6    17.6    18.2     4.5 -9999.0 U -9999.0 -9999.0 -9999.0
53168 201212  6.101 -112.8013   31.9497    19.0     3.7    11.3    11.5    19.8 -9999.0 U -9999.0 -9999.0 -9999.0
53168 201301  6.101 -112.8013   31.9497    17.6     3.2    10.4    10.6    31.1 -9999.0 U -9999.0 -9999.0 -9999.0
53168 201302  6.101 -112.8013   31.9497    18.9     3.5    11.2    11.6    10.5 -9999.0 U -9999.0 -9999.0 -9999.0
53168 201303  6.101 -112.8013   31.9497    27.1     8.0    17.5    18.6     9.6 -9999.0 U -9999.0 -9999.0 -9999.0
53168 201304  6.101 -112.8013   31.9497    29.0    10.5    19.7    21.0     0.0 -9999.0 U -9999.0 -9999.0 -9999.0
53168 201305  6.101 -112.8013   31.9497    33.1    14.8    23.9    25.2     0.0 -9999.0 U -9999.0 -9999.0 -9999.0
53168 201306  6.101 -112.8013   31.9497    39.0    19.0    29.0    30.5     0.0 -9999.0 U -9999.0 -9999.0 -9999.0
53168 201307  6.101 -112.8013   31.9497    37.6    24.9    31.3    31.3   131.2 -9999.0 U -9999.0 -9999.0 -9999.0
53168 201308  6.101 -112.8013   31.9497    37.4    22.6    30.0    30.0    74.7 -9999.0 U -9999.0 -9999.0 -9999.0
53168 201309  6.101 -112.8013   31.9497    34.8    19.3    27.0    27.3    31.4 -9999.0 U -9999.0 -9999.0 -9999.0
53168 201310  6.101 -112.8013   31.9497    29.1    10.1    19.6    20.4     0.0 -9999.0 U -9999.0 -9999.0 -9999.0
53168 201311  6.101 -112.8013   31.9497    24.1     8.4    16.3    16.5    82.0 -9999.0 U -9999.0 -9999.0 -9999.0
53168 201312  6.101 -112.8013   31.9497    18.5     4.5    11.5    11.5     7.0 -9999.0 U -9999.0 -9999.0 -9999.0
53168 201401  6.101 -112.8013   31.9497    22.6     4.8    13.7    14.0     0.0 -9999.0 U -9999.0 -9999.0 -9999.0
53168 201402  6.101 -112.8013   31.9497    24.3     5.2    14.8    15.5     0.0 -9999.0 U -9999.0 -9999.0 -9999.0
53168 201403  6.101 -112.8013   31.9497    26.0     8.0    17.0    18.1    20.3 -9999.0 U -9999.0 -9999.0 -9999.0
53168 201404  6.101 -112.8013   31.9497    29.2    10.3    19.7    21.0     0.0 -9999.0 U -9999.0 -9999.0 -9999.0
53168 201405  6.101 -112.8013   31.9497    33.3    14.4    23.9    25.3     0.0 -9999.0 U -9999.0 -9999.0 -9999.0
53168 201406  6.101 -112.8013   31.9497 -9999.0 -9999.0 -9999.0 -9999.0 -9999.0 -9999.0 U -9999.0 -9999.0 -9999.0
