63826 200207  1.001  -81.3279   33.3550 -9999.0 -9999.0 -9999.0 -9999.0 -9999.0 -9999.0 U -9999.0 -9999.0 -9999.0
63826 200208  1.001  -81.3279   33.3550    32.3    20.4    26.3    25.6   109.4    20.8 R -9999.0 -9999.0    30.5
63826 200209  1.001  -81.3279   33.3550    29.3    20.1    24.7    24.2   102.9    15.8 R -9999.0 -9999.0    25.8
63826 200210  1.001  -81.3279   33.3550    24.1    15.0    19.6    19.2    62.5    11.9 R -9999.0 -9999.0    20.6
63826 200211  1.001  -81.3279   33.3550    17.8     5.1    11.4    11.2    77.8    10.9 R -9999.0 -9999.0    12.2
63826 200212  1.001  -81.3279   33.3550    13.2     1.3     7.2     7.0    98.9     9.3 R -9999.0 -9999.0     6.9
63826 200301  1.001  -81.3279   33.3550    11.6    -0.7     5.5     5.5    30.7    11.4 R -9999.0 -9999.0     5.4
63826 200302  1.001  -81.3279   33.3550    14.6     3.0     8.8     8.6   112.9    11.4 R -9999.0 -9999.0     8.4
63826 200303  1.002  -81.3279   33.3550    20.0     9.0    14.5    14.3 -9999.0    14.1 R -9999.0 -9999.0    13.8
63826 200304  1.002  -81.3279   33.3550    22.6    10.3    16.5    16.5   175.3    18.8 R -9999.0 -9999.0    17.6
63826 200305  1.002  -81.3279   33.3550    27.1    16.5    21.8    21.5   179.5    19.0 R -9999.0 -9999.0    25.0
63826 200306  1.002  -81.3279   33.3550    29.9    19.3    24.6    24.0   313.2    22.2 R -9999.0 -9999.0    28.4
63826 200307  1.101  -81.3279   33.3550 -9999.0 -9999.0 -9999.0 -9999.0 -9999.0    19.8 R -9999.0 -9999.0    27.9
63826 200308  1.101  -81.3279   33.3550    29.5    21.1    25.3    24.5    81.9    18.5 R -9999.0 -9999.0    29.4
63826 200309  1.101  -81.3279   33.3550    26.7    16.7    21.7    21.2    93.8    18.2 R -9999.0 -9999.0    21.9
63826 200310  1.101  -81.3279   33.3550    23.7    11.4    17.6    17.3    73.6    14.2 R -9999.0 -9999.0    18.3
63826 200311  1.101  -81.3279   33.3550    21.7     7.6    14.6    14.5    18.0    11.2 R -9999.0 -9999.0    15.6
63826 200312  1.101  -81.3279   33.3550    12.9    -0.7     6.1     6.0    37.7     9.8 R -9999.0 -9999.0     6.3
63826 200401  1.101  -81.3279   33.3550    12.9     0.0     6.5     6.4    93.0    10.2 R -9999.0 -9999.0     6.7
63826 200402  1.101  -81.3279   33.3550    12.7     1.7     7.2     7.4   159.8    10.2 R -9999.0 -9999.0     7.9
63826 200403  1.101  -81.3279   33.3550    21.2     7.3    14.2    14.4    23.7    17.8 R -9999.0 -9999.0    15.2
63826 200404  1.101  -81.3279   33.3550    25.3     9.2    17.2    17.5    23.4    22.6 R -9999.0 -9999.0    20.4
63826 200405  1.201  -81.3279   33.3550    30.0    17.3    23.7    23.4    56.7    23.0 R -9999.0 -9999.0    28.4
63826 200406  1.201  -81.3279   33.3550    31.4    20.9    26.1    25.2   205.9    21.0 R -9999.0 -9999.0    28.0
63826 200407  1.201  -81.3279   33.3550    32.4    21.4    26.9    26.1    82.7    22.5 R -9999.0 -9999.0    28.7
63826 200408  1.201  -81.3279   33.3550    30.2    20.8    25.5    24.8 -9999.0    18.9 R -9999.0 -9999.0    28.7
63826 200409  1.201  -81.3279   33.3550    27.6    18.9    23.3    22.8   139.0    15.4 R -9999.0 -9999.0    24.8
63826 200410  1.201  -81.3279   33.3550    24.4    14.2    19.3    19.0    16.3    12.1 R -9999.0 -9999.0    19.8
63826 200411  1.201  -81.3279   33.3550    19.9     7.6    13.7    13.6   113.0    10.9 R -9999.0 -9999.0    13.7
63826 200412  1.201  -81.3279   33.3550    14.5     1.3     7.9     7.9    45.1    10.3 R -9999.0 -9999.0     7.2
63826 200501  1.201  -81.3279   33.3550    15.2     3.2     9.2     8.9    46.3    10.5 R -9999.0 -9999.0     8.3
63826 200502  1.201  -81.3279   33.3550    15.5     3.9     9.7     9.6   101.7    11.6 R -9999.0 -9999.0     9.1
63826 200503  1.201  -81.3279   33.3550    18.2     5.0    11.6    11.7   133.0    15.5 R -9999.0 -9999.0    11.0
63826 200504  1.201  -81.3279   33.3550    22.7     9.0    15.9    16.0    41.8    20.4 R -9999.0 -9999.0    16.4
63826 200505  1.201  -81.3279   33.3550    26.8    13.8    20.3    20.0   107.4    20.0 R -9999.0 -9999.0    23.7
63826 200506  1.201  -81.3279   33.3550    29.6    20.4    25.0    24.2   217.7    18.6 R -9999.0 -9999.0    27.6
63826 200507  1.201  -81.3279   33.3550    32.0    22.3    27.2    26.3   165.3    19.3 R -9999.0 -9999.0    29.1
63826 200508  1.201  -81.3279   33.3550    31.5    22.0    26.8    25.8   233.6    18.3 R -9999.0 -9999.0    29.6
63826 200509  1.201  -81.3279   33.3550    31.4    18.9    25.1    24.5     7.4    18.5 R -9999.0 -9999.0    28.8
63826 200510  1.301  -81.3279   33.3550    24.3    12.6    18.4    18.0    84.1    13.1 R -9999.0 -9999.0    19.6
63826 200511  1.301  -81.3279   33.3550    20.7     6.5    13.6    13.5    68.4    11.7 R    30.5     6.2    14.6
63826 200512  1.301  -81.3279   33.3550    13.7     1.0     7.4     7.1   108.7     9.6 R    17.9     0.9     7.1
63826 200601  1.301  -81.3279   33.3550    17.1     4.5    10.8    10.8    85.9    10.1 R    20.8     3.7    10.2
63826 200602  1.301  -81.3279   33.3550    14.6     2.0     8.3     8.5    74.5    11.6 R    19.5     1.0     8.3
63826 200603  1.301  -81.3279   33.3550    19.2     5.9    12.6    12.7    52.2    16.4 R    26.5     4.4    12.6
63826 200604  1.301  -81.3279   33.3550    25.6    11.8    18.7    18.7    55.4    21.6 R    32.8    10.6    19.1
63826 200605  1.301  -81.3279   33.3550    28.0    14.3    21.2    21.0    18.9    21.9 R    43.7    14.1    24.4
63826 200606  1.301  -81.3279   33.3550    30.2    18.2    24.2    24.0   181.5    23.1 R    49.1    19.0    28.9
63826 200607  1.301  -81.3279   33.3550    31.7    19.3    25.5    25.1    75.9    22.7 R    48.6    20.8    30.2
63826 200608  1.301  -81.3279   33.3550    31.0    20.9    25.9    25.2   103.2    19.7 R    45.8    22.3    29.6
63826 200609  1.301  -81.3279   33.3550    28.0    17.0    22.5    22.0    68.4    17.4 R    42.2    17.5    25.1
63826 200610  1.301  -81.3279   33.3550    23.6    10.0    16.8    16.5    67.5    14.1 R    37.4    10.1    18.9
63826 200611  1.301  -81.3279   33.3550    19.1     6.2    12.6    12.3    69.9    11.8 R    28.0     5.9    13.3
63826 200612  1.301  -81.3279   33.3550    17.4     4.3    10.8    10.7    84.7     9.0 R    24.1     4.2    11.0
63826 200701  1.301  -81.3279   33.3550    14.7     3.6     9.1     9.2    83.2     9.6 R    21.3     3.3     9.7
63826 200702  1.301  -81.3279   33.3550    14.5     1.6     8.1     8.1    60.4    13.9 R    24.0     0.9     8.8
63826 200703  1.301  -81.3279   33.3550    22.0     7.2    14.6    14.7    48.4    17.0 R    32.3     6.6    15.6
63826 200704  1.302  -81.3279   33.3550    24.0     8.2    16.1    16.3    98.8    22.0 R    39.4     7.8    19.0
63826 200705  1.302  -81.3279   33.3550    28.4    13.3    20.8    20.9    14.0    24.0 R    51.4    12.9    26.1
63826 200706  1.302  -81.3279   33.3550    31.0    19.1    25.1    24.6   152.1    22.5 R    55.4    19.3    30.3
63826 200707  1.302  -81.3279   33.3550    31.2    19.9    25.6    25.1   113.1    20.1 R    53.3    20.2    29.8
63826 200708  1.302  -81.3279   33.3550    34.0    22.1    28.1    27.2    70.9    20.5 R    44.1    21.9    29.0
63826 200709  1.302  -81.3279   33.3550    30.4    18.0    24.2    23.7    24.0    18.2 R    46.0    17.5    26.2
63826 200710  1.302  -81.3279   33.3550    26.5    14.5    20.5    20.1    35.0    13.6 R    42.4    13.9    22.4
63826 200711  1.302  -81.3279   33.3550    19.7     4.4    12.1    12.1     9.7    12.7 R    32.9     3.5    13.4
63826 200712  1.302  -81.3279   33.3550    17.9     4.9    11.4    11.5   208.3     8.9 R    25.8     4.3    11.9
63826 200801  1.302  -81.3279   33.3550    12.5     1.4     6.9     6.7    80.1    10.3 R    20.9     0.7     7.4
63826 200802  1.302  -81.3279   33.3550    17.9     3.3    10.6    10.7   115.9    13.7 R    26.6     2.8    11.5
63826 200803  1.302  -81.3279   33.3550    19.9     6.1    13.0    13.0    72.6    17.6 R    33.0     5.3    14.7
63826 200804  1.302  -81.3279   33.3550    22.9    10.0    16.5    16.5    64.2    19.1 R    39.4    10.0    19.4
63826 200805  1.302  -81.3279   33.3550    27.6    14.5    21.0    21.0    79.9    23.5 R    48.1    14.3    25.5
63826 200806  1.302  -81.3279   33.3550    33.6    20.2    26.9    26.4    44.8    24.5 R    55.7    20.3    32.1
63826 200807  1.302  -81.3279   33.3550    32.5    20.7    26.6 -9999.0   146.7    21.8 R    50.6    21.0    29.9
63826 200808  1.302  -81.3279   33.3550    31.0    20.9    25.9    25.2   163.4    19.7 R    45.2    21.2    28.8
63826 200809  1.302  -81.3279   33.3550    28.3    18.6    23.5    22.8    53.3    16.8 R    40.8    18.7    25.4
63826 200810  1.302  -81.3279   33.3550    22.9     9.7    16.3    15.8   125.9    15.5 R    29.2     9.9    16.8
63826 200811  1.302  -81.3279   33.3550    16.8     3.3    10.0    10.1   126.3    11.7 R    22.1     3.3    10.6
63826 200812  1.302  -81.3279   33.3550    17.3     5.2    11.3    11.2    69.2     9.2 R    20.0     4.8    10.9
63826 200901  1.302  -81.3279   33.3550    13.1     1.3     7.2     7.1    44.2     9.5 R    16.7     1.2     7.3
63826 200902  1.302  -81.3279   33.3550    15.5     1.8     8.7     8.8    70.6    14.4 R    22.6     1.0     9.2
63826 200903  1.302  -81.3279   33.3550    19.3     6.5    12.9    12.8    87.5    16.4 R    25.7     6.1    13.5
63826 200904  2.402  -81.3279   33.3550    22.9     9.5    16.2    16.6   137.8    21.3 R    36.1     9.5    19.4
63826 200905  2.402  -81.3279   33.3550    26.8    16.7    21.8    21.4   287.1    19.5 R    38.1    16.7    23.8
63826 200906  2.402  -81.3279   33.3550    32.1    20.5    26.3    25.8    54.5    23.9 R    38.9    20.5    27.4
63826 200907  2.402  -81.3279   33.3550    31.7    19.9    25.8    25.3   149.2    23.6 R    39.2    20.1    27.0
63826 200908  2.402  -81.3279   33.3550    32.3    20.7    26.5    25.7    25.6    19.8 R    42.3    20.9    27.8
63826 200909  2.402  -81.3279   33.3550    29.6    17.6    23.6    23.0    81.0    17.9 R    41.8    17.9    25.4
63826 200910  2.402  -81.3279   33.3550    22.8    11.7    17.3    16.9    77.2    11.7 R    30.6    11.7    18.3
63826 200911  2.402  -81.3279   33.3550    18.8     7.3    13.0    12.6   115.2    10.0 R    24.1     7.1    13.1
63826 200912  2.402  -81.3279   33.3550    12.5     2.4     7.5     7.5   227.4     7.7 R    16.4     2.2     7.7
63826 201001  2.402  -81.3279   33.3550    11.2    -1.3     4.9     4.8   116.9    10.9 R    16.2    -1.8     5.0
63826 201002  2.402  -81.3279   33.3550    11.0    -0.4     5.3     5.2    59.7    12.7 R    18.1    -1.1     5.9
63826 201003  2.402  -81.3279   33.3550    17.8     4.8    11.3    11.4    63.9    15.7 R    27.0     4.1    12.3
63826 201004  2.402  -81.3279   33.3550    26.2    10.1    18.1    18.3    26.2    23.0 R    41.3     9.3    21.3
63826 201005  2.402  -81.3279   33.3550    30.0    17.5    23.7    23.2    89.5    20.7 R    46.9    17.5    27.0
63826 201006  2.402  -81.3279   33.3550    33.6    21.5    27.5    26.8   187.5    22.4 R    47.5    21.9    30.2
63826 201007  2.402  -81.3279   33.3550    33.4    21.8    27.6    26.9   103.2    22.6 R    40.7    21.7    28.4
63826 201008  2.402  -81.3279   33.3550    32.1    22.4    27.2    26.4   162.4    18.9 R    39.9    22.6    28.0
63826 201009  2.402  -81.3279   33.3550    31.2    17.6    24.4    24.0    91.7    18.2 R    47.6    17.8    27.8
63826 201010  2.402  -81.3279   33.3550    25.9    10.0    18.0    17.6    10.4    15.8 R    38.4    10.3    19.9
63826 201011  2.402  -81.3279   33.3550    19.8     5.5    12.6    12.4    22.0    11.5 R    27.8     5.4    13.4
63826 201012  2.402  -81.3279   33.3550    10.7    -2.8     3.9     3.8    35.2     9.4 R    16.6    -3.2     4.4
63826 201101  2.402  -81.3279   33.3550    11.1    -0.6     5.3     5.3    50.4     9.5 R    16.1    -1.1     5.5
63826 201102  2.402  -81.3279   33.3550    17.7     4.6    11.2    11.1   125.5    13.7 R    22.7     3.8    11.0
63826 201103  2.402  -81.3279   33.3550    20.1     6.7    13.4    13.6   123.9    15.7 R    24.8     6.3    13.9
63826 201104  2.402  -81.3279   33.3550    26.6    11.7    19.1    19.1    56.9    22.0 R    31.7    11.4    19.7
63826 201105  2.402  -81.3279   33.3550    29.6    15.0    22.3    22.2    59.2    23.3 R    41.3    15.5    25.0
63826 201106  2.402  -81.3279   33.3550    34.6    20.4    27.5    27.1    57.6    25.7 R    48.7    20.9    31.0
63826 201107  2.402  -81.3279   33.3550    34.1    22.0    28.0    27.3   141.5    23.1 R    41.2    22.0    29.6
63826 201108  2.402  -81.3279   33.3550    32.9    21.3    27.1    26.1   182.7    21.2 R    39.6    21.3    28.1
63826 201109  2.402  -81.3279   33.3550    29.2    17.3    23.3    22.7   142.0    17.1 R    35.0    17.3    24.3
63826 201110  2.402  -81.3279   33.3550    22.8     9.2    16.0    15.6   111.9    15.8 R    27.5     9.1    17.0
63826 201111  2.402  -81.3279   33.3550    20.4     5.9    13.2    13.1    49.0    12.2 R    25.0     5.8    14.2
63826 201112  2.402  -81.3279   33.3550    17.3     4.5    10.9    10.9    37.2     9.2 R    21.5     4.2    11.6
63826 201201  2.402  -81.3279   33.3550    16.7     2.8     9.8     9.9    41.5    10.5 R    20.4     2.5    10.6
63826 201202  2.402  -81.3279   33.3550    17.8     4.5    11.2    11.3    43.6    12.0 R    22.0     4.3    12.2
63826 201203  2.402  -81.3279   33.3550    23.9    11.3    17.6    17.3   120.3    15.8 R    28.7    11.0    18.3
63826 201204  2.402  -81.3279   33.3550    25.6    11.5    18.5    18.4    45.5    20.9 R    31.3    11.2    20.2
63826 201205  2.402  -81.3279   33.3550    29.2    17.2    23.2    22.6   172.7    20.4 R    35.3    16.9    24.3
63826 201206  2.402  -81.3279   33.3550    29.7    17.9    23.8    23.7    81.0    23.1 R    36.6    17.6    25.9
63826 201207  2.402  -81.3279   33.3550    33.4    22.0    27.7    27.0    97.4    21.5 R    40.9    21.8    29.0
63826 201208  2.402  -81.3279   33.3550    30.1    20.5    25.3    24.3   310.0    17.3 R    36.8    20.2    25.9
63826 201209  2.402  -81.3279   33.3550    28.5    16.9    22.7    22.3    19.8    17.9 R    34.3    16.6    23.9
63826 201210  2.402  -81.3279   33.3550    24.9    11.6    18.2    17.7    14.1    14.1 R    30.6    11.4    19.1
63826 201211  2.412  -81.3279   33.3550    18.2     3.8    11.0    10.7    45.1    11.0 R    23.0     3.7    11.9
63826 201212  2.412  -81.3279   33.3550    16.6     5.2    10.9    10.8   111.4     7.8 C    20.3     5.4    11.8
63826 201301  2.412  -81.3279   33.3550    17.7     4.9    11.3    11.0    18.4     9.9 C    21.8     5.1    12.2
63826 201302  2.412  -81.3279   33.3550    14.7     2.4     8.6     8.2   226.1    11.6 C    19.1     2.6     9.6
63826 201303  2.412  -81.3279   33.3550    16.2     3.5     9.9     9.9    91.3    16.9 C    21.1     3.7    11.5
63826 201304  2.412  -81.3279   33.3550    23.2    10.6    16.9    16.8   128.4    18.6 C    29.1    10.7    18.8
63826 201305  2.412  -81.3279   33.3550    27.0    14.3    20.7    20.4    63.9    21.5 C    33.2    14.4    22.7
63826 201306  2.412  -81.3279   33.3550    30.6    20.3    25.5    24.7   178.2    20.1 C    37.3    20.5    26.8
63826 201307  2.412  -81.3279   33.3550    29.9    21.8    25.9    24.9   230.4    18.0 C    36.4    21.9    26.8
63826 201308  2.412  -81.3279   33.3550    29.6    20.6    25.1    24.4   134.7    17.7 C    36.7    20.6    26.7
63826 201309  2.412  -81.3279   33.3550    28.8    17.3    23.1    22.4    39.1    18.6 C    37.1    17.3    24.9
63826 201310  2.412  -81.3279   33.3550    24.9    12.2    18.5    18.2     5.0    13.8 C    31.5    12.1    20.1
63826 201311  2.412  -81.3279   33.3550    18.6     5.0    11.8    11.4    42.8    10.8 C    23.3     5.0    12.7
63826 201312  2.412  -81.3279   33.3550    16.6     5.0    10.8    10.8   107.0     7.9 C    20.1     5.0    11.6
63826 201401  2.412  -81.3279   33.3550    10.9    -1.7     4.6     4.6    71.8    10.2 C    14.2    -1.9     5.6
63826 201402  2.422  -81.3279   33.3550    15.1     2.9     9.0     8.8 -9999.0    11.4 C    19.8     2.6     9.5
63826 201403  2.422  -81.3279   33.3550    17.9     4.0    10.9    11.0    86.4    15.3 C    27.4     3.2    12.2
63826 201404  2.422  -81.3279   33.3550    24.4    11.4    17.9    18.0    99.3    19.6 C    35.5    10.6    19.7
63826 201405  2.422  -81.3279   33.3550    29.1    15.5    22.3    22.3    73.9    22.9 C    45.8    15.7    26.2
63826 201406  2.422  -81.3279   33.3550    31.8    20.3    26.0    25.6    65.0    23.9 C    52.0    20.5    30.8
63826 201407  2.422  -81.3279   33.3550    31.9    21.3    26.6    25.9   152.4    21.5 C    44.4    21.1    28.5
63826 201408  2.422  -81.3279   33.3550    32.1    20.6    26.4    25.6    76.3    21.5 C    41.3    20.2    27.6
63826 201409  2.422  -81.3279   33.3550    28.3    19.3    23.8    22.9   140.7    13.4 C    39.6    19.4    25.1
63826 201410  2.422  -81.3279   33.3550    26.0    11.6    18.8    18.3    42.5    16.9 C    36.3    10.7    19.5
63826 201411  2.422  -81.3279   33.3550    16.8     3.2    10.0     9.9   109.1    10.5 C    23.6     2.3    10.1
63826 201412  2.422  -81.3279   33.3550    16.1     4.2    10.1     9.8   118.1     8.1 C    20.2     3.5     9.6
63826 201501  2.422  -81.3279   33.3550    12.8     1.3     7.0     7.1   113.3     9.3 C    16.7     0.4     6.8
63826 201502  2.422  -81.3279   33.3550    12.5    -0.3     6.1     5.8   115.2    12.2 C    18.4    -1.1     6.6
63826 201503  2.422  -81.3279   33.3550    20.8     8.1    14.4    14.4   101.9    14.0 C    26.1     7.7    14.7
63826 201504  2.422  -81.3279   33.3550    24.4    13.2    18.8    18.8   118.4    16.9 C    30.7    13.0    19.7
63826 201505  2.422  -81.3279   33.3550    29.4    15.5    22.5    22.2    10.2    23.2 C    47.6    15.2    26.4
63826 201506  2.422  -81.3279   33.3550    33.3    20.4    26.9    26.2    95.2    21.6 C    58.0    20.6    32.0
63826 201507  2.422  -81.3279   33.3550    33.9    21.9    27.9    27.1    62.2    21.7 C    50.7    21.9    31.1
63826 201508  2.422  -81.3279   33.3550    31.9    21.0    26.4    25.5   103.0    18.7 C    44.8    21.0    28.2
63826 201509  2.422  -81.3279   33.3550    28.2    18.8    23.5    22.9   129.4    14.1 C    36.2    18.7    24.3
63826 201510  2.422  -81.3279   33.3550    23.4    12.1    17.7    17.3   204.8    12.7 C    31.5    11.6    18.6
63826 201511  2.422  -81.3279   33.3550    20.4    10.0    15.2    14.6   172.9     9.1 C    25.8     9.3    15.1
63826 201512  2.422  -81.3279   33.3550    20.6    10.5    15.5    15.2    88.6     7.2 C    23.9     9.3    14.9
63826 201601  2.422  -81.3279   33.3550    12.1     1.0     6.6     6.3    52.5     8.9 C    17.1    -0.4     6.4
63826 201602  2.422  -81.3279   33.3550    15.7     3.7     9.7     9.4   121.3    12.4 C    22.2     1.7     9.4
63826 201603  2.422  -81.3279   33.3550    22.8     9.9    16.3    16.2    78.6    16.8 C    30.7     7.9    16.5
63826 201604  2.422  -81.3279   33.3550    24.1    11.3    17.7    17.7   106.2    20.9 C    32.9    10.4    19.1
63826 201605  2.422  -81.3279   33.3550    27.6    15.5    21.6    21.2   186.8    20.5 C    42.6    15.1    24.6
63826 201606  2.422  -81.3279   33.3550    32.4    20.8    26.6    26.1   126.8    24.5 C    49.0    20.5    30.4
63826 201607  2.422  -81.3279   33.3550    34.8    22.6    28.7    28.0   108.9    24.5 C    54.0    22.8    33.1
63826 201608  2.422  -81.3279   33.3550    33.0    22.4    27.7    26.7    75.4    20.7 C    44.0    22.2    29.1
63826 201609  2.422  -81.3279   33.3550    30.0    19.6    24.8    24.0   220.2    17.9 C    38.9    19.2    25.6
63826 201610  2.422  -81.3279   33.3550    25.8    12.7    19.3    18.8   139.2    16.4 C    32.8    11.9    19.6
63826 201611  2.422  -81.3279   33.3550    20.7     6.5    13.6    12.9    23.2    11.8 C    28.8     5.4    13.4
63826 201612  2.422  -81.3279   33.3550    15.2     4.9    10.1     9.9   123.6     7.6 C    19.8     4.6    10.4
63826 201701  2.422  -81.3279   33.3550    17.7     6.4    12.0    11.7   169.1    10.1 C    22.3     5.1    11.4
63826 201702  2.422  -81.3279   33.3550    20.5     6.7    13.6    13.7    47.7    14.2 C    26.1     4.8    13.3
63826 201703  2.422  -81.3279   33.3550    21.0     7.0    14.0    13.8    39.2    17.9 C    29.6     5.3    14.6
63826 201704  2.422  -81.3279   33.3550    26.5    13.6    20.1    19.8   144.4    20.9 C    37.8    12.9    21.8
63826 201705  2.422  -81.3279   33.3550    28.3    16.1    22.2    22.1   121.9    21.8 C    44.5    15.2    25.7
63826 201706  2.422  -81.3279   33.3550    30.2    20.0    25.1    24.7   106.0    20.3 C    46.3    19.7    28.2
63826 201707  2.422  -81.3279   33.3550    32.5    21.6    27.0    26.1    74.4    21.9 C    46.6    21.4    29.3
