04141 200808  2.302 -124.3186   43.2718 -9999.0 -9999.0 -9999.0 -9999.0 -9999.0 -9999.0 U -9999.0 -9999.0 -9999.0
04141 200809  2.302 -124.3186   43.2718    17.4     5.8    11.6    11.5     5.3    16.5 R    32.8     4.8    15.2
04141 200810  2.302 -124.3186   43.2718    16.4     4.2    10.3    10.1    56.9    10.2 R    25.4     3.3    11.4
04141 200811  2.302 -124.3186   43.2718    14.7     5.0     9.9     9.4   196.1     5.6 R    19.2     4.5     9.8
04141 200812  2.302 -124.3186   43.2718     9.6     0.6     5.1     4.6   255.2     4.0 R    12.1     0.3     4.8
04141 200901  2.302 -124.3186   43.2718    11.4     0.4     5.9     4.7   103.5     6.4 R    15.2    -0.1     5.4
04141 200902  2.302 -124.3186   43.2718    12.0     1.5     6.7     5.9   217.6     7.1 R    15.8     1.2     6.6
04141 200903  2.302 -124.3186   43.2718    11.2     1.7     6.4     6.4   228.7    10.9 R    15.5     1.6     7.4
04141 200904  2.302 -124.3186   43.2718    12.9     2.8     7.9     7.9    79.6    17.3 R    17.6     2.7     9.3
04141 200905  2.302 -124.3186   43.2718    14.6     5.9    10.3    10.5    66.7    20.6 R    18.9     5.7    11.7
04141 200906  2.302 -124.3186   43.2718    16.6     9.4    13.0    13.1    20.9    20.6 R    20.9     9.3    14.3
04141 200907  2.302 -124.3186   43.2718    17.1    10.7    13.9    13.5     4.8    21.4 R    21.9    10.5    14.9
04141 200908  2.302 -124.3186   43.2718    19.0     9.9    14.5    14.4    12.2    19.8 R    24.1     9.6    15.8
04141 200909  2.402 -124.3186   43.2718    20.6     7.7    14.1    13.8    32.2    16.6 R    27.7     7.3    15.6
04141 200910  2.402 -124.3186   43.2718    16.4     6.2    11.3    10.9   111.1    10.2 R    21.7     6.0    12.0
04141 200911  2.402 -124.3186   43.2718    13.8     2.2     8.0     7.6   231.2     6.4 R    17.2     1.9     8.0
04141 200912  2.402 -124.3186   43.2718     9.8    -0.5     4.6     3.5   146.4     4.9 R    12.3    -0.9     3.8
04141 201001  2.402 -124.3186   43.2718    12.7     5.5     9.1     9.0   229.5     3.6 R    14.2     5.4     9.1
04141 201002  2.402 -124.3186   43.2718    13.0     4.4     8.7     8.3   210.8     7.1 R    16.3     4.3     9.0
04141 201003  2.402 -124.3186   43.2718    12.8     1.7     7.2     7.2   225.4    11.6 R    16.4     1.4     7.9
04141 201004  2.402 -124.3186   43.2718    13.2     2.5     7.9     8.0   214.9    15.9 R    17.5     2.2     9.0
04141 201005  2.402 -124.3186   43.2718    14.4     5.4     9.9     9.9   143.1    19.3 R    19.3     5.1    11.1
04141 201006  2.402 -124.3186   43.2718    16.1     8.3    12.2    12.4   148.3    20.2 R    20.4     7.9    13.5
04141 201007  2.402 -124.3186   43.2718    15.6     9.2    12.4    12.3     6.9    22.5 R    20.1     9.0    13.6
04141 201008  2.402 -124.3186   43.2718    17.1    10.2    13.6    13.3     3.5    18.9 R    22.1    10.0    14.6
04141 201009  2.402 -124.3186   43.2718    19.3    10.0    14.6    14.2    59.7    15.4 R    24.2     9.7    15.4
04141 201010  2.402 -124.3186   43.2718    16.7     5.5    11.1    10.9    97.6     9.4 R    20.2     5.0    11.5
04141 201011  2.402 -124.3186   43.2718    11.6     4.3     8.0     7.9   248.1     4.1 R    14.0     4.1     8.3
04141 201012  2.402 -124.3186   43.2718    11.4     4.3     7.8     7.6   293.9     3.1 R    13.3     4.1     7.7
04141 201101  2.402 -124.3186   43.2718    12.1     2.2     7.2     6.5   129.1     5.3 R    15.5     1.8     7.1
04141 201102  2.402 -124.3186   43.2718    10.2     0.8     5.5     4.9   218.5     7.3 R    14.0     0.3     5.5
04141 201103  2.402 -124.3186   43.2718    12.5     4.3     8.4     8.2   305.7     9.0 R    15.6     4.0     8.6
04141 201104  2.402 -124.3186   43.2718    12.0     2.9     7.5     7.6   173.2    15.7 R    16.8     2.6     8.8
04141 201105  2.402 -124.3186   43.2718    13.6     4.9     9.3     9.3    96.2    17.7 R    18.8     4.6    10.7
04141 201106  2.402 -124.3186   43.2718    16.8     7.9    12.4    12.6    32.1    20.8 R    22.3     7.7    14.3
04141 201107  2.402 -124.3186   43.2718    17.3     9.9    13.6    13.7    14.2    22.6 R    22.8     9.6    15.4
04141 201108  2.402 -124.3186   43.2718    18.2     9.9    14.1    14.1     1.3    20.4 R    24.4     9.5    15.8
04141 201109  2.402 -124.3186   43.2718    18.9     7.8    13.4    13.2    11.6    14.9 R    24.8     7.4    14.6
04141 201110  2.402 -124.3186   43.2718    17.2     5.8    11.5    11.3   101.1     9.1 R    22.6     5.2    12.2
04141 201111  2.402 -124.3186   43.2718    12.5     2.9     7.7     7.3   199.1     5.2 R    16.4     2.3     7.7
04141 201112  2.402 -124.3186   43.2718    10.1    -0.9     4.6     3.4   117.7     5.3 R    14.2    -1.9     3.8
04141 201201  2.402 -124.3186   43.2718    11.2     1.3     6.3     5.9   256.0     4.9 R    15.2     0.7     6.3
04141 201202  2.402 -124.3186   43.2718    11.3     1.3     6.3     5.9   179.2     7.3 R    16.0     0.7     6.6
04141 201203  2.402 -124.3186   43.2718    10.8     2.2     6.5     6.4   497.6     8.6 R    14.9     1.8     7.0
04141 201204  2.402 -124.3186   43.2718    13.6     5.3     9.4     9.2   188.5    13.5 R    19.8     5.0    10.4
04141 201205  2.402 -124.3186   43.2718    14.6     5.2     9.9    10.2    68.5    20.4 R    20.7     4.7    11.7
04141 201206  2.402 -124.3186   43.2718    16.5     7.5    12.0    12.2    98.1    19.8 R    22.3     7.1    13.8
04141 201207  2.402 -124.3186   43.2718    17.2    11.1    14.1    14.1    20.6    20.1 R    23.0    10.8    15.6
04141 201208  2.402 -124.3186   43.2718    17.4     9.6    13.5    13.4     2.3    19.3 R    23.4     9.4    15.0
04141 201209  2.412 -124.3186   43.2718    16.5     7.0    11.8    11.7     1.6    15.5 R    22.7     6.7    13.1
04141 201210  2.412 -124.3186   43.2718    16.2     6.0    11.1    10.8   222.8     9.3 C    20.6     5.6    11.8
04141 201211  2.412 -124.3186   43.2718    13.8     5.2     9.5     9.4   305.7     4.5 C    16.5     5.1    10.0
04141 201212  2.412 -124.3186   43.2718     9.8     3.2     6.5     6.3   438.3     3.2 C    12.0     3.1     6.8
04141 201301  2.412 -124.3186   43.2718    10.0     0.4     5.2     4.2   133.7     5.9 C    14.2     0.0     5.1
04141 201302  2.412 -124.3186   43.2718    11.0     2.1     6.5     6.2   137.0     8.0 C    15.8     1.9     7.3
04141 201303  2.412 -124.3186   43.2718    13.1     3.2     8.1     7.7    94.0    12.2 C    19.1     2.9     9.3
04141 201304  2.412 -124.3186   43.2718    13.7     4.8     9.3     9.1   101.7    16.9 C    19.1     4.7    10.7
04141 201305  2.412 -124.3186   43.2718    16.3     6.5    11.4    11.3   116.0    19.6 C    21.6     6.3    12.9
04141 201306  2.412 -124.3186   43.2718    18.0     8.9    13.4    13.4    40.5    23.6 C    23.4     8.7    15.4
04141 201307  2.412 -124.3186   43.2718    16.1     9.8    12.9    13.1     1.4    23.6 C    20.6     9.9    14.8
04141 201308  2.412 -124.3186   43.2718    19.2    11.1    15.2    14.8    15.0    17.8 C    24.7    11.2    16.6
04141 201309  2.422 -124.3186   43.2718    18.9    10.4    14.7    14.4   222.5    13.0 C    24.2     9.3    15.4
04141 201310  2.422 -124.3186   43.2718    15.5     3.8     9.7     9.2    20.8    11.3 C    23.0     1.6     9.7
04141 201311  2.422 -124.3186   43.2718    13.4     2.5     8.0     7.1   107.0     6.6 C    18.7    -0.1     6.9
04141 201312  2.422 -124.3186   43.2718     8.8    -1.2     3.8     2.8 -9999.0     5.4 C    13.4    -3.8     2.3
04141 201401  2.422 -124.3186   43.2718    12.3     0.9     6.6     5.6   112.8     5.9 C    16.5    -1.7     5.0
04141 201402  2.422 -124.3186   43.2718    12.6     4.3     8.5     8.2   276.4     6.5 C    17.0     2.4     8.2
04141 201403  2.422 -124.3186   43.2718    14.4     4.2     9.3     9.1   196.9    12.7 C    20.7     2.3     9.5
04141 201404  2.422 -124.3186   43.2718    15.3     4.2     9.8     9.7   120.5    18.4 C    21.1     2.5    10.3
04141 201405  2.422 -124.3186   43.2718    17.4     7.1    12.3    12.5    86.3    22.3 C    21.8     5.5    13.1
04141 201406  2.422 -124.3186   43.2718    16.8     9.3    13.0    13.2    36.5    24.6 C    21.3     7.5    13.7
04141 201407  2.422 -124.3186   43.2718    17.7    10.8    14.2    14.3    18.1    21.6 C    23.4     9.5    15.4
04141 201408  2.422 -124.3186   43.2718    18.8    11.7    15.2    14.9     7.0    19.3 C    26.9    10.9    16.8
04141 201409  2.422 -124.3186   43.2718    20.8     8.6    14.7    14.1    55.4    16.2 C    29.4     6.4    15.3
04141 201410  2.422 -124.3186   43.2718    18.9     8.6    13.8    13.4   178.3     9.0 C    25.4     6.4    13.7
04141 201411  2.422 -124.3186   43.2718    14.9     4.7     9.8     9.4   191.6     5.5 C    19.1     2.6     9.2
04141 201412  2.422 -124.3186   43.2718    12.5     5.8     9.1     9.0   454.0     3.0 C    14.7     3.7     8.4
04141 201501  2.422 -124.3186   43.2718    13.8     2.5     8.2     7.2    74.0     6.2 C    19.1     0.1     6.8
04141 201502  2.422 -124.3186   43.2718    14.7     4.3     9.5     9.1   262.7     7.9 C    20.4     2.0     8.9
04141 201503  2.422 -124.3186   43.2718    15.0     4.9    10.0     9.6   157.9    12.8 C    23.3     2.7    10.4
04141 201504  2.422 -124.3186   43.2718    13.8     3.3     8.6     8.8    99.0    17.0 C    19.9     1.4     9.4
04141 201505  2.422 -124.3186   43.2718    14.9     8.4    11.7    11.6    15.4    19.9 C    19.8     7.0    12.2
04141 201506  2.422 -124.3186   43.2718    15.7     9.7    12.7    12.6     8.7    22.6 C    20.5     8.2    13.5
04141 201507  2.422 -124.3186   43.2718    19.4    11.2    15.3    15.2     2.5    23.3 C    24.6     9.5    16.1
04141 201508  2.422 -124.3186   43.2718    19.8    10.6    15.2    15.2    28.4    19.1 C    25.7     8.7    16.1
04141 201509  2.422 -124.3186   43.2718    18.7     7.4    13.0    13.0    19.2    16.3 C    25.1     5.4    13.6
04141 201510  2.422 -124.3186   43.2718    18.6     7.9    13.2    13.2    86.1    10.2 C    24.1     5.8    13.5
04141 201511  2.422 -124.3186   43.2718    12.8     2.8     7.8     6.9   168.3     6.2 C    17.3     1.6     7.2
04141 201512  2.422 -124.3186   43.2718    11.3     4.9     8.1     7.9   636.6     3.1 C    13.3     4.0     7.7
04141 201601  2.422 -124.3186   43.2718    11.9     3.7     7.8     7.6   360.7     4.3 C    14.5     2.8     7.6
04141 201602  2.422 -124.3186   43.2718    14.5     4.2     9.3     8.8   107.6     7.3 C    18.3     3.2     9.2
04141 201603  2.422 -124.3186   43.2718    14.4     4.6     9.5     9.3   288.8    10.9 C    18.7     3.5     9.8
04141 201604  2.422 -124.3186   43.2718    17.0     4.9    10.9    10.8    70.4    17.5 C    22.5     3.8    11.9
04141 201605  2.422 -124.3186   43.2718    16.6     7.3    12.0    12.0    31.2    20.7 C    21.5     6.4    13.2
04141 201606  2.422 -124.3186   43.2718    17.8     8.7    13.2    13.4    16.2    23.1 C    23.4     7.7    14.9
04141 201607  2.422 -124.3186   43.2718    18.1    11.4    14.7    14.7    34.6    21.8 C    23.0    10.6    16.1
04141 201608  2.422 -124.3186   43.2718    18.0     9.5    13.8    13.5     6.9    19.2 C    23.9     8.8    15.0
04141 201609  2.422 -124.3186   43.2718    19.0     8.0    13.5    13.3    17.3    16.0 C    25.1     6.9    14.6
04141 201610  2.422 -124.3186   43.2718    17.1     8.9    13.0    12.8   387.5     7.3 C    21.2     8.1    13.3
04141 201611  2.422 -124.3186   43.2718    14.6     6.9    10.8    10.4   429.1     5.0 C    17.7     6.1    10.5
04141 201612  2.422 -124.3186   43.2718     8.8     0.6     4.7     4.3   216.0     4.5 C    12.7    -0.5     4.6
04141 201701  2.422 -124.3186   43.2718     9.1     0.1     4.6     3.8 -9999.0     5.2 C    13.5    -1.0     4.0
04141 201702  2.422 -124.3186   43.2718    11.5     4.0     7.7     7.5   425.0     6.5 C    14.9     3.4     7.6
04141 201703  2.422 -124.3186   43.2718    13.0     4.9     8.9     8.9   301.4     8.6 C    16.4     4.3     9.3
04141 201704  2.422 -124.3186   43.2718    14.0     3.8     8.9     9.0   197.9    14.2 C    18.7     3.0     9.9
04141 201705  2.422 -124.3186   43.2718    15.7     7.1    11.4    11.3   109.6    20.3 C    21.8     6.5    12.8
04141 201706  2.422 -124.3186   43.2718    17.2     9.0    13.1    13.3    68.7    20.9 C    23.2     8.4    14.9
04141 201707  2.422 -124.3186   43.2718    17.1     9.8    13.5    13.7     7.3    24.1 C    22.3     9.2    15.3
