22016 200702  1.302 -103.2093   29.3483 -9999.0 -9999.0 -9999.0 -9999.0 -9999.0 -9999.0 U -9999.0 -9999.0 -9999.0
22016 200703  1.302 -103.2093   29.3483    25.5     8.3    16.9    17.0    34.2    21.5 R    42.8     7.7    20.5
22016 200704  1.302 -103.2093   29.3483    27.3    10.6    19.0    19.2     7.8    23.6 R    44.9    10.9    23.5
22016 200705  1.302 -103.2093   29.3483    30.6    15.1    22.8    22.7    65.6    25.3 R    48.5    15.2    27.7
22016 200706  1.302 -103.2093   29.3483    34.2    18.4    26.3    26.2    28.9    26.4 R    53.3    19.1    32.3
22016 200707  1.302 -103.2093   29.3483    32.1    18.9    25.5    25.0    88.0    23.1 R    49.9    19.6    30.3
22016 200708  1.302 -103.2093   29.3483    33.9    19.8    26.8    26.9    11.9    23.6 R    51.2    20.6    31.8
22016 200709  1.302 -103.2093   29.3483    32.2    17.9    25.1    24.9    25.5    19.9 R    48.9    18.7    29.1
22016 200710  1.302 -103.2093   29.3483    29.4    12.6    21.0    21.3    19.1    19.6 R    40.6    12.6    23.6
22016 200711  1.302 -103.2093   29.3483    21.6     6.3    14.0    13.9    23.2    14.3 R    29.0     6.1    15.2
22016 200712  1.302 -103.2093   29.3483    19.2     2.4    10.8    10.8     0.0    13.5 R    22.8     1.8    10.7
22016 200801  1.302 -103.2093   29.3483    17.6     1.0     9.3     9.4     5.1    13.6 R    22.3     0.7     9.9
22016 200802  1.302 -103.2093   29.3483    23.2     5.0    14.1    14.4     0.0    18.6 R    32.4     3.9    15.7
22016 200803  1.302 -103.2093   29.3483    25.6     6.2    15.9    16.5     0.3    21.9 R    40.3     5.9    19.9
22016 200804  1.302 -103.2093   29.3483    30.4    11.2    20.8    21.4     2.0    25.9 R    50.2    11.0    26.3
22016 200805  1.302 -103.2093   29.3483    33.0    17.6    25.3    25.9    25.7    26.3 R    52.5    17.3    30.9
22016 200806  1.302 -103.2093   29.3483    37.1    21.8    29.4    29.7    26.4    27.2 R    58.3    22.1    36.2
22016 200807  1.302 -103.2093   29.3483    33.2    20.2    26.7    26.4   106.5    23.1 R    50.9    20.5    31.4
22016 200808  1.302 -103.2093   29.3483    31.0    19.4    25.2    24.8    56.8    19.2 R    43.9    20.0    28.1
22016 200809  1.302 -103.2093   29.3483    27.0    15.6    21.3    20.9   122.1    17.8 R    36.3    16.0    23.5
22016 200810  1.302 -103.2093   29.3483    27.0    11.0    19.0    18.9     8.2    18.7 R    35.2    11.5    21.6
22016 200811  1.302 -103.2093   29.3483    22.5     5.3    13.9    13.6     1.2    16.0 R    29.3     5.4    15.3
22016 200812  1.302 -103.2093   29.3483    20.5     2.6    11.5    11.6     2.6    13.9 R    24.7     2.4    12.2
22016 200901  1.302 -103.2093   29.3483    20.1     2.7    11.4    11.0     0.0    15.4 R    26.3     2.2    12.1
22016 200902  1.302 -103.2093   29.3483    23.8     4.6    14.2    14.1     0.0    18.6 R    35.1     3.6    16.0
22016 200903  1.302 -103.2093   29.3483    25.1     7.8    16.5    16.8    21.4    20.5 R    39.4     7.7    20.2
22016 200904  1.302 -103.2093   29.3483    29.4    12.0    20.7    21.3     1.2    25.7 R    49.6    11.7    26.5
22016 200905  1.302 -103.2093   29.3483    32.6    16.5    24.6    24.7    39.5    24.8 R    52.6    17.0    30.3
22016 200906  1.302 -103.2093   29.3483    34.5    19.8    27.1    27.5   104.6    24.6 R    52.6    20.4    32.4
22016 200907  1.302 -103.2093   29.3483    36.2    22.1    29.2    29.3     8.1    25.0 R    58.1    22.9    35.9
22016 200908  1.302 -103.2093   29.3483    34.9    21.0    28.0    28.2    11.2    22.6 R    55.4    21.6    33.6
22016 200909  1.302 -103.2093   29.3483    29.8    15.9    22.9    22.4    39.0    19.2 R    44.7    16.9    26.8
22016 200910  1.302 -103.2093   29.3483    27.2    12.1    19.6    19.4    28.8    17.0 R    35.1    12.7    21.8
22016 200911  1.302 -103.2093   29.3483    21.9     5.6    13.7    13.6    15.5    14.9 R    27.8     5.3    14.8
22016 200912  1.302 -103.2093   29.3483    16.0     1.0     8.5     8.2     9.0    12.0 R    19.5     1.1     8.5
22016 201001  1.302 -103.2093   29.3483    15.8    -0.2     7.8     7.4     9.6    13.8 R    20.1    -0.7     8.2
22016 201002  2.403 -103.2093   29.3483    17.3     1.9     9.6     9.2    21.1    18.3 R    24.3     1.8    11.1
22016 201003  2.403 -103.2093   29.3483    23.2     5.0    14.1    14.7     0.0    25.6 R    38.5     4.5    18.2
22016 201004  2.403 -103.2093   29.3483    28.2    11.9    20.0    20.4    37.4    28.6 R    45.4    12.0    24.9
22016 201005  2.403 -103.2093   29.3483    34.0    16.5    25.3    25.4     9.1    32.3 R    54.0    16.7    31.3
22016 201006  2.403 -103.2093   29.3483    36.7    20.7    28.7    28.7    40.5    30.8 R    57.4    21.1    34.9
22016 201007  2.403 -103.2093   29.3483    31.8    20.3    26.1    25.7   132.4    26.7 R    46.4    21.1    30.2
22016 201008  2.403 -103.2093   29.3483    35.9    20.1    28.0    28.2     4.3    28.8 R    55.1    21.4    34.5
22016 201009  2.403 -103.2093   29.3483    32.3    18.4    25.4    25.1    29.8    23.0 R    47.9    19.1    29.5
22016 201010  2.403 -103.2093   29.3483    29.8    12.0    20.9    21.1     0.0    22.9 R    42.0    12.2    24.5
22016 201011  2.403 -103.2093   29.3483    23.8     5.4    14.6    15.1     0.0    19.3 R    31.2     5.0    16.2
22016 201012  2.403 -103.2093   29.3483    20.7     2.8    11.8    11.4     0.0    16.4 R    26.1     2.1    12.1
22016 201101  2.403 -103.2093   29.3483    18.1     1.5     9.8     9.8     0.0    16.7 R    25.2     0.9    11.1
22016 201102  2.403 -103.2093   29.3483    20.0     0.8    10.4    10.6     0.4    20.5 R    30.3     0.1    12.9
22016 201103  2.403 -103.2093   29.3483    29.4     9.9    19.7    20.1     0.0    22.1 R    46.2     9.2    23.8
22016 201104  2.403 -103.2093   29.3483    33.5    14.6    24.0    25.1     0.0    26.2 R    54.1    13.6    29.9
22016 201105  2.403 -103.2093   29.3483    34.5    17.4    26.0    26.5     0.3    28.0 R    57.9    16.8    33.2
22016 201106  2.403 -103.2093   29.3483    38.6    22.0    30.3    31.0     3.1    27.9 R    62.0    21.8    38.0
22016 201107  2.403 -103.2093   29.3483    36.4    22.4    29.4    29.6     5.8    25.1 R    61.0    22.4    36.5
22016 201108  2.403 -103.2093   29.3483    37.2    23.0    30.1    30.6    17.1    24.7 R    59.2    22.8    36.3
22016 201109  2.403 -103.2093   29.3483    32.9    18.0    25.4    25.7    31.5    21.5 R    50.2    17.9    29.8
22016 201110  2.403 -103.2093   29.3483    29.4    12.1    20.8    21.2     0.0    19.7 R    40.5    12.1    24.2
22016 201111  2.403 -103.2093   29.3483    23.2     5.7    14.4    14.6     3.5    15.4 R    29.8     5.0    15.5
22016 201112  2.403 -103.2093   29.3483    14.4     1.6     8.0     7.7     2.2    10.9 R    20.3     0.9     8.7
22016 201201  2.403 -103.2093   29.3483    19.7     2.7    11.2    11.2     0.0    14.3 R    26.2     1.4    11.7
22016 201202  2.413 -103.2093   29.3483    20.0     4.0    12.0    11.9    23.2    28.1 C    33.8     3.2    14.6
22016 201203  2.413 -103.2093   29.3483    26.8     8.8    17.8    18.0     2.4    29.2 C    45.5     8.0    21.6
22016 201204  2.413 -103.2093   29.3483    31.6    14.4    23.0    23.7     9.1 -9999.0 C    53.6    13.1    28.7
22016 201205  2.413 -103.2093   29.3483    32.6    17.1    24.9    25.1    70.8 -9999.0 C    52.7    16.5    30.6
22016 201206  2.413 -103.2093   29.3483    36.4    21.3    28.9    29.3    46.9 -9999.0 C    58.4    21.2    35.8
22016 201207  2.413 -103.2093   29.3483    33.5    21.0    27.2    27.0    22.6 -9999.0 C    57.7    20.7    33.3
22016 201208  2.413 -103.2093   29.3483    35.0    21.4    28.2    28.5    33.3 -9999.0 C    57.6    21.5    34.8
22016 201209  2.413 -103.2093   29.3483    31.1    17.6    24.3    24.7    27.0    28.6 C    51.3    17.7    29.9
22016 201210  2.413 -103.2093   29.3483    28.5    13.1    20.8    20.7     9.9    31.1 C    43.9    13.1    24.6
22016 201211  2.413 -103.2093   29.3483    23.8     8.3    16.1    16.2     3.4    25.2 C    37.5     7.8    18.6
22016 201212  2.413 -103.2093   29.3483    20.1     4.3    12.2    12.0     0.6    21.8 C    30.3     2.9    12.8
22016 201301  2.413 -103.2093   29.3483    15.7     2.3     9.0     9.0    49.0    23.0 C    24.3     1.2     9.7
22016 201302  2.423 -103.2093   29.3483    20.7     4.3    12.5    12.5     0.0    20.4 C    36.1     2.5    15.1
22016 201303  2.423 -103.2093   29.3483    25.2     6.9    16.1    16.5     0.0    22.3 C    45.4     5.6    20.7
22016 201304  2.423 -103.2093   29.3483    29.2    10.4    19.8    20.5     2.0    25.7 C    53.0    10.1    26.7
22016 201305  2.423 -103.2093   29.3483    33.0    15.7    24.3    24.5     6.3    25.6 C    56.8    14.9    31.0
22016 201306  2.423 -103.2093   29.3483    35.9    21.0    28.5    28.4    32.9    25.6 C    59.3    21.2    35.4
22016 201307  2.423 -103.2093   29.3483    33.2    20.8    27.0    26.6    18.1    21.1 C    54.8    21.0    32.8
22016 201308  2.423 -103.2093   29.3483    34.7    21.1    27.9    28.1    34.5    22.8 C    57.2    20.7    33.7
22016 201309  2.423 -103.2093   29.3483    30.5    18.4    24.4    24.4    63.0    18.7 C    47.4    18.3    28.3
22016 201310  2.423 -103.2093   29.3483    27.2    12.5    19.9    19.9    14.2    17.8 C    40.7    12.7    23.3
22016 201311  2.423 -103.2093   29.3483    17.9     5.7    11.8    11.5    38.2    11.6 C    23.8     5.8    12.9
22016 201312  2.423 -103.2093   29.3483    16.5     2.0     9.2     9.0    11.9    11.9 C    21.3     1.6     9.3
22016 201401  2.423 -103.2093   29.3483    18.1     0.9     9.5     9.4     0.0    14.1 C    25.2     0.0    10.0
22016 201402  2.423 -103.2093   29.3483    22.0     3.8    12.9    12.8     1.1    17.0 C    33.7     3.0    15.1
22016 201403  2.423 -103.2093   29.3483    23.9     7.6    15.7    16.2     0.0    19.4 C    41.4     6.8    20.0
22016 201404  2.423 -103.2093   29.3483    29.2    12.2    20.7    21.4     4.8    23.6 C    49.5    11.1    26.1
22016 201405  2.423 -103.2093   29.3483    32.8    15.7    24.2    24.9    13.0    26.2 C    55.4    14.8    31.2
22016 201406  2.423 -103.2093   29.3483    36.4    20.9    28.6    28.7    34.6    25.3 C    58.2    21.0    35.2
22016 201407  2.423 -103.2093   29.3483    35.1    21.8    28.4    28.3    24.6    24.6 C    58.3    22.1    35.2
22016 201408  2.423 -103.2093   29.3483    34.2    21.3    27.8    27.8    95.2    22.1 C    55.4    21.7    33.3
22016 201409  2.423 -103.2093   29.3483    29.5    18.3    23.9    23.5    41.1    17.6 C    44.7    19.3    28.2
22016 201410  2.423 -103.2093   29.3483    29.1    13.7    21.4    21.6     5.3    17.7 C    43.0    13.9    25.2
22016 201411  2.423 -103.2093   29.3483    18.4     4.6    11.5    11.3    90.9    13.3 C    23.9     4.9    12.5
22016 201412  2.423 -103.2093   29.3483    18.1     4.1    11.1    10.6     1.9    11.2 C    22.2     4.1    11.5
22016 201501  2.423 -103.2093   29.3483    13.5     1.4     7.5     7.0    47.2    10.5 C    18.3     2.1     8.3
22016 201502  2.423 -103.2093   29.3483    17.9     3.8    10.9    10.6     8.3    14.3 C    24.6     4.6    12.6
22016 201503  2.423 -103.2093   29.3483    21.5     7.2    14.3    14.3    30.4    17.5 C    33.5     7.8    17.5
22016 201504  2.423 -103.2093   29.3483    27.4    11.3    19.4    19.3     9.2    21.6 C    44.4    11.9    24.2
22016 201505  2.423 -103.2093   29.3483    31.8    16.1    24.0    24.0    51.9    25.8 C    51.6    16.8    30.1
22016 201506  2.423 -103.2093   29.3483    34.2    19.1    26.6    26.5    35.3    26.4 C    56.1    20.9    34.2
22016 201507  2.423 -103.2093   29.3483 -9999.0 -9999.0 -9999.0 -9999.0    30.5    25.4 C    58.5    22.4    36.0
22016 201508  2.423 -103.2093   29.3483    36.6    21.5    29.0    29.5    14.9    24.2 C    57.7    22.6    36.0
22016 201509  2.423 -103.2093   29.3483    33.2    18.6    25.9    26.4    24.8    21.2 C    50.1    19.7    31.5
22016 201510  2.423 -103.2093   29.3483    27.7    14.7    21.2    21.0    48.3    15.8 C    36.6    15.1    23.4
22016 201511  2.423 -103.2093   29.3483    21.5     6.8    14.1    14.0     5.7    13.0 C    27.2     7.2    15.7
22016 201512  2.423 -103.2093   29.3483    19.5     3.2    11.4    11.4    19.6    12.6 C    22.4     2.2    10.8
22016 201601  2.423 -103.2093   29.3483    16.9     1.8     9.4     9.4     3.9    13.4 C    21.0     1.4     9.7
22016 201602  2.423 -103.2093   29.3483    23.1     4.2    13.7    13.8     7.2    18.5 C    31.7     3.8    15.5
22016 201603  2.423 -103.2093   29.3483    26.4     9.0    17.7    18.1     4.3    20.1 C    41.0     8.5    21.6
22016 201604  2.423 -103.2093   29.3483    29.3    13.0    21.2    21.8     0.0    23.9 C    49.9    12.9    27.6
22016 201605  2.423 -103.2093   29.3483    31.8    16.8    24.3    24.1    34.9    22.9 C    52.3    16.8    29.9
22016 201606  2.423 -103.2093   29.3483    34.8    19.8    27.3    27.3    45.4    24.6 C    56.1    20.3    33.7
22016 201607  2.423 -103.2093   29.3483    37.0    23.2    30.1    30.3     2.5    24.2 C    59.4    23.7    37.2
22016 201608  2.423 -103.2093   29.3483    31.7    20.5    26.1    25.6   145.4    18.7 C    45.6    21.0    29.5
22016 201609  2.423 -103.2093   29.3483    29.6    18.3    24.0    23.9 -9999.0    17.7 C    40.3    19.0    27.3
22016 201610  2.423 -103.2093   29.3483    29.6    14.3    22.0    22.1    10.1    16.6 C    38.7    15.2    25.2
22016 201611  2.423 -103.2093   29.3483    22.7     9.0    15.9    15.8     6.9    12.0 C    29.2     9.4    17.5
22016 201612  2.423 -103.2093   29.3483    19.1     4.5    11.8    11.3    28.4    10.3 C    22.1     5.4    12.2
22016 201701  2.423 -103.2093   29.3483    19.7     3.9    11.8    11.8     2.3    13.3 C    25.2     3.6    12.8
22016 201702  2.423 -103.2093   29.3483    23.9     7.1    15.5    15.5    15.3    16.0 C    32.1     6.2    17.0
22016 201703  2.423 -103.2093   29.3483    28.6    10.5    19.5    19.9     1.8    22.4 C    44.3    10.6    24.3
22016 201704  2.423 -103.2093   29.3483    30.2    13.0    21.6    22.1    14.1    24.7 C    49.4    13.4    27.7
22016 201705  2.423 -103.2093   29.3483    32.5    16.6    24.5    25.0    59.8    27.0 C    52.5    16.6    31.4
22016 201706  2.423 -103.2093   29.3483    36.5    19.9    28.2    28.5    28.8    26.4 C    56.1    21.4    35.4
22016 201707  2.423 -103.2093   29.3483    34.8    21.0    27.9    27.7    52.0    23.7 C    56.0    22.3    34.4
