04126 200307  1.100 -113.5560   43.4621 -9999.0 -9999.0 -9999.0 -9999.0 -9999.0 -9999.0 U -9999.0 -9999.0 -9999.0
04126 200308  1.100 -113.5560   43.4621    29.3    14.2    21.8    22.0    10.0    23.9 R -9999.0 -9999.0    25.4
04126 200309  1.100 -113.5560   43.4621    22.3     7.4    14.8    15.1     0.2    19.1 R -9999.0 -9999.0    16.4
04126 200310  1.100 -113.5560   43.4621    16.7     3.2     9.9    10.1     0.9    13.8 R -9999.0 -9999.0     9.7
04126 200311  1.100 -113.5560   43.4621     1.3    -8.2    -3.4    -3.4    15.2     8.1 R -9999.0 -9999.0    -4.4
04126 200312  1.100 -113.5560   43.4621    -0.3    -7.6    -3.9    -3.9    78.8     6.1 R -9999.0 -9999.0    -6.1
04126 200401  1.100 -113.5560   43.4621    -4.8   -12.0    -8.4    -8.1    59.0     8.0 R -9999.0 -9999.0   -11.1
04126 200402  1.100 -113.5560   43.4621    -3.8   -11.0    -7.4    -7.0    43.6    10.8 R -9999.0 -9999.0    -9.2
04126 200403  1.100 -113.5560   43.4621     7.2    -2.3     2.4     2.6     5.0    19.3 R -9999.0 -9999.0     0.9
04126 200404  1.100 -113.5560   43.4621    13.3     0.9     7.1     7.2    14.1    20.1 R -9999.0 -9999.0     9.7
04126 200405  1.201 -113.5560   43.4621    15.5     3.8     9.7     9.7    41.1    22.3 R -9999.0 -9999.0    12.1
04126 200406  1.201 -113.5560   43.4621    22.9     8.4    15.6    15.7    13.5    27.1 R -9999.0 -9999.0    20.2
04126 200407  1.201 -113.5560   43.4621    28.1    12.6    20.3    20.4    16.8    25.9 R -9999.0 -9999.0    24.5
04126 200408  1.201 -113.5560   43.4621 -9999.0 -9999.0 -9999.0 -9999.0    34.7    23.6 R -9999.0 -9999.0    21.4
04126 200409  1.201 -113.5560   43.4621    19.7     6.2    13.0    12.9    20.0    18.5 R -9999.0 -9999.0    14.2
04126 200410  1.201 -113.5560   43.4621    12.2     1.9     7.0     7.0    70.8    12.0 R -9999.0 -9999.0     7.3
04126 200411  1.201 -113.5560   43.4621     4.2    -4.8    -0.3    -0.5    13.6     8.3 R -9999.0 -9999.0    -1.1
04126 200412  1.201 -113.5560   43.4621    -1.7    -8.6    -5.2    -4.9   100.5     5.6 R -9999.0 -9999.0    -6.7
04126 200501  1.201 -113.5560   43.4621    -3.3    -9.7    -6.5    -6.3    73.9     8.4 R -9999.0 -9999.0    -9.0
04126 200502  1.201 -113.5560   43.4621    -2.0    -9.5    -5.8    -5.4    23.4    14.0 R -9999.0 -9999.0    -9.2
04126 200503  1.201 -113.5560   43.4621     4.2    -4.3     0.0     0.3    79.4    18.3 R -9999.0 -9999.0    -1.9
04126 200504  1.201 -113.5560   43.4621    10.3    -1.4     4.4     4.4    52.8    19.6 R -9999.0 -9999.0     6.5
04126 200505  1.201 -113.5560   43.4621    15.5     4.2     9.9     9.8   100.0    22.7 R -9999.0 -9999.0    12.8
04126 200506  1.201 -113.5560   43.4621    19.2     5.7    12.4    12.4    31.7    25.3 R -9999.0 -9999.0    15.2
04126 200507  1.201 -113.5560   43.4621    29.1    14.2    21.6    22.3     0.2    29.1 R -9999.0 -9999.0    25.4
04126 200508  1.201 -113.5560   43.4621    27.5    11.9    19.7    20.2     1.0    25.1 R -9999.0 -9999.0    23.1
04126 200509  1.201 -113.5560   43.4621    20.7     6.3    13.5    13.6     3.6    20.2 R -9999.0 -9999.0    15.1
04126 200510  1.201 -113.5560   43.4621    13.9     1.9     7.9     7.5    19.1    13.0 R -9999.0 -9999.0     7.5
04126 200511  1.201 -113.5560   43.4621     4.2    -5.2    -0.5    -0.6    43.4     8.0 R -9999.0 -9999.0    -1.3
04126 200512  1.201 -113.5560   43.4621    -3.8   -10.6    -7.2    -7.1   121.7     6.8 R -9999.0 -9999.0    -8.8
04126 200601  1.201 -113.5560   43.4621    -2.7    -9.9    -6.3    -5.9   146.7     7.9 R -9999.0 -9999.0    -7.6
04126 200602  1.201 -113.5560   43.4621    -4.8   -12.1    -8.5    -8.2    38.2    13.3 R -9999.0 -9999.0   -10.0
04126 200603  1.201 -113.5560   43.4621    -0.1    -7.1    -3.6    -3.2   118.0    17.9 R -9999.0 -9999.0    -4.1
04126 200604  1.201 -113.5560   43.4621    10.4    -0.1     5.2     5.3    41.7    20.4 R -9999.0 -9999.0     6.4
04126 200605  1.201 -113.5560   43.4621    18.6     4.8    11.7    12.1    26.5    26.5 R -9999.0 -9999.0    14.8
04126 200606  1.201 -113.5560   43.4621    24.7    10.0    17.3    17.6    13.8    28.8 R -9999.0 -9999.0    20.9
04126 200607  1.301 -113.5560   43.4621    30.7    15.5    23.1    23.4     6.8    27.4 R -9999.0 -9999.0    27.2
04126 200608  1.301 -113.5560   43.4621    27.2    11.0    19.1    19.7     0.0    25.2 R    52.5     6.5    23.8
04126 200609  1.301 -113.5560   43.4621    20.8     6.5    13.6    13.6    11.0    17.7 R    42.7     1.7    15.4
04126 200610  1.301 -113.5560   43.4621    11.9     0.1     6.0     5.6    31.2    12.2 R    26.7    -3.3     5.7
04126 200611  1.301 -113.5560   43.4621     3.6    -5.1    -0.8    -0.6    35.0     7.5 R    13.3    -7.7    -1.5
04126 200612  1.301 -113.5560   43.4621    -1.8    -9.9    -5.8    -5.8    20.4     6.6 R     3.7   -13.0    -7.4
04126 200701  1.301 -113.5560   43.4621    -4.5   -13.8    -9.2    -9.0     7.4     9.2 R    -1.7   -18.3   -11.8
04126 200702  1.301 -113.5560   43.4621     1.0    -6.7    -2.8    -2.7    44.6    10.8 R     7.6    -9.4    -4.0
04126 200703  1.301 -113.5560   43.4621     8.9    -2.5     3.2     3.1     8.9    17.4 R    20.6    -5.8     3.2
04126 200704  1.301 -113.5560   43.4621    12.6     0.0     6.3     6.4    30.4    21.0 R    31.1    -3.0     8.8
04126 200705  1.301 -113.5560   43.4621    19.4     4.9    12.2    12.7     7.8    27.0 R    42.1     1.1    16.7
04126 200706  1.302 -113.5560   43.4621    24.1     9.5    16.8    17.4    21.5    27.2 R    46.8     5.9    21.4
04126 200707  1.302 -113.5560   43.4621    32.4    16.1    24.2    24.5    11.5    25.5 R    61.1    11.7    29.1
04126 200708  1.302 -113.5560   43.4621    28.7    13.2    20.9    21.2     1.6    24.0 R    55.4     8.8    24.8
04126 200709  1.302 -113.5560   43.4621    20.4     6.8    13.6    13.6    27.9    17.3 R    44.0     3.0    15.6
04126 200710  1.302 -113.5560   43.4621    11.2     0.2     5.7     5.6    46.5    11.7 R    29.2    -2.6     5.8
04126 200711  1.302 -113.5560   43.4621     5.6    -4.8     0.4     0.4    21.1     8.9 R    23.4    -7.5    -0.2
04126 200712  1.302 -113.5560   43.4621    -4.3   -10.9    -7.6    -7.3    41.4     5.3 R     7.9   -13.9    -8.4
04126 200801  1.302 -113.5560   43.4621    -6.4   -14.6   -10.5   -10.1   105.5     7.5 R     4.4   -18.2   -11.8
04126 200802  1.302 -113.5560   43.4621    -3.3   -10.9    -7.1    -6.7 -9999.0    12.8 R    10.3   -14.1    -7.9
04126 200803  1.302 -113.5560   43.4621     0.1    -8.3    -4.1    -3.9    21.4    19.1 R    13.6   -11.9    -5.0
04126 200804  1.302 -113.5560   43.4621     7.0    -4.6     1.2     1.3     4.9    23.1 R    25.0    -7.2     2.5
04126 200805  1.302 -113.5560   43.4621    16.6     3.0     9.8     9.9    18.6    22.4 R    44.4     0.4    13.2
04126 200806  1.302 -113.5560   43.4621    21.9     7.7    14.8    15.4    21.0    27.6 R    52.2     4.3    19.2
04126 200807  1.302 -113.5560   43.4621    29.3    13.9    21.6    22.3     0.0    28.8 R    64.1     9.5    27.3
04126 200808  1.302 -113.5560   43.4621    27.9    12.0    19.9    20.4     4.3    24.9 R    60.1     8.0    24.6
04126 200809  1.302 -113.5560   43.4621    22.3     6.7    14.5    14.6    10.2    20.2 R    44.8     1.1    16.9
04126 200810  1.302 -113.5560   43.4621    13.1     0.9     7.0     6.9    26.8    13.3 R    25.9    -3.5     6.8
04126 200811  1.302 -113.5560   43.4621     6.6    -2.6     2.0     1.8    41.1     8.1 R    14.6    -5.2     1.2
04126 200812  1.302 -113.5560   43.4621    -3.0   -12.4    -7.7    -7.5   103.6     6.1 R     0.2   -15.8    -8.6
04126 200901  1.302 -113.5560   43.4621    -2.2   -11.1    -6.6    -6.4    32.1     7.7 R    -0.7   -14.9    -9.1
04126 200902  1.302 -113.5560   43.4621    -2.6   -10.4    -6.5    -6.2    25.2    12.5 R    -0.5   -15.2    -8.4
04126 200903  1.302 -113.5560   43.4621     1.8    -6.3    -2.2    -2.1    36.5    17.4 R     8.5    -8.9    -2.3
04126 200904  1.302 -113.5560   43.4621     9.9    -0.9     4.5     4.4    40.2    19.7 R    27.9    -3.7     6.8
04126 200905  1.302 -113.5560   43.4621    17.6     4.3    10.9    11.3    29.6    24.7 R    37.6     0.7    14.5
04126 200906  1.302 -113.5560   43.4621    18.7     7.2    13.0    12.6   156.3    21.2 R    36.3     5.3    15.5
04126 200907  1.302 -113.5560   43.4621    27.4    12.3    19.9    20.3     4.7    27.4 R    53.0     8.2    24.9
04126 200908  1.302 -113.5560   43.4621    26.4    11.4    18.9    18.9    11.8    22.3 R    51.2     7.3    22.9
04126 200909  1.302 -113.5560   43.4621    24.7     9.4    17.0    17.4     6.8    19.2 R    46.5     4.2    19.6
04126 200910  1.302 -113.5560   43.4621     8.9    -2.0     3.4     3.4    52.7    12.1 R    25.8    -4.7     4.0
04126 200911  1.302 -113.5560   43.4621     3.7    -5.9    -1.1    -1.1    12.0     8.5 R    21.9    -9.6    -2.4
04126 200912  1.302 -113.5560   43.4621    -5.6   -13.2    -9.4    -9.3    24.6     5.9 R    11.7   -17.0   -10.8
04126 201001  1.302 -113.5560   43.4621    -2.8    -9.3    -6.1    -5.8   101.5     7.0 R    11.1   -12.9    -7.4
04126 201002  1.302 -113.5560   43.4621    -3.9   -10.5    -7.2    -6.9     9.3    12.0 R    14.6   -14.8    -8.2
04126 201003  1.302 -113.5560   43.4621     2.3    -5.7    -1.7    -1.4    42.0    16.5 R    20.3    -9.3    -2.9
04126 201004  1.302 -113.5560   43.4621     9.4    -2.2     3.6     3.7    61.3    19.3 R    37.2    -4.7     5.7
04126 201005  1.302 -113.5560   43.4621    12.1     0.6     6.4     6.4    41.2    19.7 R    45.2    -1.8     9.7
04126 201006  1.302 -113.5560   43.4621    19.9     7.1    13.5    13.7    35.4    23.5 R    50.4     4.9    16.8
04126 201007  1.302 -113.5560   43.4621    27.2    11.8    19.5    19.8     7.7    27.6 R    63.4     7.3    23.9
04126 201008  1.302 -113.5560   43.4621    25.7    10.5    18.1    18.4     8.8    23.4 R    58.4     6.8    22.0
04126 201009  2.404 -113.5560   43.4621    22.6     7.3    15.0    15.3     8.2    19.9 R    46.9     2.4    16.6
04126 201010  2.404 -113.5560   43.4621    15.2     3.2     9.2     9.0    63.0    12.4 R    28.6    -0.8     9.1
04126 201011  2.404 -113.5560   43.4621     1.5    -6.7    -2.6    -2.5    47.2     6.9 R     7.2    -9.7    -2.9
04126 201012  2.404 -113.5560   43.4621    -1.9    -9.5    -5.7    -5.5    99.3     6.0 R    -0.9   -12.4    -6.8
04126 201101  2.404 -113.5560   43.4621    -5.6   -12.8    -9.2    -9.0     6.6     8.1 R    -3.6   -15.8   -10.1
04126 201102  2.404 -113.5560   43.4621    -3.9   -12.2    -8.1    -7.7    19.6    12.1 R    -2.4   -16.0    -9.3
04126 201103  2.404 -113.5560   43.4621     1.3    -5.9    -2.3    -1.8    81.0    15.7 R     2.7    -8.9    -3.0
04126 201104  2.404 -113.5560   43.4621     6.4    -3.5     1.5     1.6    31.3    20.6 R    22.7    -5.4     4.1
04126 201105  2.404 -113.5560   43.4621    13.7     1.6     7.7     7.5    39.2    20.8 R    34.5    -0.5    10.9
04126 201106  2.403 -113.5560   43.4621    19.4     5.9    12.7    12.9    43.5    26.5 R    38.3     3.4    16.5
04126 201107  2.403 -113.5560   43.4621    27.8    12.6    20.2    20.6     4.8    28.4 R    51.5     8.2    25.5
04126 201108  2.403 -113.5560   43.4621    28.7    12.9    20.8    21.0     1.0    24.2 R    53.7     7.8    24.9
04126 201109  2.403 -113.5560   43.4621    24.2     9.1    16.7    16.8     1.6    19.5 R    45.5     4.4    19.5
04126 201110  2.403 -113.5560   43.4621    13.0     1.7     7.4     7.2    68.3    11.9 R    23.4    -0.7     7.5
04126 201111  2.403 -113.5560   43.4621     2.2    -7.2    -2.5    -2.4    21.1     8.4 R     7.1   -10.0    -3.4
04126 201112  2.403 -113.5560   43.4621    -1.1   -10.3    -5.7    -5.8    17.5     7.1 R     1.3   -13.4    -7.6
04126 201201  2.403 -113.5560   43.4621    -0.8    -9.5    -5.1    -4.9    48.0     7.5 R     1.6   -11.9    -6.2
04126 201202  2.403 -113.5560   43.4621    -1.4    -9.3    -5.4    -4.8    16.2    11.9 R     0.5   -13.2    -6.7
04126 201203  2.403 -113.5560   43.4621     6.0    -3.2     1.4     1.5    67.5    13.6 R    11.3    -5.1     0.7
04126 201204  2.403 -113.5560   43.4621    14.2     0.5     7.4     7.5    10.7    21.9 R    32.2    -1.8    10.1
04126 201205  2.403 -113.5560   43.4621    17.3     3.8    10.6    10.9    15.6    24.4 R    39.1     0.8    15.0
04126 201206  2.413 -113.5560   43.4621    23.2     7.6    15.4    16.2     6.5    29.8 R    47.2     2.6    20.9
04126 201207  2.413 -113.5560   43.4621    29.8    13.8    21.8    22.1    24.5    25.6 C    55.6     8.0    26.3
04126 201208  2.413 -113.5560   43.4621    29.5    14.2    21.8    22.1    11.9    23.1 C    52.0     6.5    24.6
04126 201209  2.413 -113.5560   43.4621    23.7     9.3    16.5    16.5     5.8    18.8 C    43.5     0.7    17.0
04126 201210  2.413 -113.5560   43.4621    12.9     0.5     6.7     6.9    19.3    13.5 C    25.7    -6.4     5.9
04126 201211  2.413 -113.5560   43.4621     4.9    -3.3     0.8     0.9    65.5     6.8 C     9.7    -7.6    -0.5
04126 201212  2.413 -113.5560   43.4621    -2.1    -9.3    -5.7    -5.4    79.3     5.6 C    -1.4   -14.1    -7.8
04126 201301  2.413 -113.5560   43.4621    -6.9   -14.1   -10.5   -10.0    33.9     7.3 C    -7.3   -21.9   -14.5
04126 201302  2.413 -113.5560   43.4621    -2.5   -10.2    -6.3    -5.9    16.7    12.6 C    -3.0   -18.2   -10.0
04126 201303  2.413 -113.5560   43.4621     4.8    -5.4    -0.3     0.0    23.1    17.0 C     9.3    -9.6    -1.8
04126 201304  2.413 -113.5560   43.4621    10.7    -1.7     4.5     4.6    10.3    20.1 C    26.9    -5.7     6.0
04126 201305  2.413 -113.5560   43.4621    17.8     4.3    11.1    11.0    16.9    22.8 C    40.3    -0.4    14.2
04126 201306  2.413 -113.5560   43.4621    24.4     9.0    16.7    17.2    10.7    28.6 C    46.4     3.8    21.2
04126 201307  2.413 -113.5560   43.4621    31.1    14.5    22.8    23.3     4.3    26.3 C    54.0     8.4    26.8
04126 201308  2.423 -113.5560   43.4621    29.6    14.2    21.9    22.1     0.7    24.4 C    51.7     7.3    25.2
04126 201309  2.423 -113.5560   43.4621    20.4     8.1    14.3    14.0    58.1    15.8 C    37.1     3.6    15.4
04126 201310  2.423 -113.5560   43.4621    11.6    -0.2     5.7     5.6    14.7    12.5 C    22.9    -5.0     4.7
04126 201311  2.423 -113.5560   43.4621     5.9    -4.6     0.6     0.5     8.1     8.2 C    12.3   -10.0    -1.9
04126 201312  2.423 -113.5560   43.4621    -4.9   -13.2    -9.0    -8.9    10.4     6.0 C    -4.3   -19.4   -12.1
04126 201401  2.423 -113.5560   43.4621     0.8    -9.2    -4.2    -4.4    19.9     8.1 C    -0.5   -15.4    -8.9
04126 201402  2.423 -113.5560   43.4621     1.2    -8.3    -3.5    -3.1    27.9    11.0 C     3.9   -12.2    -4.8
04126 201403  2.423 -113.5560   43.4621     7.7    -3.4     2.1     2.2    52.5    14.8 C    16.9    -6.8     2.1
04126 201404  2.423 -113.5560   43.4621    11.9    -0.6     5.7     5.7    26.5    21.1 C    27.8    -5.0     7.4
04126 201405  2.423 -113.5560   43.4621    18.8     5.0    11.9    12.4     6.3    25.2 C    40.9    -0.4    15.8
04126 201406  2.423 -113.5560   43.4621    22.6     7.8    15.2    15.6     8.1    27.6 C    43.2     2.4    19.5
04126 201407  2.423 -113.5560   43.4621    30.8    14.7    22.8    23.1    15.8    27.1 C    54.6     8.6    27.4
04126 201408  2.423 -113.5560   43.4621    24.5    11.2    17.8    17.4    58.6    19.5 C    44.6     7.0    19.7
04126 201409  2.423 -113.5560   43.4621    22.0     8.0    15.0    15.2    41.4    19.0 C    39.5     1.7    16.1
04126 201410  2.423 -113.5560   43.4621    16.1     2.7     9.4     9.3     3.2    14.0 C    27.8    -3.9     7.8
04126 201411  2.423 -113.5560   43.4621     2.9    -6.6    -1.8    -1.8    37.3     7.8 C     5.3   -11.4    -4.3
04126 201412  2.423 -113.5560   43.4621     0.2    -6.6    -3.2    -3.2    49.5     5.3 C     0.4   -11.5    -5.7
04126 201501  2.423 -113.5560   43.4621    -1.2    -8.8    -5.0    -4.9    22.0     7.4 C    -2.4   -14.1    -8.3
04126 201502  2.423 -113.5560   43.4621     5.8    -4.6     0.6     0.5    19.3    11.4 C    12.6    -7.3    -0.7
04126 201503  2.423 -113.5560   43.4621    11.7    -1.6     5.0     5.2    11.1    17.3 C    23.1    -7.1     4.1
04126 201504  2.423 -113.5560   43.4621    12.6    -0.3     6.2     6.1    20.9    21.2 C    30.6    -5.0     8.3
04126 201505  2.423 -113.5560   43.4621    16.9     4.9    10.9    10.5    75.8    19.7 C    34.9     2.1    13.5
04126 201506  2.423 -113.5560   43.4621    27.5    12.2    19.8    20.1     2.1    28.2 C    45.3     6.3    22.8
04126 201507  2.423 -113.5560   43.4621    26.9    12.0    19.4    19.4    14.5    24.6 C    46.9     7.3    22.9
04126 201508  2.423 -113.5560   43.4621    27.6    12.5    20.1    20.2    16.4    21.3 C    46.5     6.3    22.1
04126 201509  2.423 -113.5560   43.4621    23.1     8.7    15.9    16.1    26.9    18.6 C    39.4     1.5    16.3
04126 201510  2.423 -113.5560   43.4621    16.6     4.7    10.6    10.7    19.3    11.5 C    26.9    -1.2     9.4
04126 201511  2.423 -113.5560   43.4621     2.0    -7.0    -2.5    -2.7    26.8     6.9 C     5.2   -11.3    -4.7
04126 201512  2.423 -113.5560   43.4621    -3.3   -10.8    -7.0    -6.9    96.9     5.1 C    -4.4   -17.9   -10.7
04126 201601  2.423 -113.5560   43.4621    -3.6   -11.2    -7.4    -7.0    55.3     6.8 C    -4.4   -17.3    -9.9
04126 201602  2.423 -113.5560   43.4621    -0.3    -8.0    -4.1    -3.9     8.1    12.5 C    -2.1   -14.4    -8.4
04126 201603  2.423 -113.5560   43.4621     5.6    -3.2     1.2     1.2    56.7    14.2 C    13.4    -6.9     0.3
04126 201604  2.423 -113.5560   43.4621    14.8     1.8     8.3     8.4    42.5    18.7 C    32.1    -2.7    10.0
04126 201605  2.423 -113.5560   43.4621    16.6     4.1    10.3    10.5    58.9    22.0 C    32.7     0.6    12.8
04126 201606  2.423 -113.5560   43.4621    25.6    10.7    18.1    18.6    10.4    27.1 C    43.4     5.8    21.5
04126 201607  2.423 -113.5560   43.4621    28.3    13.2    20.7    21.5     0.0    27.9 C    50.6     6.2    25.0
04126 201608  2.423 -113.5560   43.4621    27.9    12.4    20.2    20.6     8.1    22.8 C    49.1     5.3    23.0
04126 201609  2.423 -113.5560   43.4621    19.5     7.0    13.3    13.2    56.7    15.6 C    33.6     2.1    13.8
04126 201610  2.423 -113.5560   43.4621    12.4     2.3     7.3     7.1    91.0    10.5 C    20.6    -2.0     6.1
04126 201611  2.423 -113.5560   43.4621     8.3    -1.8     3.2     3.0     4.5     7.8 C    14.5    -6.4     0.6
04126 201612  2.423 -113.5560   43.4621    -5.8   -14.0    -9.9    -9.4   112.7     5.6 C    -6.1   -20.2   -12.5
04126 201701  2.423 -113.5560   43.4621    -7.0   -13.8   -10.4   -10.2 -9999.0     6.9 C    -8.1   -20.6   -14.1
04126 201702  2.423 -113.5560   43.4621    -0.4    -6.9    -3.6    -3.4 -9999.0    10.1 C    -1.8   -11.4    -5.9
04126 201703  2.423 -113.5560   43.4621     5.8    -2.1     1.8     1.9 -9999.0    15.8 C     8.7    -6.5    -0.4
04126 201704  2.423 -113.5560   43.4621    10.0    -1.4     4.3     4.3    51.8    18.4 C    26.9    -4.5     6.5
04126 201705  2.423 -113.5560   43.4621    17.7     4.1    10.9    11.2    29.6    23.7 C    36.4     0.3    14.2
04126 201706  2.423 -113.5560   43.4621    23.7     9.1    16.4    16.7     8.2    26.1 C    41.9     4.8    19.9
04126 201707  2.423 -113.5560   43.4621    31.2    15.7    23.4    23.8     0.3    26.5 C    52.8     9.6    27.3
