94082 200407  1.201 -108.9677   40.2446 -9999.0 -9999.0 -9999.0 -9999.0 -9999.0 -9999.0 U -9999.0 -9999.0 -9999.0
94082 200408  1.201 -108.9677   40.2446    28.9    13.6    21.2    21.1     6.9    23.9 R -9999.0 -9999.0    26.4
94082 200409  1.201 -108.9677   40.2446    23.3    10.2    16.7    16.4    42.7    19.2 R -9999.0 -9999.0    19.0
94082 200410  1.201 -108.9677   40.2446    15.2     4.6     9.9     9.4    57.8    11.8 R -9999.0 -9999.0    10.2
94082 200411  1.201 -108.9677   40.2446     4.7    -2.5     1.1     0.8    39.8     7.8 R -9999.0 -9999.0     1.1
94082 200412  1.201 -108.9677   40.2446     2.3    -6.3    -2.0    -2.4     8.3     8.3 R -9999.0 -9999.0    -3.3
94082 200501  1.201 -108.9677   40.2446     2.0    -5.0    -1.5    -1.7    38.9     7.8 R -9999.0 -9999.0    -2.4
94082 200502  1.201 -108.9677   40.2446     4.0    -4.8    -0.4    -0.8    32.6    12.9 R -9999.0 -9999.0    -1.8
94082 200503  1.201 -108.9677   40.2446     8.9    -1.7     3.6     3.2    17.1    16.3 R -9999.0 -9999.0     4.8
94082 200504  1.201 -108.9677   40.2446    15.6     1.6     8.6     8.5    24.0    21.5 R -9999.0 -9999.0    12.1
94082 200505  1.201 -108.9677   40.2446    21.3     6.8    14.0    13.9    32.9    25.6 R -9999.0 -9999.0    18.6
94082 200506  1.201 -108.9677   40.2446    24.8    10.0    17.4    17.0    50.4    24.6 R -9999.0 -9999.0    21.6
94082 200507  1.201 -108.9677   40.2446    34.1    17.2    25.6    25.3     5.6    26.7 R -9999.0 -9999.0    32.0
94082 200508  1.201 -108.9677   40.2446    29.6    14.1    21.8    21.1    35.3    21.8 R -9999.0 -9999.0    26.1
94082 200509  1.201 -108.9677   40.2446    24.2    10.0    17.1    16.8    55.4    18.9 R -9999.0 -9999.0    18.9
94082 200510  1.201 -108.9677   40.2446    16.8     4.8    10.8    10.4    35.4    13.4 R -9999.0 -9999.0    10.8
94082 200511  1.201 -108.9677   40.2446     7.6    -1.7     2.9     2.7    23.4     9.1 R -9999.0 -9999.0     1.6
94082 200512  1.201 -108.9677   40.2446     1.4    -8.4    -3.5    -3.6     4.7     7.5 R -9999.0 -9999.0    -5.6
94082 200601  1.201 -108.9677   40.2446     2.3    -6.7    -2.2    -2.4    30.3     9.0 R -9999.0 -9999.0    -5.2
94082 200602  1.201 -108.9677   40.2446     4.7    -7.3    -1.3    -1.5     5.0    13.3 R -9999.0 -9999.0    -3.2
94082 200603  1.201 -108.9677   40.2446     8.0    -3.0     2.5     2.2    42.8    15.1 R -9999.0 -9999.0     2.8
94082 200604  1.201 -108.9677   40.2446    17.1     2.8     9.9     9.9    30.0    21.4 R -9999.0 -9999.0    12.5
94082 200605  1.201 -108.9677   40.2446    24.2     8.0    16.1    16.2    16.7    26.1 R -9999.0 -9999.0    22.2
94082 200606  1.201 -108.9677   40.2446    30.8    14.2    22.5    22.7     3.2    27.2 R -9999.0 -9999.0    30.5
94082 200607  1.301 -108.9677   40.2446    33.4    17.6    25.5    24.8    18.2    23.7 R -9999.0 -9999.0    31.8
94082 200608  1.301 -108.9677   40.2446    30.4    13.9    22.2    21.2    19.0    22.9 R    57.3    11.6    26.8
94082 200609  1.301 -108.9677   40.2446    22.0     7.5    14.7    14.3    32.6    18.3 R    39.8     5.5    17.6
94082 200610  1.301 -108.9677   40.2446    13.3     2.8     8.0     7.4   101.0    12.0 R    21.5     1.4     8.0
94082 200611  1.301 -108.9677   40.2446     8.0    -2.6     2.7     2.7    17.2     9.6 R    14.1    -5.4     1.4
94082 200612  1.301 -108.9677   40.2446    -0.3    -9.0    -4.7    -4.9     7.1     7.5 R    -1.9   -13.5    -7.7
94082 200701  1.301 -108.9677   40.2446    -5.6   -15.1   -10.3   -10.4    21.1    10.2 R    -5.9   -20.3   -13.8
94082 200702  1.301 -108.9677   40.2446     4.6    -4.8    -0.1    -0.4    10.8    11.9 R     4.6    -8.1    -2.6
94082 200703  1.301 -108.9677   40.2446    12.1    -0.2     6.0     5.9    17.9    17.0 R    23.7    -2.1     6.9
94082 200704  1.301 -108.9677   40.2446    16.8     2.7     9.8     9.5     8.1    22.2 R    35.9     0.6    13.1
94082 200705  1.301 -108.9677   40.2446    22.9     7.6    15.2    14.8    27.7    24.6 R    40.5     6.6    19.1
94082 200706  1.301 -108.9677   40.2446    30.9    13.2    22.1    22.2     1.9    29.4 R    57.3    12.0    29.4
94082 200707  1.302 -108.9677   40.2446    34.7    17.8    26.3    25.9    13.1    25.9 R    61.5    17.0    32.7
94082 200708  1.302 -108.9677   40.2446    32.3    16.4    24.3    23.5    13.4    22.9 R    53.6    15.1    28.5
94082 200709  1.302 -108.9677   40.2446    25.1     9.9    17.5    16.9    53.0    19.6 R    40.6     9.1    20.1
94082 200710  1.302 -108.9677   40.2446    15.9     3.1     9.5     9.0    18.6    14.3 R    23.6     1.4     9.5
94082 200711  1.302 -108.9677   40.2446    10.7    -1.4     4.6     4.2    12.9    11.0 R    17.8    -4.5     3.6
94082 200712  1.302 -108.9677   40.2446    -5.5   -12.7    -9.1    -8.9    60.8     7.2 R    -4.3   -18.0   -11.0
94082 200801  1.302 -108.9677   40.2446    -5.4   -14.5   -10.0    -9.9    17.5     9.6 R    -4.1   -19.9   -12.4
94082 200802  1.302 -108.9677   40.2446    -0.6    -8.9    -4.8    -4.7    13.0    13.6 R    -0.6   -14.2    -7.5
94082 200803  1.302 -108.9677   40.2446     6.4    -4.3     1.1     0.7    24.0    18.2 R    14.2    -7.3     0.8
94082 200804  1.302 -108.9677   40.2446    12.8    -1.1     5.8     5.9    12.8    22.7 R    34.6    -3.8     9.6
94082 200805  1.302 -108.9677   40.2446    19.7     4.7    12.2    11.9    26.2    23.9 R    46.7     2.9    17.6
94082 200806  1.302 -108.9677   40.2446    27.2    10.8    19.0    19.0    20.2    28.2 R    57.5     9.3    27.3
94082 200807  1.302 -108.9677   40.2446    33.3    16.6    25.0    24.6    16.4    26.4 R    66.9    14.8    33.1
94082 200808  1.302 -108.9677   40.2446    31.1    15.5    23.3    22.8     8.2    23.9 R    60.2    13.4    29.6
94082 200809  1.302 -108.9677   40.2446    23.9     8.9    16.4    16.0    34.8    19.9 R    43.7     6.9    19.4
94082 200810  1.302 -108.9677   40.2446    17.5     3.6    10.6    10.1    15.0    14.9 R    33.1     1.1    11.5
94082 200811  1.302 -108.9677   40.2446     9.9    -1.2     4.4     4.0    14.8     9.7 R    21.8    -2.7     4.9
94082 200812  1.302 -108.9677   40.2446     0.3    -9.2    -4.5    -4.8    34.7     7.2 R     4.4   -13.9    -7.0
94082 200901  1.302 -108.9677   40.2446     0.5    -9.2    -4.3    -4.4    15.5     9.8 R     0.3   -14.4    -7.9
94082 200902  1.302 -108.9677   40.2446     4.9    -4.8     0.1    -0.3     7.4    12.8 R     5.0    -8.3    -2.6
94082 200903  1.302 -108.9677   40.2446    10.9    -2.4     4.3     4.0    14.0    17.5 R    30.2    -5.7     5.9
94082 200904  1.302 -108.9677   40.2446    14.2     0.9     7.6     7.2    38.5    19.8 R    36.7    -1.5    11.0
94082 200905  1.302 -108.9677   40.2446    22.0     8.1    15.0    14.6    39.7    23.9 R    48.3     6.6    20.5
94082 200906  1.302 -108.9677   40.2446    25.1    10.1    17.6    16.9    38.1    24.6 R    54.2     9.2    23.8
94082 200907  1.302 -108.9677   40.2446    32.3    15.7    24.0    23.7     3.2    27.3 R    67.4    14.1    32.4
94082 200908  1.302 -108.9677   40.2446    30.4    13.8    22.1    21.8     6.9    24.2 R    61.2    11.5    28.9
94082 200909  1.302 -108.9677   40.2446    26.1    10.8    18.4    18.0    18.2    19.6 R    46.8     8.9    22.2
94082 200910  1.302 -108.9677   40.2446    13.5     1.4     7.4     7.3    16.9    13.6 R    29.9    -0.2    10.0
94082 200911  1.302 -108.9677   40.2446     8.8    -2.6     3.1     2.7    11.5    11.0 R    16.6    -5.7     2.4
94082 200912  1.302 -108.9677   40.2446    -6.1   -14.1   -10.1   -10.0    33.3     8.1 R    -3.8   -18.7   -12.0
94082 201001  1.302 -108.9677   40.2446    -3.8   -11.5    -7.7    -7.6     9.6     8.8 R    -2.5   -16.0    -9.7
94082 201002  1.302 -108.9677   40.2446    -2.1   -11.6    -6.8    -6.9    11.4    12.8 R    -1.2   -16.0    -8.9
94082 201003  1.302 -108.9677   40.2446     8.2    -2.7     2.8     2.2    16.7    16.2 R    18.4    -5.7     3.0
94082 201004  1.302 -108.9677   40.2446    14.8     1.1     7.9     7.7    37.8    19.8 R    38.4    -1.4    11.9
94082 201005  1.302 -108.9677   40.2446    18.5     3.6    11.0    11.0    25.6    24.0 R    45.8     2.0    17.1
94082 201006  1.302 -108.9677   40.2446    28.0    12.3    20.1    20.1    24.4    26.2 R    56.4    10.1    26.7
94082 201007  1.302 -108.9677   40.2446    33.0    16.0    24.5    23.8     5.7    26.3 R    66.2    13.9    32.0
94082 201008  1.302 -108.9677   40.2446    30.4    14.1    22.2    21.4    32.0    23.1 R    56.7    11.8    26.6
94082 201009  2.404 -108.9677   40.2446    27.5    10.9    19.2    18.8    12.7    21.8 R    49.5     7.5    22.4
94082 201010  2.404 -108.9677   40.2446    17.4     4.7    11.1    10.4    42.3    13.2 R    30.0     2.0    11.1
94082 201011  2.404 -108.9677   40.2446     5.4    -3.8     0.8     0.7    34.2     9.3 R     9.6    -7.1    -0.9
94082 201012  2.404 -108.9677   40.2446 -9999.0 -9999.0 -9999.0 -9999.0    68.9     5.0 R     4.9    -7.8    -2.7
94082 201101  2.404 -108.9677   40.2446    -5.2   -13.4    -9.3    -9.3     2.5     9.2 R    -3.0   -18.8   -12.2
94082 201102  2.404 -108.9677   40.2446    -1.9   -11.5    -6.7    -6.8    17.3    13.7 R    -1.3   -16.0    -9.6
94082 201103  2.404 -108.9677   40.2446     8.9    -1.9     3.5     3.1    21.8    15.3 R    16.5    -4.3     3.2
94082 201104  2.402 -108.9677   40.2446    12.7     0.0     6.4     6.0    43.0    18.5 R    30.4    -2.0     9.0
94082 201105  2.402 -108.9677   40.2446    17.1     3.9    10.5    10.1    65.7    21.4 R    34.8     3.3    14.0
94082 201106  2.402 -108.9677   40.2446    27.0    10.1    18.5    18.8    20.9    27.0 R    49.0     9.5    24.3
94082 201107  2.402 -108.9677   40.2446    30.7    14.7    22.7    22.1    36.9    24.5 R    54.7    13.8    27.8
94082 201108  2.402 -108.9677   40.2446    32.4    15.6    24.0    23.5     8.2    24.2 R    58.0    14.0    30.0
94082 201109  2.402 -108.9677   40.2446    26.2    10.7    18.4    18.0    18.9    19.9 R    46.0     8.5    21.4
94082 201110  2.402 -108.9677   40.2446    15.9     3.7     9.8     9.5    34.1    12.9 R    25.7    -0.5     8.0
94082 201111  2.402 -108.9677   40.2446     7.0    -3.3     1.8     1.3    17.6     9.0 R    11.7    -6.4    -0.6
94082 201112  2.402 -108.9677   40.2446    -1.9   -10.6    -6.2    -6.5     8.5     7.1 R    -1.4   -14.5    -8.7
94082 201201  2.402 -108.9677   40.2446     3.4    -7.2    -1.9    -2.0     9.2     8.6 R     5.9   -10.6    -4.1
94082 201202  2.402 -108.9677   40.2446     4.3    -5.7    -0.7    -1.1    18.6    11.0 R    13.5    -8.3    -0.8
94082 201203  2.402 -108.9677   40.2446    14.8     0.5     7.6     7.2     1.5    18.1 R    33.9    -4.4     8.2
94082 201204  2.412 -108.9677   40.2446    19.0     3.1    11.0    10.8    18.2    21.7 R    42.1     0.4    14.7
94082 201205  2.412 -108.9677   40.2446    24.3     7.9    16.1    16.2     2.2    25.5 C    45.3     5.7    21.7
94082 201206  2.412 -108.9677   40.2446    32.2    13.7    23.0    23.4     1.2    30.2 C    54.0    11.5    29.8
94082 201207  2.412 -108.9677   40.2446    32.1    16.5    24.3    23.8    18.7    23.4 C    52.5    14.9    29.2
94082 201208  2.412 -108.9677   40.2446    32.2    15.9    24.0    23.5    11.7    22.3 C    50.3    14.1    28.0
94082 201209  2.412 -108.9677   40.2446    25.9    10.8    18.3    17.8    24.9    19.8 C    41.4     8.2    20.7
94082 201210  2.412 -108.9677   40.2446    16.9     3.6    10.3    10.0    12.0    14.9 C    27.9     0.7    10.9
94082 201211  2.412 -108.9677   40.2446    10.9    -0.5     5.2     4.8     8.0    10.2 C    17.9    -4.3     3.8
94082 201212  2.412 -108.9677   40.2446    -1.1    -9.0    -5.1    -5.1    37.0     6.6 C     1.5   -12.9    -6.5
94082 201301  2.412 -108.9677   40.2446    -8.3   -16.9   -12.6   -12.5    30.1     9.8 C    -7.8   -21.6   -15.0
94082 201302  2.412 -108.9677   40.2446    -1.7   -10.9    -6.3    -6.4    14.8    14.1 C    -1.4   -16.0    -9.0
94082 201303  2.412 -108.9677   40.2446     9.2    -2.3     3.5     3.2    18.1    18.1 C    16.0    -5.0     3.3
94082 201304  2.412 -108.9677   40.2446    13.4    -0.4     6.5     6.1    24.9    19.6 C    30.2    -1.9     9.8
94082 201305  2.422 -108.9677   40.2446    21.5     7.2    14.4    13.9    25.2    24.6 C    45.0     4.2    19.3
94082 201306  2.422 -108.9677   40.2446    31.3    13.8    22.5    22.7     0.0    27.7 C    59.1     9.7    29.7
94082 201307  2.422 -108.9677   40.2446    33.7    17.2    25.5    24.9    16.7    24.2 C    60.7    14.1    31.6
94082 201308  2.422 -108.9677   40.2446    30.7    15.4    23.1    22.4     7.6    20.3 C    54.8    12.3    27.5
94082 201309  2.422 -108.9677   40.2446    23.5    11.3    17.4    16.8    58.9    15.6 C    37.3     8.5    18.6
94082 201310  2.422 -108.9677   40.2446    13.5     2.1     7.8     7.4    65.5    12.7 C    22.9    -0.9     7.3
94082 201311  2.422 -108.9677   40.2446     5.3    -3.0     1.2     1.0    11.3     7.1 C    10.6    -6.4    -0.1
94082 201312  2.422 -108.9677   40.2446    -5.0   -13.1    -9.1    -9.1    23.4     7.5 C    -7.3   -20.9   -14.1
94082 201401  2.422 -108.9677   40.2446     0.9    -9.1    -4.1    -4.1    18.7     8.8 C    -3.0   -17.3   -10.0
94082 201402  2.422 -108.9677   40.2446     5.5    -4.7     0.4     0.3    10.7    11.5 C     7.2    -9.5    -2.5
94082 201403  2.422 -108.9677   40.2446    11.7    -1.5     5.1     4.7    20.4    15.8 C    27.5    -5.4     5.8
94082 201404  2.422 -108.9677   40.2446    14.9     1.6     8.2     7.9    23.4    19.2 C    34.9    -1.6    11.2
94082 201405  2.422 -108.9677   40.2446    22.5     7.5    15.0    14.5    12.0    22.0 C    47.4     4.1    19.7
94082 201406  2.422 -108.9677   40.2446    29.1    11.4    20.3    20.1     4.2    24.7 C    58.5     8.9    27.7
94082 201407  2.422 -108.9677   40.2446    33.3    16.9    25.1    24.6    25.7    24.2 C    62.2    14.1    31.6
94082 201408  2.422 -108.9677   40.2446    27.1    13.3    20.2    19.6    91.6    20.9 C    46.6    10.9    23.2
94082 201409  2.422 -108.9677   40.2446    24.8    10.7    17.8    17.5    50.7    19.3 C    40.5     8.0    19.8
94082 201410  2.422 -108.9677   40.2446    18.2     5.1    11.6    11.4    12.2    15.1 C    29.1     1.2    11.0
94082 201411  2.422 -108.9677   40.2446     7.1    -4.0     1.5     1.4    21.0     9.4 C    13.1    -7.8    -0.4
94082 201412  2.422 -108.9677   40.2446     1.8    -5.9    -2.1    -2.3    20.1     5.7 C     2.3   -10.6    -4.8
94082 201501  2.422 -108.9677   40.2446     2.3    -6.5    -2.1    -2.3     9.6     8.0 C    -0.5   -10.8    -5.7
94082 201502  2.422 -108.9677   40.2446     8.8    -2.8     3.0     2.6     4.9    12.5 C    20.4    -6.2     2.2
94082 201503  2.422 -108.9677   40.2446    14.4     0.6     7.5     7.3    13.1    18.8 C    31.9    -3.8     9.1
94082 201504  2.422 -108.9677   40.2446    16.5     2.2     9.3     8.9     9.4    21.9 C    41.2    -1.5    13.7
94082 201505  2.422 -108.9677   40.2446    18.5     6.0    12.3    11.5    91.9    20.1 C    36.6     4.3    15.4
94082 201506  2.422 -108.9677   40.2446    30.0    14.4    22.2    22.1    49.5    27.8 C    53.2    11.6    27.7
94082 201507  2.422 -108.9677   40.2446    30.1    14.6    22.4    21.6    43.7    25.0 C    55.7    11.8    27.4
94082 201508  2.422 -108.9677   40.2446    30.2    14.8    22.5    22.0    41.3    21.5 C    51.0    11.2    25.9
94082 201509  2.422 -108.9677   40.2446    26.8    11.7    19.2    18.7    20.1    17.8 C    43.8     7.2    20.1
94082 201510  2.422 -108.9677   40.2446    18.9     7.1    13.0    12.5    37.0    12.6 C    30.1     2.8    12.4
94082 201511  2.422 -108.9677   40.2446     6.1    -3.9     1.1     0.9    44.9     9.4 C    11.3    -7.4    -0.7
94082 201512  2.422 -108.9677   40.2446    -2.5   -10.6    -6.6    -6.5    34.2     7.1 C    -4.9   -17.9   -10.7
94082 201601  2.422 -108.9677   40.2446    -4.1   -11.2    -7.6    -7.5    18.8     8.0 C    -5.1   -17.7   -10.6
94082 201602  2.422 -108.9677   40.2446     3.6    -5.9    -1.1    -1.4    11.7    12.6 C     1.9   -11.8    -5.7
94082 201603  2.422 -108.9677   40.2446    10.9    -1.2     4.8     4.4    51.3    14.5 C    23.9    -5.1     5.1
94082 201604  2.422 -108.9677   40.2446    14.3     2.2     8.2     7.9    55.2    17.8 C    31.3    -0.3    10.4
94082 201605  2.422 -108.9677   40.2446    18.8     5.9    12.3    12.1    53.8    22.5 C    37.4     4.1    16.1
94082 201606  2.422 -108.9677   40.2446    31.2    14.6    22.9    22.8     3.4    26.6 C    56.9    11.3    28.8
94082 201607  2.422 -108.9677   40.2446    32.9    16.0    24.5    24.2     4.4    25.0 C    60.2    12.9    30.7
94082 201608  2.422 -108.9677   40.2446    30.3    14.3    22.3    21.6    37.6    21.7 C    53.8    11.4    26.6
94082 201609  2.422 -108.9677   40.2446    23.6    10.2    16.9    16.4    62.8    17.1 C    38.4     6.7    18.0
94082 201610  2.422 -108.9677   40.2446    17.6     5.8    11.7    11.4    29.8    13.6 C    26.3     1.6    10.4
94082 201611  2.422 -108.9677   40.2446    10.2    -0.1     5.0     4.5    21.7     9.4 C    13.9    -3.4     2.5
94082 201612  2.422 -108.9677   40.2446     1.1    -8.1    -3.5    -3.6    23.6     7.0 C    -0.9   -11.8    -6.5
94082 201701  2.422 -108.9677   40.2446    -3.0   -10.8    -6.9    -6.7    36.7     6.7 C    -3.8   -16.3    -9.2
94082 201702  2.422 -108.9677   40.2446     5.5    -3.0     1.2     1.0    52.5    10.7 C     4.4    -7.8    -1.9
94082 201703  2.422 -108.9677   40.2446    13.7     1.6     7.6     7.3    14.3    16.2 C    22.6    -2.1     6.8
94082 201704  2.422 -108.9677   40.2446    14.8     1.6     8.2     7.9     7.9    19.6 C    36.0    -1.2    12.0
94082 201705  2.422 -108.9677   40.2446    20.9     6.3    13.6    13.4    20.3    22.3 C    43.9     4.5    18.9
94082 201706  2.422 -108.9677   40.2446    31.1    13.8    22.4    22.5     2.8    28.7 C    60.5    11.5    31.1
94082 201707  2.422 -108.9677   40.2446    33.3    16.5    24.9    24.4    27.3    23.1 C    60.5    14.6    30.8
