04139 200806  1.302 -119.6357   41.8484 -9999.0 -9999.0 -9999.0 -9999.0 -9999.0 -9999.0 U -9999.0 -9999.0 -9999.0
04139 200807  1.302 -119.6357   41.8484    25.9     8.8    17.3    18.1     6.9    29.6 R    55.1     6.5    24.4
04139 200808  1.302 -119.6357   41.8484    25.7     7.9    16.8    17.7     0.0    26.3 R    67.2     5.6    22.4
04139 200809  1.302 -119.6357   41.8484    21.7     5.2    13.4    13.9     5.2    20.8 R    69.4     1.2    16.3
04139 200810  1.302 -119.6357   41.8484    13.3     1.3     7.3     7.1    15.7    13.7 R    55.9    -1.6     7.4
04139 200811  1.302 -119.6357   41.8484     8.5    -1.2     3.6     3.5    44.4     7.9 R    43.6    -3.3     2.1
04139 200812  1.302 -119.6357   41.8484     0.4    -8.5    -4.0    -3.7    50.7     7.0 R    35.0   -12.0    -5.1
04139 200901  1.302 -119.6357   41.8484     3.6    -6.1    -1.3    -0.9    21.7     8.6 R    30.8   -10.7    -4.4
04139 200902  1.302 -119.6357   41.8484     1.3    -6.3    -2.5    -2.2    36.9    10.6 R    32.3   -10.4    -4.3
04139 200903  1.302 -119.6357   41.8484     3.3    -6.4    -1.6    -1.4    41.6    15.9 R    23.0    -8.6    -2.1
04139 200904  1.302 -119.6357   41.8484     8.5    -3.1     2.7     2.7    63.6    21.4 R    37.1    -4.3     6.4
04139 200905  1.302 -119.6357   41.8484    16.9     2.5     9.7    10.1    34.3    25.2 R    48.3     0.7    15.1
04139 200906  1.302 -119.6357   41.8484    17.4     4.5    11.0    10.9    96.7    24.0 R    41.0     3.7    14.3
04139 200907  1.302 -119.6357   41.8484    25.7     8.8    17.3    18.4     6.8    29.3 R    51.0     6.2    21.3
04139 200908  1.302 -119.6357   41.8484    24.9     8.1    16.5    16.7     9.1    24.6 R    49.1     5.5    19.6
04139 200909  1.302 -119.6357   41.8484    23.2     6.4    14.8    15.0     0.0    21.3 R    46.8     3.0    17.2
04139 200910  1.302 -119.6357   41.8484    10.3    -1.9     4.2     4.3    29.8    12.5 R    26.3    -4.2     4.6
04139 200911  1.302 -119.6357   41.8484     5.9    -4.8     0.5     0.7    25.4     9.5 R    17.0    -7.5    -1.1
04139 200912  1.302 -119.6357   41.8484    -0.7    -9.2    -4.9    -4.6    23.3     6.7 R    10.8   -13.3    -6.9
04139 201001  1.302 -119.6357   41.8484     1.7    -3.8    -1.1    -1.0    35.0     6.0 R    13.3    -6.3    -2.2
04139 201002  1.302 -119.6357   41.8484     1.4    -5.7    -2.2    -1.8    25.5    10.8 R    12.0    -9.1    -3.6
04139 201003  1.302 -119.6357   41.8484     4.3    -6.0    -0.9    -0.6    59.7    16.2 R    13.7    -9.0    -2.1
04139 201004  1.302 -119.6357   41.8484     6.9    -4.9     1.0     1.0    68.5    20.1 R    23.7    -6.6     2.3
04139 201005  1.302 -119.6357   41.8484    10.1    -2.3     3.9     3.6    68.7    21.7 R    31.6    -3.4     6.7
04139 201006  1.302 -119.6357   41.8484    17.9     4.0    10.9    11.1    30.9    25.6 R    39.5     2.4    14.1
04139 201007  1.302 -119.6357   41.8484    25.5     7.8    16.7    17.6     2.2    30.1 R    46.0     4.6    20.5
04139 201008  1.302 -119.6357   41.8484    24.0     7.1    15.6    16.0     9.9    24.7 R    42.7     4.1    18.5
04139 201009  1.302 -119.6357   41.8484    21.3     5.2    13.3    13.3     8.7    21.5 R    39.4     1.9    15.3
04139 201010  2.302 -119.6357   41.8484    12.9     2.1     7.5     7.4    86.3    11.6 R    25.8     0.0     7.7
04139 201011  2.302 -119.6357   41.8484     3.8    -5.3    -0.8    -0.4    48.8     8.4 R    10.9    -7.4    -1.3
04139 201012  2.302 -119.6357   41.8484     0.5    -5.1    -2.3    -2.1    81.6     5.6 R     4.4    -7.6    -3.4
04139 201101  2.302 -119.6357   41.8484     2.5    -5.7    -1.6    -1.1    10.4     8.6 R     6.6    -9.0    -3.8
04139 201102  2.302 -119.6357   41.8484     0.6    -8.5    -3.9    -3.6    40.8    12.1 R     7.3   -11.0    -4.2
04139 201103  2.302 -119.6357   41.8484     1.7    -4.9    -1.6    -1.5    86.4    14.4 R     4.8    -7.6    -2.7
04139 201104  2.302 -119.6357   41.8484     4.8    -5.1    -0.1     0.1    82.9    19.0 R    15.2    -5.8     1.3
04139 201105  2.302 -119.6357   41.8484    10.4    -1.5     4.4     4.5    62.3    21.5 R    25.7    -2.1     7.3
04139 201106  2.302 -119.6357   41.8484    16.7     2.6     9.6    10.3    22.0    27.9 R    33.8     1.8    14.4
04139 201107  2.302 -119.6357   41.8484    23.8     6.8    15.3    16.3     1.0    31.3 R    40.2     4.5    19.8
04139 201108  2.403 -119.6357   41.8484    26.0     8.8    17.4    17.9     0.3    26.8 R    49.0     6.1    21.0
04139 201109  2.403 -119.6357   41.8484    23.7     6.7    15.2    15.6    11.9    18.7 R    47.3     3.7    17.1
04139 201110  2.403 -119.6357   41.8484    13.1     0.4     6.8     6.9    16.9    12.4 R    32.8    -1.9     7.4
04139 201111  2.403 -119.6357   41.8484     3.6    -5.0    -0.7    -0.7    25.7     7.4 R    17.1    -7.2    -1.5
04139 201112  2.403 -119.6357   41.8484     3.1    -8.0    -2.5    -2.2     6.9     7.2 R    16.8   -11.5    -4.2
04139 201201  2.403 -119.6357   41.8484     4.2    -6.1    -1.0    -0.5    37.9     7.1 R    18.4    -8.7    -1.8
04139 201202  2.403 -119.6357   41.8484     2.0    -7.9    -3.0    -2.8    34.5    10.3 R    16.6    -9.5    -2.8
04139 201203  2.403 -119.6357   41.8484     5.3    -4.4     0.4     0.2    48.5    14.2 R    20.7    -6.1     0.3
04139 201204  2.403 -119.6357   41.8484    10.5    -1.4     4.6     4.4    72.7    17.8 R    29.2    -2.7     6.0
04139 201205  2.403 -119.6357   41.8484    15.2     0.5     7.8     8.3    20.5    24.7 R    42.0    -1.1    12.5
04139 201206  2.403 -119.6357   41.8484    19.1     2.6    10.8    11.7    19.2    27.7 R    45.2     1.0    16.0
04139 201207  2.403 -119.6357   41.8484    27.3     9.3    18.3    19.0     0.0    27.7 R    53.5     6.6    23.0
04139 201208  2.403 -119.6357   41.8484    28.1    10.3    19.2    19.7     1.4    23.7 R    53.1     6.3    22.4
04139 201209  2.413 -119.6357   41.8484    23.8     7.5    15.7    16.0     0.0    20.8 R    48.6     3.6    18.2
04139 201210  2.413 -119.6357   41.8484    14.2     0.4     7.3     7.7    26.2    14.3 C    22.9    -3.0     8.0
04139 201211  2.413 -119.6357   41.8484     7.3    -2.2     2.5     2.6    24.5     7.7 C    10.8    -3.7     2.0
04139 201212  2.413 -119.6357   41.8484    -0.8    -8.0    -4.4    -3.9    76.5     5.8 C    -0.2   -10.8    -5.2
04139 201301  2.413 -119.6357   41.8484     0.2    -7.9    -3.8    -3.2    46.1     9.2 C    -1.6   -13.0    -7.5
04139 201302  2.413 -119.6357   41.8484     0.6    -7.6    -3.5    -3.1    20.7    13.1 C    -0.6   -12.7    -5.9
04139 201303  2.413 -119.6357   41.8484     7.4    -4.0     1.7     1.7    16.0    17.1 C    12.8    -5.9     1.7
04139 201304  2.413 -119.6357   41.8484     9.9    -3.8     3.0     3.4    28.3    21.7 C    23.5    -5.2     6.3
04139 201305  2.413 -119.6357   41.8484    14.9     0.6     7.8     8.1    37.4    24.8 C    30.1    -0.6    11.8
04139 201306  2.413 -119.6357   41.8484    21.1     4.9    13.0    13.8    18.3    28.5 C    36.0     3.0    17.4
04139 201307  2.413 -119.6357   41.8484    28.8    10.7    19.8    20.6     5.8    29.4 C    44.0     8.2    24.0
04139 201308  2.413 -119.6357   41.8484    25.5     8.4    16.9    17.3    11.0    24.5 C    40.0     6.2    20.2
04139 201309  2.413 -119.6357   41.8484    18.1     5.2    11.7    11.7    48.0    17.0 C    27.5     3.9    13.3
04139 201310  2.413 -119.6357   41.8484    11.0    -1.9     4.5     4.6    18.7    13.7 C    18.9    -3.9     5.0
04139 201311  2.413 -119.6357   41.8484     7.8    -3.4     2.2     2.1    13.1     8.7 C    11.9    -5.2     1.2
04139 201312  2.413 -119.6357   41.8484     2.6    -8.5    -2.9    -2.4     5.4     6.8 C     4.1   -11.4    -4.3
04139 201401  2.413 -119.6357   41.8484     6.9    -4.8     1.0     1.2    10.9     7.8 C    10.2    -8.1    -0.7
04139 201402  2.413 -119.6357   41.8484     4.2    -4.5    -0.1    -0.1    39.7     9.9 C     7.7    -5.5    -0.1
04139 201403  2.413 -119.6357   41.8484     7.4    -4.0     1.7     1.6    69.7    15.1 C    14.8    -5.0     2.9
04139 201404  2.413 -119.6357   41.8484    11.3    -2.2     4.6     4.8    19.6    22.2 C    23.6    -3.5     7.6
04139 201405  2.413 -119.6357   41.8484    16.1     1.3     8.7     8.9    31.6    25.3 C    30.4     0.1    12.4
04139 201406  2.413 -119.6357   41.8484    21.3     4.2    12.8    13.5    18.8    28.7 C    36.6     2.6    17.6
04139 201407  2.413 -119.6357   41.8484    28.7    11.0    19.8    20.5    10.3    25.4 C    43.4     8.3    23.3
04139 201408  2.413 -119.6357   41.8484    24.8     8.5    16.7    17.1    15.8    22.3 C    38.8     6.8    19.9
04139 201409  2.423 -119.6357   41.8484    20.9     6.0    13.5    13.7    21.6    19.1 C    33.7     3.0    15.7
04139 201410  2.423 -119.6357   41.8484    15.8     2.6     9.2     9.2    37.2    13.8 C    25.0    -0.2     9.4
04139 201411  2.423 -119.6357   41.8484     6.0    -3.4     1.3     1.5    46.0     7.6 C     7.6    -5.9    -0.2
04139 201412  2.423 -119.6357   41.8484 -9999.0 -9999.0 -9999.0 -9999.0    45.6     4.3 C     2.2    -6.5    -2.3
04139 201501  2.423 -119.6357   41.8484     6.0    -3.0     1.5     1.5     5.8     7.6 C     7.6    -5.8    -0.6
04139 201502  2.423 -119.6357   41.8484     7.9    -2.8     2.5     2.5    23.3    10.5 C    14.7    -5.5     1.9
04139 201503  2.423 -119.6357   41.8484    11.5    -1.8     4.9     5.1    13.2    16.0 C    22.6    -4.5     5.9
04139 201504  2.423 -119.6357   41.8484    11.4    -4.1     3.6     3.9    18.3    21.8 C    28.1    -6.7     6.9
04139 201505  2.423 -119.6357   41.8484    14.7     1.9     8.3     8.4    71.4    20.9 C    29.5    -0.1    11.4
04139 201506  2.423 -119.6357   41.8484    24.5     8.2    16.4    17.1     6.7    27.3 C    39.7     4.9    19.7
04139 201507  2.423 -119.6357   41.8484    25.1     8.9    17.0    17.1    36.2    25.6 C    38.9     6.2    19.7
04139 201508  2.423 -119.6357   41.8484    26.2     9.0    17.6    18.2     6.5    23.8 C    39.8     5.6    20.4
04139 201509  2.423 -119.6357   41.8484    21.2     5.6    13.4    13.8    14.0    18.3 C    32.6     2.3    14.8
04139 201510  2.423 -119.6357   41.8484    16.9     4.0    10.4    10.5    24.5    13.2 C    25.0     1.0    10.5
04139 201511  2.423 -119.6357   41.8484     2.8    -6.2    -1.7    -1.7    36.6     8.1 C     4.2    -9.1    -3.3
04139 201512  2.423 -119.6357   41.8484    -1.1    -7.3    -4.2    -4.0   107.3     5.5 C    -2.0   -11.5    -5.7
04139 201601  2.423 -119.6357   41.8484    -0.8    -6.4    -3.6    -3.3    54.7     7.5 C    -2.3   -10.7    -5.8
04139 201602  2.423 -119.6357   41.8484     4.6    -2.9     0.9     1.2     9.1    12.2 C     0.5    -7.8    -3.2
04139 201603  2.423 -119.6357   41.8484     6.2    -3.6     1.3     1.3    77.4    13.7 C    11.0    -5.9     1.1
04139 201604  2.423 -119.6357   41.8484    12.8    -0.7     6.1     6.2    39.6    20.5 C    26.3    -3.0     8.1
04139 201605  2.423 -119.6357   41.8484    13.9     1.5     7.7     7.8    92.1    23.7 C    26.8    -0.1    10.4
04139 201606  2.423 -119.6357   41.8484    21.2     5.3    13.3    14.0     7.9    29.5 C    35.1     2.6    16.6
04139 201607  2.423 -119.6357   41.8484    25.0     7.6    16.3    17.5     4.4    30.3 C    38.3     3.9    19.8
04139 201608  2.423 -119.6357   41.8484    26.4     8.3    17.3    18.2     0.8    26.8 C    40.2     4.1    20.0
04139 201609  2.423 -119.6357   41.8484    19.9     4.0    12.0    12.3     9.4    20.6 C    31.0     0.6    13.3
04139 201610  2.423 -119.6357   41.8484    12.0     1.0     6.5     6.1    23.2    11.7 C    18.8    -0.7     6.5
04139 201611  2.423 -119.6357   41.8484     7.8    -1.5     3.1     3.0    22.2     7.8 C    11.2    -4.3     1.8
04139 201612  2.423 -119.6357   41.8484    -0.3    -9.7    -5.0    -4.4    65.3     6.1 C    -0.3   -12.4    -6.1
04139 201701  2.423 -119.6357   41.8484    -1.6    -9.0    -5.3    -5.1   108.8     7.4 C    -3.9   -14.7    -8.7
04139 201702  2.423 -119.6357   41.8484     0.9    -5.2    -2.2    -1.8    48.7    10.0 C    -1.1   -10.1    -4.9
04139 201703  2.423 -119.6357   41.8484     6.7    -2.1     2.3     2.0    60.7    13.9 C     6.9    -5.0     0.1
04139 201704  2.423 -119.6357   41.8484     8.4    -3.0     2.7     2.5    49.3    18.5 C    19.3    -4.3     4.4
04139 201705  2.423 -119.6357   41.8484    16.4     0.6     8.5     9.3     7.3    24.6 C    32.8    -1.5    12.7
04139 201706  2.423 -119.6357   41.8484    21.2     6.2    13.7    14.3    41.3    26.7 C    34.9     3.1    16.5
04139 201707  2.423 -119.6357   41.8484    27.9    10.3    19.1    19.9     4.9    27.5 C    41.9     6.8    21.9
