73801 200905  5.101  -87.5914   33.2125 -9999.0 -9999.0 -9999.0 -9999.0 -9999.0 -9999.0 U -9999.0 -9999.0 -9999.0
73801 200906  5.101  -87.5914   33.2125    33.1    20.3    26.7    26.5    54.5 -9999.0 U -9999.0 -9999.0 -9999.0
73801 200907  5.101  -87.5914   33.2125    32.2    20.3    26.3    25.9   105.3 -9999.0 U -9999.0 -9999.0 -9999.0
73801 200908  5.101  -87.5914   33.2125    31.2    20.7    25.9    25.3   225.7 -9999.0 U -9999.0 -9999.0 -9999.0
73801 200909  5.101  -87.5914   33.2125    28.7    19.5    24.1    23.4   280.1 -9999.0 U -9999.0 -9999.0 -9999.0
73801 200910  5.101  -87.5914   33.2125    22.1    11.4    16.7    16.7   173.3 -9999.0 U -9999.0 -9999.0 -9999.0
73801 200911  5.101  -87.5914   33.2125    18.7     5.4    12.1    11.6   115.9 -9999.0 U -9999.0 -9999.0 -9999.0
73801 200912  5.101  -87.5914   33.2125    12.1     2.4     7.2     7.1   162.3 -9999.0 U -9999.0 -9999.0 -9999.0
73801 201001  6.101  -87.5914   33.2125     9.8    -1.4     4.2     3.9   138.0 -9999.0 U -9999.0 -9999.0 -9999.0
73801 201002  6.101  -87.5914   33.2125    10.8    -0.7     5.0     5.1    87.4 -9999.0 U -9999.0 -9999.0 -9999.0
73801 201003  6.101  -87.5914   33.2125    17.0     5.1    11.1    10.9   162.4 -9999.0 U -9999.0 -9999.0 -9999.0
73801 201004  6.101  -87.5914   33.2125    25.8    10.8    18.3    18.5    76.1 -9999.0 U -9999.0 -9999.0 -9999.0
73801 201005  6.101  -87.5914   33.2125    29.1    17.4    23.2    23.0   165.5 -9999.0 U -9999.0 -9999.0 -9999.0
73801 201006  6.101  -87.5914   33.2125    33.5    21.9    27.7    27.1   108.9 -9999.0 U -9999.0 -9999.0 -9999.0
73801 201007  6.101  -87.5914   33.2125    35.0    23.1    29.0    28.3   116.3 -9999.0 U -9999.0 -9999.0 -9999.0
73801 201008  6.101  -87.5914   33.2125    35.3    23.4    29.4    28.3    89.6 -9999.0 U -9999.0 -9999.0 -9999.0
73801 201009  6.101  -87.5914   33.2125    33.3    17.5    25.4    24.9    23.0 -9999.0 U -9999.0 -9999.0 -9999.0
73801 201010  6.101  -87.5914   33.2125    27.4     9.2    18.3    17.9    53.6 -9999.0 U -9999.0 -9999.0 -9999.0
73801 201011  6.101  -87.5914   33.2125    20.2     6.1    13.1    12.7   163.3 -9999.0 U -9999.0 -9999.0 -9999.0
73801 201012  6.101  -87.5914   33.2125    11.3    -0.3     5.5     5.3    42.0 -9999.0 U -9999.0 -9999.0 -9999.0
73801 201101  6.101  -87.5914   33.2125    10.9    -0.3     5.3     5.2    85.6 -9999.0 U -9999.0 -9999.0 -9999.0
73801 201102  6.101  -87.5914   33.2125    16.8     3.3    10.0    10.2    80.1 -9999.0 U -9999.0 -9999.0 -9999.0
73801 201103  6.101  -87.5914   33.2125    20.4     8.1    14.3    14.4   198.0 -9999.0 U -9999.0 -9999.0 -9999.0
73801 201104  6.101  -87.5914   33.2125    25.3    12.3    18.8    19.2   189.3 -9999.0 U -9999.0 -9999.0 -9999.0
73801 201105  6.101  -87.5914   33.2125    28.4    14.7    21.5    21.6    26.3 -9999.0 U -9999.0 -9999.0 -9999.0
73801 201106  6.101  -87.5914   33.2125    36.0    21.2    28.6    28.0    24.7 -9999.0 U -9999.0 -9999.0 -9999.0
73801 201107  6.101  -87.5914   33.2125    34.9    23.0    29.0    27.8   115.8 -9999.0 U -9999.0 -9999.0 -9999.0
73801 201108  6.101  -87.5914   33.2125    35.6    21.6    28.6    28.0    34.1 -9999.0 U -9999.0 -9999.0 -9999.0
73801 201109  6.101  -87.5914   33.2125    28.8    16.4    22.6    22.3   286.0 -9999.0 U -9999.0 -9999.0 -9999.0
73801 201110  6.101  -87.5914   33.2125    23.5     8.8    16.1    15.6     8.4 -9999.0 U -9999.0 -9999.0 -9999.0
73801 201111  6.101  -87.5914   33.2125    19.7     6.8    13.2    13.3    95.2 -9999.0 U -9999.0 -9999.0 -9999.0
73801 201112  6.101  -87.5914   33.2125    15.7     3.8     9.8     9.5   130.7 -9999.0 U -9999.0 -9999.0 -9999.0
73801 201201  6.101  -87.5914   33.2125    16.9     3.8    10.4    10.6   147.9 -9999.0 U -9999.0 -9999.0 -9999.0
73801 201202  6.101  -87.5914   33.2125    17.0     5.4    11.2    11.3   111.3 -9999.0 U -9999.0 -9999.0 -9999.0
73801 201203  6.101  -87.5914   33.2125    24.8    12.1    18.4    18.6   171.4 -9999.0 U -9999.0 -9999.0 -9999.0
73801 201204  6.101  -87.5914   33.2125    25.9    11.7    18.8    18.7    10.8 -9999.0 U -9999.0 -9999.0 -9999.0
73801 201205  6.101  -87.5914   33.2125    30.3    17.0    23.7    23.2   133.0 -9999.0 U -9999.0 -9999.0 -9999.0
73801 201206  6.101  -87.5914   33.2125    33.3    19.2    26.3    26.5    25.7 -9999.0 U -9999.0 -9999.0 -9999.0
73801 201207  6.101  -87.5914   33.2125    34.5    22.4    28.5    27.6    94.3 -9999.0 U -9999.0 -9999.0 -9999.0
73801 201208  6.101  -87.5914   33.2125    31.5    20.8    26.2    25.4   209.0 -9999.0 U -9999.0 -9999.0 -9999.0
73801 201209  6.101  -87.5914   33.2125    29.0    16.8    22.9    22.4   220.2 -9999.0 U -9999.0 -9999.0 -9999.0
73801 201210  6.101  -87.5914   33.2125    23.6    10.0    16.8    16.4    66.7 -9999.0 U -9999.0 -9999.0 -9999.0
73801 201211  6.101  -87.5914   33.2125    19.1     2.6    10.8    10.5    32.3 -9999.0 U -9999.0 -9999.0 -9999.0
73801 201212  6.101  -87.5914   33.2125    16.6     4.8    10.7    10.6   230.3 -9999.0 U -9999.0 -9999.0 -9999.0
73801 201301  6.101  -87.5914   33.2125    15.7     4.7    10.2    10.1   197.0 -9999.0 U -9999.0 -9999.0 -9999.0
73801 201302  6.101  -87.5914   33.2125    14.2     2.7     8.5     8.7   179.8 -9999.0 U -9999.0 -9999.0 -9999.0
73801 201303  6.101  -87.5914   33.2125    17.2     3.5    10.4    10.3   142.3 -9999.0 U -9999.0 -9999.0 -9999.0
73801 201304  6.101  -87.5914   33.2125    23.5    10.6    17.1    17.2   135.3 -9999.0 U -9999.0 -9999.0 -9999.0
73801 201305  6.101  -87.5914   33.2125    26.5    14.4    20.4    20.5    94.2 -9999.0 U -9999.0 -9999.0 -9999.0
73801 201306  6.101  -87.5914   33.2125    31.7    20.5    26.1    25.8   185.0 -9999.0 U -9999.0 -9999.0 -9999.0
73801 201307  6.101  -87.5914   33.2125    31.0    21.2    26.1    25.4   233.1 -9999.0 U -9999.0 -9999.0 -9999.0
73801 201308  6.101  -87.5914   33.2125    31.8    21.2    26.5    25.7   101.0 -9999.0 U -9999.0 -9999.0 -9999.0
73801 201309  6.101  -87.5914   33.2125    31.3    18.0    24.7    24.1    53.3 -9999.0 U -9999.0 -9999.0 -9999.0
73801 201310  6.101  -87.5914   33.2125    25.2    12.3    18.7    18.4    56.5 -9999.0 U -9999.0 -9999.0 -9999.0
73801 201311  6.101  -87.5914   33.2125    17.0     4.2    10.6    10.5   110.4 -9999.0 U -9999.0 -9999.0 -9999.0
73801 201312  6.101  -87.5914   33.2125    14.1     3.2     8.6     8.3   210.7 -9999.0 U -9999.0 -9999.0 -9999.0
73801 201401  6.101  -87.5914   33.2125    10.4    -4.1     3.2     3.3    53.9 -9999.0 U -9999.0 -9999.0 -9999.0
73801 201402  6.101  -87.5914   33.2125    14.8     2.0     8.4     8.1   149.9 -9999.0 U -9999.0 -9999.0 -9999.0
73801 201403  6.101  -87.5914   33.2125    19.2     4.8    12.0    11.8   142.8 -9999.0 U -9999.0 -9999.0 -9999.0
73801 201404  6.101  -87.5914   33.2125    23.5    10.6    17.1    17.3   292.5 -9999.0 U -9999.0 -9999.0 -9999.0
73801 201405  6.101  -87.5914   33.2125    28.6    15.3    22.0    21.7    37.5 -9999.0 U -9999.0 -9999.0 -9999.0
73801 201406  6.101  -87.5914   33.2125    32.0    20.6    26.3    25.5   147.0 -9999.0 U -9999.0 -9999.0 -9999.0
73801 201407  6.101  -87.5914   33.2125    32.1    19.5    25.8    25.6    29.9 -9999.0 U -9999.0 -9999.0 -9999.0
73801 201408  6.101  -87.5914   33.2125    34.6    20.8    27.7    26.8    65.5 -9999.0 U -9999.0 -9999.0 -9999.0
73801 201409  6.101  -87.5914   33.2125    32.9    19.4    26.1    25.2    25.6 -9999.0 U -9999.0 -9999.0 -9999.0
73801 201410  6.101  -87.5914   33.2125    26.6    11.9    19.2    18.7    85.1 -9999.0 U -9999.0 -9999.0 -9999.0
73801 201411  6.101  -87.5914   33.2125    16.9     2.6     9.7     9.5   118.8 -9999.0 U -9999.0 -9999.0 -9999.0
73801 201412  6.101  -87.5914   33.2125    15.6     4.5    10.1     9.8   191.2 -9999.0 U -9999.0 -9999.0 -9999.0
73801 201501  6.101  -87.5914   33.2125    12.7     0.2     6.4     6.5   163.3 -9999.0 U -9999.0 -9999.0 -9999.0
73801 201502  6.101  -87.5914   33.2125    11.5    -0.9     5.3     5.2   127.4 -9999.0 U -9999.0 -9999.0 -9999.0
73801 201503  6.101  -87.5914   33.2125    20.2     8.3    14.3    14.2    90.3 -9999.0 U -9999.0 -9999.0 -9999.0
73801 201504  6.101  -87.5914   33.2125    24.2    13.0    18.6    18.8   213.1 -9999.0 U -9999.0 -9999.0 -9999.0
73801 201505  6.101  -87.5914   33.2125    28.8    15.9    22.4    22.0    61.3 -9999.0 U -9999.0 -9999.0 -9999.0
73801 201506  6.101  -87.5914   33.2125    32.5    20.5    26.5    26.0    92.1 -9999.0 U -9999.0 -9999.0 -9999.0
73801 201507  6.101  -87.5914   33.2125    34.6    22.3    28.5    27.5    55.8 -9999.0 U -9999.0 -9999.0 -9999.0
73801 201508  6.101  -87.5914   33.2125    33.1    20.5    26.8    26.1   126.8 -9999.0 U -9999.0 -9999.0 -9999.0
73801 201509  6.101  -87.5914   33.2125    30.8    17.9    24.4    23.8    17.6 -9999.0 U -9999.0 -9999.0 -9999.0
73801 201510  6.101  -87.5914   33.2125    25.6    12.4    19.0    18.8    89.1 -9999.0 U -9999.0 -9999.0 -9999.0
73801 201511  6.101  -87.5914   33.2125    21.1     9.9    15.5    15.1   154.4 -9999.0 U -9999.0 -9999.0 -9999.0
73801 201512  6.101  -87.5914   33.2125 -9999.0 -9999.0 -9999.0 -9999.0 -9999.0 -9999.0 U -9999.0 -9999.0 -9999.0
73801 201601  6.101  -87.5914   33.2125    12.2     0.3     6.3     6.2   104.1 -9999.0 U -9999.0 -9999.0 -9999.0
73801 201602  6.101  -87.5914   33.2125    16.8     4.2    10.5    10.2   135.2 -9999.0 U -9999.0 -9999.0 -9999.0
73801 201603  6.101  -87.5914   33.2125    21.6     9.1    15.3    15.6   158.2 -9999.0 U -9999.0 -9999.0 -9999.0
73801 201604  6.101  -87.5914   33.2125    24.3    11.2    17.7    17.8   100.4 -9999.0 U -9999.0 -9999.0 -9999.0
73801 201605  6.101  -87.5914   33.2125    28.5    14.8    21.6    21.5    17.1 -9999.0 U -9999.0 -9999.0 -9999.0
73801 201606  6.101  -87.5914   33.2125    33.4    20.4    26.9    26.3   121.0 -9999.0 U -9999.0 -9999.0 -9999.0
73801 201607  6.101  -87.5914   33.2125    34.2    22.4    28.3    27.5    89.2 -9999.0 U -9999.0 -9999.0 -9999.0
73801 201608  6.101  -87.5914   33.2125    34.2    22.9    28.6    27.4    70.9 -9999.0 U -9999.0 -9999.0 -9999.0
73801 201609  6.101  -87.5914   33.2125    34.1    19.6    26.9    26.1     8.5 -9999.0 U -9999.0 -9999.0 -9999.0
73801 201610  6.101  -87.5914   33.2125    30.1    12.5    21.3    20.7     0.0 -9999.0 U -9999.0 -9999.0 -9999.0
73801 201611  6.101  -87.5914   33.2125    23.0     6.0    14.5    14.2    69.6 -9999.0 U -9999.0 -9999.0 -9999.0
73801 201612  6.101  -87.5914   33.2125    16.0     4.5    10.2    10.1    81.3 -9999.0 U -9999.0 -9999.0 -9999.0
73801 201701  6.101  -87.5914   33.2125    17.4     6.2    11.8    11.8   203.0 -9999.0 U -9999.0 -9999.0 -9999.0
73801 201702  6.101  -87.5914   33.2125    19.5     7.0    13.3    13.5   112.0 -9999.0 U -9999.0 -9999.0 -9999.0
73801 201703  6.101  -87.5914   33.2125    21.5     8.6    15.0    15.0   101.0 -9999.0 U -9999.0 -9999.0 -9999.0
73801 201704  6.101  -87.5914   33.2125    26.8    12.7    19.8    19.7   220.8 -9999.0 U -9999.0 -9999.0 -9999.0
73801 201705  6.101  -87.5914   33.2125    27.7    14.9    21.3    21.2    91.2 -9999.0 U -9999.0 -9999.0 -9999.0
73801 201706  6.101  -87.5914   33.2125    30.0    19.8    24.9    24.3   330.5 -9999.0 U -9999.0 -9999.0 -9999.0
73801 201707  6.101  -87.5914   33.2125    33.2    22.2    27.7    26.9    91.1 -9999.0 U -9999.0 -9999.0 -9999.0
