03091 201005  6.101 -103.5042   37.2168 -9999.0 -9999.0 -9999.0 -9999.0 -9999.0 -9999.0 U -9999.0 -9999.0 -9999.0
03091 201006  6.101 -103.5042   37.2168    28.8    14.1    21.4    21.6    34.1 -9999.0 U -9999.0 -9999.0 -9999.0
03091 201007  6.101 -103.5042   37.2168    29.5    15.7    22.6    22.4    94.2 -9999.0 U -9999.0 -9999.0 -9999.0
03091 201008  6.101 -103.5042   37.2168    29.3    15.1    22.2    22.1    41.9 -9999.0 U -9999.0 -9999.0 -9999.0
03091 201009  6.101 -103.5042   37.2168    27.9    11.8    19.8    20.1    38.2 -9999.0 U -9999.0 -9999.0 -9999.0
03091 201010  6.101 -103.5042   37.2168    20.4     4.3    12.4    12.4     3.0 -9999.0 U -9999.0 -9999.0 -9999.0
03091 201011  6.101 -103.5042   37.2168    12.3    -4.5     3.9     4.5     5.5 -9999.0 U -9999.0 -9999.0 -9999.0
03091 201012  6.101 -103.5042   37.2168     9.5    -5.4     2.1     2.3     5.8 -9999.0 U -9999.0 -9999.0 -9999.0
03091 201101  6.101 -103.5042   37.2168     7.0    -8.9    -0.9    -1.1     4.9 -9999.0 U -9999.0 -9999.0 -9999.0
03091 201102  6.101 -103.5042   37.2168     6.9    -9.4    -1.2    -0.7     3.9 -9999.0 U -9999.0 -9999.0 -9999.0
03091 201103  6.101 -103.5042   37.2168    14.7    -2.4     6.2     6.7     4.8 -9999.0 U -9999.0 -9999.0 -9999.0
03091 201104  6.101 -103.5042   37.2168    18.6     1.1     9.9    10.6    10.3 -9999.0 U -9999.0 -9999.0 -9999.0
03091 201105  6.101 -103.5042   37.2168    22.5     4.3    13.4    13.9     6.7 -9999.0 U -9999.0 -9999.0 -9999.0
03091 201106  6.101 -103.5042   37.2168    30.9    13.0    22.0    22.1    31.0 -9999.0 U -9999.0 -9999.0 -9999.0
03091 201107  6.101 -103.5042   37.2168    32.7    16.8    24.7    24.3    80.4 -9999.0 U -9999.0 -9999.0 -9999.0
03091 201108  6.101 -103.5042   37.2168    31.1    16.0    23.6    23.5    54.9 -9999.0 U -9999.0 -9999.0 -9999.0
03091 201109  6.101 -103.5042   37.2168    24.4    10.0    17.2    17.2     7.1 -9999.0 U -9999.0 -9999.0 -9999.0
03091 201110  6.101 -103.5042   37.2168    19.3     3.0    11.2    11.6     6.1 -9999.0 U -9999.0 -9999.0 -9999.0
03091 201111  6.101 -103.5042   37.2168    11.7    -3.6     4.0     4.4    17.6 -9999.0 U -9999.0 -9999.0 -9999.0
03091 201112  6.101 -103.5042   37.2168     1.9    -9.4    -3.7    -3.3     7.8 -9999.0 U -9999.0 -9999.0 -9999.0
03091 201201  6.101 -103.5042   37.2168     8.0    -5.5     1.2     1.4     2.1 -9999.0 U -9999.0 -9999.0 -9999.0
03091 201202  6.101 -103.5042   37.2168     7.4    -6.3     0.6     0.5     4.9 -9999.0 U -9999.0 -9999.0 -9999.0
03091 201203  6.101 -103.5042   37.2168    16.8    -0.1     8.3     9.0     6.3 -9999.0 U -9999.0 -9999.0 -9999.0
03091 201204  6.101 -103.5042   37.2168    19.4     3.8    11.6    11.8    34.7 -9999.0 U -9999.0 -9999.0 -9999.0
03091 201205  6.101 -103.5042   37.2168    23.7     7.3    15.5    16.0    31.0 -9999.0 U -9999.0 -9999.0 -9999.0
03091 201206  6.101 -103.5042   37.2168    31.8    15.6    23.7    23.8     5.4 -9999.0 U -9999.0 -9999.0 -9999.0
03091 201207  6.101 -103.5042   37.2168    32.1    17.0    24.5    24.5    51.0 -9999.0 U -9999.0 -9999.0 -9999.0
03091 201208  6.101 -103.5042   37.2168    30.6    14.8    22.7    22.5    11.1 -9999.0 U -9999.0 -9999.0 -9999.0
03091 201209  6.101 -103.5042   37.2168    25.3     9.6    17.5    17.6    75.3 -9999.0 U -9999.0 -9999.0 -9999.0
03091 201210  6.101 -103.5042   37.2168    18.2     2.1    10.2    10.2    10.5 -9999.0 U -9999.0 -9999.0 -9999.0
03091 201211  6.101 -103.5042   37.2168    15.9    -1.1     7.4     7.6     0.0 -9999.0 U -9999.0 -9999.0 -9999.0
03091 201212  6.101 -103.5042   37.2168     8.0    -7.1     0.5     0.5     6.8 -9999.0 U -9999.0 -9999.0 -9999.0
03091 201301  6.101 -103.5042   37.2168     7.3    -8.3    -0.5    -0.3     1.0 -9999.0 U -9999.0 -9999.0 -9999.0
03091 201302  6.101 -103.5042   37.2168     6.5    -7.5    -0.5    -0.4     5.1 -9999.0 U -9999.0 -9999.0 -9999.0
03091 201303  6.101 -103.5042   37.2168    12.6    -4.1     4.2     4.7     3.6 -9999.0 U -9999.0 -9999.0 -9999.0
03091 201304  6.101 -103.5042   37.2168    15.2    -2.0     6.6     6.9     2.7 -9999.0 U -9999.0 -9999.0 -9999.0
03091 201305  6.101 -103.5042   37.2168    22.3     6.0    14.2    14.4     9.1 -9999.0 U -9999.0 -9999.0 -9999.0
03091 201306  6.101 -103.5042   37.2168    30.4    13.8    22.1    22.2    34.2 -9999.0 U -9999.0 -9999.0 -9999.0
03091 201307  6.101 -103.5042   37.2168    29.8    15.1    22.4    22.0    68.3 -9999.0 U -9999.0 -9999.0 -9999.0
03091 201308  6.101 -103.5042   37.2168    29.2    15.0    22.1    21.9    53.0 -9999.0 U -9999.0 -9999.0 -9999.0
03091 201309  6.101 -103.5042   37.2168    25.8    12.5    19.1    19.3    68.4 -9999.0 U -9999.0 -9999.0 -9999.0
03091 201310  6.101 -103.5042   37.2168    17.5     1.8     9.6    10.1     6.3 -9999.0 U -9999.0 -9999.0 -9999.0
03091 201311  6.101 -103.5042   37.2168    11.2    -3.1     4.0     4.3     8.0 -9999.0 U -9999.0 -9999.0 -9999.0
03091 201312  6.101 -103.5042   37.2168     6.7    -8.0    -0.7    -0.8     0.2 -9999.0 U -9999.0 -9999.0 -9999.0
03091 201401  6.101 -103.5042   37.2168     7.4    -8.6    -0.6    -0.3     3.7 -9999.0 U -9999.0 -9999.0 -9999.0
03091 201402  6.101 -103.5042   37.2168     8.8    -7.2     0.8     0.7     6.4 -9999.0 U -9999.0 -9999.0 -9999.0
03091 201403  6.101 -103.5042   37.2168    13.3    -3.3     5.0     5.1     9.7 -9999.0 U -9999.0 -9999.0 -9999.0
03091 201404  6.101 -103.5042   37.2168    16.6     1.3     8.9     9.0    12.9 -9999.0 U -9999.0 -9999.0 -9999.0
03091 201405  6.101 -103.5042   37.2168    22.3     5.9    14.1    14.5    76.0 -9999.0 U -9999.0 -9999.0 -9999.0
03091 201406  6.101 -103.5042   37.2168 -9999.0 -9999.0 -9999.0 -9999.0 -9999.0 -9999.0 U -9999.0 -9999.0 -9999.0
