53011 201008  6.101 -109.2181   36.2920 -9999.0 -9999.0 -9999.0 -9999.0 -9999.0 -9999.0 U -9999.0 -9999.0 -9999.0
53011 201009  6.101 -109.2181   36.2920    26.1     7.9    17.0    16.6    30.5 -9999.0 U -9999.0 -9999.0 -9999.0
53011 201010  6.101 -109.2181   36.2920    17.6     1.6     9.6     9.1    36.2 -9999.0 U -9999.0 -9999.0 -9999.0
53011 201011  6.101 -109.2181   36.2920     8.0    -7.7     0.1    -0.1    22.6 -9999.0 U -9999.0 -9999.0 -9999.0
53011 201012  6.101 -109.2181   36.2920     7.8    -4.1     1.8     1.0    41.2 -9999.0 U -9999.0 -9999.0 -9999.0
53011 201101  6.101 -109.2181   36.2920     3.6   -12.3    -4.3    -4.6     4.6 -9999.0 U -9999.0 -9999.0 -9999.0
53011 201102  6.101 -109.2181   36.2920     4.1   -12.3    -4.1    -3.9    26.8 -9999.0 U -9999.0 -9999.0 -9999.0
53011 201103  6.101 -109.2181   36.2920    12.7    -3.6     4.6     4.3    13.6 -9999.0 U -9999.0 -9999.0 -9999.0
53011 201104  6.101 -109.2181   36.2920    15.4    -2.5     6.4     7.0    25.2 -9999.0 U -9999.0 -9999.0 -9999.0
53011 201105  6.101 -109.2181   36.2920    19.0     0.7     9.8    10.4    19.7 -9999.0 U -9999.0 -9999.0 -9999.0
53011 201106  6.101 -109.2181   36.2920    28.3     6.4    17.3    18.5     0.4 -9999.0 U -9999.0 -9999.0 -9999.0
53011 201107  6.101 -109.2181   36.2920    29.5    12.1    20.8    20.4    68.0 -9999.0 U -9999.0 -9999.0 -9999.0
53011 201108  6.101 -109.2181   36.2920    29.4    12.6    21.0    20.4    30.4 -9999.0 U -9999.0 -9999.0 -9999.0
53011 201109  6.101 -109.2181   36.2920    23.8     8.2    16.0    15.3    27.1 -9999.0 U -9999.0 -9999.0 -9999.0
53011 201110  6.101 -109.2181   36.2920    16.1     0.5     8.3     7.5    64.8 -9999.0 U -9999.0 -9999.0 -9999.0
53011 201111  6.101 -109.2181   36.2920     9.2    -4.5     2.3     1.5    31.7 -9999.0 U -9999.0 -9999.0 -9999.0
53011 201112  6.101 -109.2181   36.2920     3.1   -10.6    -3.8    -4.1    18.4 -9999.0 U -9999.0 -9999.0 -9999.0
53011 201201  6.101 -109.2181   36.2920     6.9    -9.8    -1.5    -2.1    13.2 -9999.0 U -9999.0 -9999.0 -9999.0
53011 201202  6.101 -109.2181   36.2920     5.4    -8.1    -1.3    -1.3    30.6 -9999.0 U -9999.0 -9999.0 -9999.0
53011 201203  6.101 -109.2181   36.2920    12.6    -4.8     3.9     3.6    20.3 -9999.0 U -9999.0 -9999.0 -9999.0
53011 201204  6.101 -109.2181   36.2920    17.7    -0.7     8.5     8.7    11.1 -9999.0 U -9999.0 -9999.0 -9999.0
53011 201205  6.101 -109.2181   36.2920    23.2     3.5    13.4    14.3     0.0 -9999.0 U -9999.0 -9999.0 -9999.0
53011 201206  6.101 -109.2181   36.2920    30.0     8.8    19.4    20.5     2.2 -9999.0 U -9999.0 -9999.0 -9999.0
53011 201207  6.101 -109.2181   36.2920    28.2    13.0    20.6    20.2    75.0 -9999.0 U -9999.0 -9999.0 -9999.0
53011 201208  6.101 -109.2181   36.2920    28.2    12.6    20.4    19.9    35.1 -9999.0 U -9999.0 -9999.0 -9999.0
53011 201209  6.101 -109.2181   36.2920    24.6     7.5    16.0    15.6    13.9 -9999.0 U -9999.0 -9999.0 -9999.0
53011 201210  6.101 -109.2181   36.2920    18.6    -0.4     9.1     8.9     6.0 -9999.0 U -9999.0 -9999.0 -9999.0
53011 201211  6.101 -109.2181   36.2920    13.0    -4.4     4.3     3.2    12.9 -9999.0 U -9999.0 -9999.0 -9999.0
53011 201212  6.101 -109.2181   36.2920     4.0   -11.9    -3.9    -3.5    43.9 -9999.0 U -9999.0 -9999.0 -9999.0
53011 201301  6.101 -109.2181   36.2920     0.3   -17.8    -8.8    -8.4    52.1 -9999.0 U -9999.0 -9999.0 -9999.0
53011 201302  6.101 -109.2181   36.2920     2.9   -11.2    -4.1    -4.0    24.6 -9999.0 U -9999.0 -9999.0 -9999.0
53011 201303  6.101 -109.2181   36.2920    12.1    -4.3     3.9     3.8    10.2 -9999.0 U -9999.0 -9999.0 -9999.0
53011 201304  6.101 -109.2181   36.2920    15.5    -1.8     6.9     7.2    18.1 -9999.0 U -9999.0 -9999.0 -9999.0
53011 201305  6.101 -109.2181   36.2920    20.9     2.0    11.5    12.3     3.2 -9999.0 U -9999.0 -9999.0 -9999.0
53011 201306  6.101 -109.2181   36.2920 -9999.0 -9999.0 -9999.0 -9999.0 -9999.0 -9999.0 U -9999.0 -9999.0 -9999.0
