54933 200706  1.302  -99.1296   45.7115 -9999.0 -9999.0 -9999.0 -9999.0 -9999.0 -9999.0 U -9999.0 -9999.0 -9999.0
54933 200707  1.302  -99.1296   45.7115    29.4    15.6    22.5    22.5    20.1    24.7 R    45.8    14.1    25.8
54933 200708  1.302  -99.1296   45.7115    25.4    13.0    19.2    18.8    71.7    16.6 R    36.6    12.0    20.8
54933 200709  1.302  -99.1296   45.7115    22.2     7.5    14.9    14.8    22.0    15.9 R    29.2     5.9    15.5
54933 200710  1.302  -99.1296   45.7115    14.4     2.6     8.5     8.2    41.0     9.6 R    19.3     1.0     8.2
54933 200711  1.302  -99.1296   45.7115     5.4    -6.8    -0.7    -0.9     0.3     6.4 R    10.2    -8.7    -1.0
54933 200712  1.302  -99.1296   45.7115    -4.3   -14.6    -9.4    -9.4    14.4     4.8 R    -4.1   -17.2   -10.7
54933 200801  1.302  -99.1296   45.7115 -9999.0 -9999.0 -9999.0 -9999.0 -9999.0 -9999.0 U -9999.0 -9999.0 -9999.0
54933 200802  1.302  -99.1296   45.7115    -4.3   -16.3   -10.3   -10.1 -9999.0    10.5 R    -0.8   -17.5    -9.7
54933 200803  1.302  -99.1296   45.7115     3.0    -8.7    -2.8    -2.9    21.2    13.8 R    10.8   -10.1    -1.8
54933 200804  1.302  -99.1296   45.7115    11.4    -3.0     4.2     4.2    24.0    20.0 R    22.3    -4.5     5.7
54933 200805  1.302  -99.1296   45.7115    17.6     3.9    10.7    10.9    27.0    20.1 R    29.1     2.1    12.5
54933 200806  1.302  -99.1296   45.7115    22.4     9.9    16.2    16.3    99.1    22.9 R    30.2     8.7    17.2
54933 200807  1.302  -99.1296   45.7115    28.1    14.2    21.2    21.3   109.7    25.2 R    48.9    12.7    25.6
54933 200808  1.302  -99.1296   45.7115    26.3    13.6    20.0    20.0    51.0    21.9 R    33.1    12.9    20.7
54933 200809  1.302  -99.1296   45.7115    20.8     7.4    14.1    13.9    74.6    15.4 R    25.7     5.9    13.9
54933 200810  1.302  -99.1296   45.7115    12.7     1.1     6.9     6.6    61.7     9.7 R    16.6    -0.6     6.3
54933 200811  1.302  -99.1296   45.7115     3.6    -5.3    -0.8    -1.0     7.7     5.9 R     6.0    -6.5    -1.2
54933 200812  1.302  -99.1296   45.7115 -9999.0 -9999.0 -9999.0 -9999.0    18.9     5.3 R    -6.6   -20.2   -13.5
54933 200901  1.302  -99.1296   45.7115    -7.6   -17.5   -12.6   -12.4   122.5     7.4 R    -6.4   -20.7   -14.3
54933 200902  1.302  -99.1296   45.7115    -5.8   -14.8   -10.3   -10.3    28.4    10.8 R    -2.2   -15.4    -9.6
54933 200903  1.302  -99.1296   45.7115    -0.7   -10.0    -5.4    -5.2    44.1    14.1 R     3.7   -11.6    -4.5
54933 200904  1.302  -99.1296   45.7115    10.3    -0.7     4.8     4.4    40.0    18.0 R    17.2    -2.0     5.2
54933 200905  1.302  -99.1296   45.7115    19.1     4.3    11.7    11.8    19.9    24.2 R    29.3     2.7    13.3
54933 200906  1.302  -99.1296   45.7115    21.1    10.3    15.7    15.8    97.1    22.3 R    29.6     8.7    17.0
54933 200907  1.302  -99.1296   45.7115    24.0    12.1    18.0    18.1    85.0    23.9 R    31.1    10.6    19.0
54933 200908  2.402  -99.1296   45.7115    24.6    12.0    18.3    18.1 -9999.0    20.4 R    31.9    11.0    19.2
54933 200909  2.402  -99.1296   45.7115    22.0    10.1    16.0    15.8    66.1    15.6 R    29.3     9.1    17.0
54933 200910  2.402  -99.1296   45.7115     6.8    -0.9     3.0     2.9   103.9     6.7 R    11.1    -1.1     3.6
54933 200911  2.402  -99.1296   45.7115     9.4    -3.4     3.0     2.4     1.7     8.3 R    13.3    -4.6     2.2
54933 200912  2.402  -99.1296   45.7115 -9999.0 -9999.0 -9999.0 -9999.0    37.3     5.2 R    -6.8   -16.7   -12.1
54933 201001  2.402  -99.1296   45.7115 -9999.0 -9999.0 -9999.0 -9999.0    37.5     6.8 R    -7.1   -17.4   -12.3
54933 201002  2.402  -99.1296   45.7115    -9.0   -16.6   -12.8   -12.2    14.2    11.3 R    -1.8   -17.2   -11.6
54933 201003  2.402  -99.1296   45.7115     4.5    -4.1     0.2     0.3    27.5    13.2 R     9.6    -4.0     1.2
54933 201004  2.402  -99.1296   45.7115 -9999.0 -9999.0 -9999.0 -9999.0 -9999.0 -9999.0 U -9999.0 -9999.0 -9999.0
54933 201005  2.402  -99.1296   45.7115    17.6     6.9    12.2    12.2   162.5    20.7 R    24.0     5.4    12.8
54933 201006  2.402  -99.1296   45.7115    23.1    12.6    17.9    17.9    70.4    26.4 R    33.6    11.3    19.8
54933 201007  2.402  -99.1296   45.7115    27.5    14.6    21.1    21.0    24.7    25.8 R    37.8    12.8    22.7
54933 201008  2.402  -99.1296   45.7115    29.1    15.0    22.0    21.5    37.1    23.1 R    37.1    13.5    22.7
54933 201009  2.402  -99.1296   45.7115    19.2     7.1    13.2    12.9   143.8    17.2 R    25.2     6.3    13.7
54933 201010  2.402  -99.1296   45.7115    14.9     2.6     8.7     8.5     9.6    13.3 R    19.2     1.2     8.6
54933 201011  2.402  -99.1296   45.7115     3.5    -7.1    -1.8    -1.8    12.1     7.6 R     6.6    -8.6    -2.1
54933 201012  2.402  -99.1296   45.7115    -8.3   -15.2   -11.7   -11.4    27.4     5.6 R    -6.8   -16.1   -11.5
54933 201101  2.402  -99.1296   45.7115    -9.2   -19.0   -14.1   -14.3    11.8     7.8 R    -8.5   -20.1   -14.2
54933 201102  2.402  -99.1296   45.7115    -7.5   -16.7   -12.1   -11.5    18.0    12.9 R    -6.6   -18.0   -11.9
54933 201103  2.402  -99.1296   45.7115    -3.6   -10.9    -7.2    -6.8    54.4    16.9 R    -1.2   -12.1    -6.5
54933 201104  2.402  -99.1296   45.7115     9.1    -0.6     4.2     4.2    67.9    18.2 R    15.0    -1.7     4.9
54933 201105  2.402  -99.1296   45.7115    16.7     5.5    11.1    11.0    62.5    20.7 R    24.3     4.7    12.3
54933 201106  2.402  -99.1296   45.7115    22.3    11.8    17.1    17.2   142.2    21.7 R    27.5    10.9    18.2
54933 201107  2.402  -99.1296   45.7115    27.8    17.1    22.4    22.4   130.4    23.6 R    32.6    16.4    23.6
54933 201108  2.402  -99.1296   45.7115    26.1    14.4    20.2    20.1    55.7    21.7 R    31.3    13.3    21.0
54933 201109  2.402  -99.1296   45.7115    20.9     7.2    14.1    13.8    22.2    17.6 R    26.5     5.7    14.6
54933 201110  2.402  -99.1296   45.7115    16.0     2.7     9.3     8.8    15.4    11.3 R    20.0     1.5     9.0
54933 201111  2.402  -99.1296   45.7115     6.1    -6.5    -0.2    -0.5     0.5     7.7 R    10.1    -7.6    -0.5
54933 201112  2.402  -99.1296   45.7115     0.7    -9.9    -4.6    -4.4     3.4     4.9 R     3.6   -10.9    -4.4
54933 201201  2.402  -99.1296   45.7115     0.0   -11.8    -5.9    -6.1     8.4     6.7 R     3.1   -12.6    -6.0
54933 201202  2.402  -99.1296   45.7115     0.5   -11.2    -5.4    -5.6    16.8     9.9 R     5.2   -12.1    -5.1
54933 201203  2.402  -99.1296   45.7115    14.0    -0.4     6.8     6.4     4.8    15.3 R    18.6    -1.5     7.0
54933 201204  2.402  -99.1296   45.7115    14.4     1.9     8.1     8.1   112.6    16.9 R    20.6     0.9     9.1
54933 201205  2.412  -99.1296   45.7115    19.2     7.3    13.2    13.3    50.2    20.4 R    25.8     5.6    14.3
54933 201206  2.412  -99.1296   45.7115    26.4    12.7    19.5    19.6    48.9    24.7 C    31.5    11.4    20.7
54933 201207  2.412  -99.1296   45.7115    31.1    17.4    24.2    23.9    44.2    24.3 C    37.7    16.6    25.7
54933 201208  2.412  -99.1296   45.7115    27.5    12.7    20.1    19.8    37.4    21.5 C    35.3    11.4    21.5
54933 201209  2.412  -99.1296   45.7115    24.3     6.9    15.6    15.5     1.5    18.2 C    31.2     5.1    16.5
54933 201210  2.412  -99.1296   45.7115    12.2     0.1     6.1     5.8     9.2     9.6 C    16.4    -0.7     6.5
54933 201211  2.412  -99.1296   45.7115     3.4    -6.5    -1.5    -1.7     6.6     5.6 C     5.3    -7.1    -1.6
54933 201212  2.412  -99.1296   45.7115    -4.9   -12.9    -8.9    -8.9    13.2     5.2 C    -3.5   -13.7    -8.8
54933 201301  2.412  -99.1296   45.7115    -6.1   -15.9   -11.0   -10.7    15.3     6.7 C    -5.3   -16.9   -10.7
54933 201302  2.412  -99.1296   45.7115    -4.1   -13.5    -8.8    -8.9    12.2     9.1 C    -2.3   -14.3    -8.6
54933 201303  2.412  -99.1296   45.7115    -2.4   -12.7    -7.5    -7.4    11.6    15.7 C     0.8   -13.8    -6.6
54933 201304  2.412  -99.1296   45.7115     6.0    -5.5     0.2     0.3    28.1    18.7 C     9.6    -6.4     1.1
54933 201305  2.422  -99.1296   45.7115    18.5     5.9    12.2    12.2    99.5    19.7 C    27.1     4.0    13.8
54933 201306  2.422  -99.1296   45.7115    23.0    11.4    17.2    17.2    44.7    22.9 C    33.2     8.4    18.5
54933 201307  2.422  -99.1296   45.7115    26.4    14.2    20.3    20.4    99.7    24.5 C    39.6    11.0    22.5
54933 201308  2.422  -99.1296   45.7115    28.3    14.3    21.3    20.9    13.8    21.0 C    39.6    11.7    22.4
54933 201309  2.422  -99.1296   45.7115    24.3    11.0    17.6    17.0    60.1    16.1 C    32.1     8.7    17.5
54933 201310  2.422  -99.1296   45.7115    10.0     0.3     5.1     5.0   124.7     8.5 C    13.8    -1.7     4.8
54933 201311  2.422  -99.1296   45.7115     3.9    -8.5    -2.3    -2.4     1.7     7.0 C     7.8   -11.6    -2.9
54933 201312  2.422  -99.1296   45.7115    -9.0   -19.3   -14.1   -14.0    17.4     5.2 C    -8.1   -21.1   -14.4
54933 201401  2.422  -99.1296   45.7115    -5.9   -19.2   -12.5   -12.6     8.2     7.1 C    -6.2   -22.0   -13.4
54933 201402  2.422  -99.1296   45.7115    -8.9   -19.7   -14.3   -14.6     2.6    11.6 C    -6.0   -22.1   -14.9
54933 201403  2.422  -99.1296   45.7115     1.4    -9.9    -4.3    -4.5     9.4    13.4 C     8.8   -11.6    -3.3
54933 201404  2.422  -99.1296   45.7115    11.5    -1.9     4.8     4.5    47.2    18.7 C    21.9    -4.5     5.7
54933 201405  2.422  -99.1296   45.7115    18.9     6.5    12.7    12.6    45.5    21.5 C    31.7     3.6    14.3
54933 201406  2.422  -99.1296   45.7115    22.2    11.5    16.9    16.9   158.2    22.2 C    31.8     9.2    18.1
54933 201407  2.422  -99.1296   45.7115    25.4    13.3    19.3    19.4     6.0    24.6 C    39.7     9.8    21.8
54933 201408  2.422  -99.1296   45.7115    24.9    14.1    19.5    19.2   108.0    17.3 C    36.9    11.3    20.8
54933 201409  2.422  -99.1296   45.7115    21.1     8.1    14.6    14.2    15.1    16.1 C    28.5     5.9    14.8
54933 201410  2.422  -99.1296   45.7115    14.9     1.5     8.2     7.9    15.5    11.0 C    20.7    -2.1     7.3
54933 201411  2.422  -99.1296   45.7115    -1.7   -11.7    -6.7    -6.4    16.5     7.0 C    -0.7   -14.4    -7.4
54933 201412  2.422  -99.1296   45.7115    -3.7   -11.6    -7.6    -7.3     8.0     4.6 C    -3.6   -13.5    -8.0
54933 201501  2.422  -99.1296   45.7115    -3.8   -12.7    -8.3    -8.5    14.1     6.4 C    -3.5   -15.1    -9.3
54933 201502  2.422  -99.1296   45.7115    -6.6   -18.0   -12.3   -12.1    10.5     9.3 C    -4.5   -19.7   -12.0
54933 201503  2.422  -99.1296   45.7115     8.0    -5.6     1.2     0.9     9.6    14.6 C    13.5    -9.8     0.4
54933 201504  2.422  -99.1296   45.7115    15.2     0.5     7.8     7.7     7.1    20.4 C    27.0    -3.5     9.0
54933 201505  2.422  -99.1296   45.7115    17.4     5.4    11.4    11.6   179.8    16.8 C    27.5     2.6    12.8
54933 201506  2.422  -99.1296   45.7115    24.3    12.9    18.6    18.6    88.7    23.1 C    35.0    10.0    20.1
54933 201507  2.422  -99.1296   45.7115    27.3    14.9    21.1    21.0    55.0    24.8 C    35.9    12.2    22.0
54933 201508  2.422  -99.1296   45.7115    26.0    13.3    19.7    19.7    50.1    20.0 C    33.9    10.6    20.4
54933 201509  2.422  -99.1296   45.7115    24.6    10.4    17.5    17.0     9.8    15.7 C    32.9     8.0    17.7
54933 201510  2.422  -99.1296   45.7115    15.8     3.0     9.4     9.1    18.4    10.0 C    21.8     0.1     8.8
54933 201511  2.422  -99.1296   45.7115     7.0    -4.4     1.3     1.2    23.5     6.6 C    10.0    -6.9     0.3
54933 201512  2.422  -99.1296   45.7115    -2.5   -10.0    -6.2    -6.2    11.4     4.5 C    -2.1   -12.4    -7.1
54933 201601  2.422  -99.1296   45.7115    -5.4   -13.4    -9.4    -9.1     2.7     5.7 C    -5.1   -15.5    -9.9
54933 201602  2.422  -99.1296   45.7115     1.3    -8.3    -3.5    -3.6    18.6     8.0 C     3.4    -9.1    -3.7
54933 201603  2.422  -99.1296   45.7115     9.8    -3.5     3.1     2.7    13.0    14.4 C    16.9    -6.4     3.1
54933 201604  2.422  -99.1296   45.7115    12.6    -0.6     6.0     6.0    80.1    16.1 C    19.4    -2.1     6.9
54933 201605  2.422  -99.1296   45.7115    20.5     6.6    13.6    13.8    57.6    22.6 C    29.7     3.2    14.4
54933 201606  2.422  -99.1296   45.7115    25.3    12.4    18.9    19.2    97.9    25.8 C    32.7     9.8    20.1
54933 201607  2.422  -99.1296   45.7115    27.0    14.6    20.8    20.7    93.6    22.0 C    38.8    12.9    22.6
54933 201608  2.422  -99.1296   45.7115    26.7    13.5    20.1    19.9   111.9    20.6 C    35.1    11.1    20.8
54933 201609  2.422  -99.1296   45.7115    21.3     9.0    15.2    14.9    34.2    13.3 C    26.6     7.1    14.9
54933 201610  2.422  -99.1296   45.7115    14.9     2.6     8.7     8.2    30.4     8.8 C    19.6     0.7     8.1
54933 201611  2.422  -99.1296   45.7115     9.2    -1.3     4.0     3.6    21.5     6.4 C    11.5    -4.1     2.4
54933 201612  2.422  -99.1296   45.7115    -7.5   -15.7   -11.6   -11.1    41.1     5.1 C    -7.5   -18.0   -12.2
54933 201701  2.422  -99.1296   45.7115    -7.9   -14.9   -11.4   -11.0    15.1     6.0 C    -7.4   -16.6   -11.8
54933 201702  2.422  -99.1296   45.7115    -0.3    -9.6    -5.0    -4.9     3.1     9.6 C     3.1   -11.7    -5.4
54933 201703  2.422  -99.1296   45.7115     3.8    -7.3    -1.8    -1.7    13.6    12.4 C    11.7    -9.2    -0.9
54933 201704  2.422  -99.1296   45.7115    13.2    -0.3     6.4     6.3    20.8    16.7 C    25.7    -3.8     7.5
54933 201705  2.422  -99.1296   45.7115    20.1     5.7    12.9    13.1    36.0    22.5 C    34.1     2.2    15.0
54933 201706  2.422  -99.1296   45.7115    26.3    10.9    18.6    18.7    31.5    24.8 C    41.2     7.0    21.0
54933 201707  2.422  -99.1296   45.7115    30.5    14.8    22.6    22.7    78.9    25.5 C    48.0    12.6    26.5
