03060 200407  1.201 -107.6928   38.5440 -9999.0 -9999.0 -9999.0 -9999.0 -9999.0 -9999.0 U -9999.0 -9999.0 -9999.0
03060 200408  1.201 -107.6928   38.5440    23.3     9.3    16.3    15.9    20.4    23.4 R -9999.0 -9999.0    20.7
03060 200409  1.201 -107.6928   38.5440    17.5     5.2    11.3    11.1    85.8    18.1 R -9999.0 -9999.0    13.3
03060 200410  1.201 -107.6928   38.5440    10.9     0.9     5.9     5.5    48.6    13.1 R -9999.0 -9999.0     5.7
03060 200411  1.201 -107.6928   38.5440     3.8    -5.0    -0.6    -1.1    62.3     9.6 R -9999.0 -9999.0    -2.0
03060 200412  1.201 -107.6928   38.5440     0.3    -8.9    -4.3    -4.5    22.3     8.7 R -9999.0 -9999.0    -9.9
03060 200501  1.201 -107.6928   38.5440     1.7    -6.5    -2.4    -2.6    46.8     8.6 R -9999.0 -9999.0    -6.5
03060 200502  1.201 -107.6928   38.5440     1.0    -7.0    -3.0    -3.2    38.7    11.3 R -9999.0 -9999.0    -6.9
03060 200503  1.201 -107.6928   38.5440     3.7    -5.4    -0.8    -1.1    53.6    17.2 R -9999.0 -9999.0    -5.1
03060 200504  1.201 -107.6928   38.5440    10.4    -1.8     4.3     4.2    40.0    20.6 R -9999.0 -9999.0     3.5
03060 200505  1.201 -107.6928   38.5440    16.8     3.7    10.3    10.2    12.1    24.4 R -9999.0 -9999.0    13.9
03060 200506  1.201 -107.6928   38.5440    19.8     6.4    13.1    13.0    43.0    26.0 R -9999.0 -9999.0    17.0
03060 200507  1.201 -107.6928   38.5440    27.5    12.4    20.0    19.6    13.7    28.6 R -9999.0 -9999.0    24.4
03060 200508  1.201 -107.6928   38.5440    22.4     9.8    16.1    15.3    77.6    21.6 R -9999.0 -9999.0    17.8
03060 200509  1.201 -107.6928   38.5440    19.7     7.4    13.5    12.9    67.4    18.7 R -9999.0 -9999.0    14.3
03060 200510  1.201 -107.6928   38.5440    12.6     1.8     7.2     6.6    59.2    14.3 R -9999.0 -9999.0     6.6
03060 200511  1.201 -107.6928   38.5440     6.2    -4.2     1.0     0.7    24.8    10.0 R -9999.0 -9999.0    -0.6
03060 200512  1.201 -107.6928   38.5440    -0.9   -10.4    -5.6    -5.5    62.4     8.2 R -9999.0 -9999.0    -9.7
03060 200601  1.201 -107.6928   38.5440     0.2   -10.3    -5.1    -5.4    51.2     9.7 R -9999.0 -9999.0    -9.5
03060 200602  1.201 -107.6928   38.5440     1.1    -9.9    -4.4    -4.3    11.5    14.1 R -9999.0 -9999.0    -9.2
03060 200603  1.201 -107.6928   38.5440     3.5    -6.1    -1.3    -1.2    67.4    15.3 R -9999.0 -9999.0    -4.9
03060 200604  1.201 -107.6928   38.5440    12.9    -0.6     6.1     6.0    26.8    23.3 R -9999.0 -9999.0     7.3
03060 200605  1.201 -107.6928   38.5440    18.6     4.3    11.5    11.6     3.8    26.5 R -9999.0 -9999.0    15.4
03060 200606  1.201 -107.6928   38.5440    24.4     9.4    16.9    17.1    23.8    29.2 R -9999.0 -9999.0    20.6
03060 200607  1.301 -107.6928   38.5440    24.9    12.0    18.4    17.7   108.3    24.0 R -9999.0 -9999.0    20.7
03060 200608  1.301 -107.6928   38.5440    22.4    10.0    16.2    15.5    49.7    21.3 R    42.0     9.3    18.2
03060 200609  1.301 -107.6928   38.5440    15.9     3.5     9.7     9.5    69.1    18.8 R    34.3     1.6    10.6
03060 200610  1.301 -107.6928   38.5440    10.0    -0.3     4.9     4.2   111.6    11.9 R    23.4    -2.5     3.9
03060 200611  1.301 -107.6928   38.5440     5.5    -5.1     0.2     0.0    53.5     9.5 R    18.1    -9.5    -2.2
03060 200612  1.301 -107.6928   38.5440     0.2    -8.5    -4.2    -4.3    26.9     8.2 R    13.5   -15.4    -8.5
03060 200701  1.301 -107.6928   38.5440    -1.5   -12.1    -6.8    -7.0    45.4     9.9 R    12.3   -19.9   -11.6
03060 200702  1.301 -107.6928   38.5440     1.3    -7.4    -3.0    -3.0    46.4    11.4 R    13.5   -13.7    -6.8
03060 200703  1.301 -107.6928   38.5440     7.3    -3.7     1.8     1.7    27.3    17.4 R    19.8    -8.8    -1.5
03060 200704  1.301 -107.6928   38.5440    11.4    -0.7     5.4     5.0    55.4    20.1 R    28.4    -2.8     6.3
03060 200705  1.301 -107.6928   38.5440    15.5     3.2     9.4     9.0    47.8    22.7 R    32.4     1.4    11.4
03060 200706  1.301 -107.6928   38.5440    22.8     8.5    15.7    15.9    14.7    29.4 R    45.9     6.6    20.4
03060 200707  1.302 -107.6928   38.5440    26.5    12.3    19.4    18.5    44.0    25.3 R    48.2    11.2    22.6
03060 200708  1.302 -107.6928   38.5440    24.4    11.6    18.0    17.4    62.2    22.4 R    42.4    10.4    20.5
03060 200709  1.302 -107.6928   38.5440    19.7     6.3    13.0    12.7    79.3    19.2 R    35.6     4.8    14.7
03060 200710  1.302 -107.6928   38.5440    12.6    -0.4     6.1     5.8    65.7    13.9 R    20.4    -2.7     4.9
03060 200711  1.302 -107.6928   38.5440     8.5    -3.9     2.3     2.0    20.0    11.4 R    18.4    -7.9     0.2
03060 200712  1.302 -107.6928   38.5440    -3.8   -11.2    -7.5    -7.5    91.0     6.8 R     6.6   -17.6    -9.9
03060 200801  1.302 -107.6928   38.5440    -5.0   -13.4    -9.2    -9.1 -9999.0     9.0 R     3.0   -20.0   -11.9
03060 200802  1.302 -107.6928   38.5440    -0.9    -9.4    -5.1    -5.1    45.1    12.2 R     1.3   -16.8    -8.3
03060 200803  1.302 -107.6928   38.5440     2.8    -7.1    -2.2    -2.0    67.1    17.8 R     5.2   -14.7    -6.0
03060 200804  1.302 -107.6928   38.5440     7.6    -3.9     1.8     2.3    69.4    22.7 R    11.9    -8.9    -0.7
03060 200805  1.302 -107.6928   38.5440    14.1     1.0     7.5     7.6    63.5    24.2 R    31.0    -0.9     9.8
03060 200806  1.302 -107.6928   38.5440    21.2     6.9    14.1    14.4    13.3    28.7 R    44.4     5.0    18.9
03060 200807  1.302 -107.6928   38.5440    25.7    11.1    18.4    17.9    12.0    26.4 R    51.1     9.5    23.1
03060 200808  1.302 -107.6928   38.5440    24.6    10.7    17.6    17.2    28.0    24.2 R    48.6     9.1    21.8
03060 200809  1.302 -107.6928   38.5440    20.1     6.0    13.0    12.4    30.2    21.1 R    38.7     3.7    14.8
03060 200810  1.302 -107.6928   38.5440    13.6     0.7     7.2     6.7    14.2    15.5 R    30.3    -2.7     7.2
03060 200811  1.302 -107.6928   38.5440     6.5    -3.4     1.5     1.3    35.0     9.6 R    14.0    -6.8     0.1
03060 200812  1.302 -107.6928   38.5440    -0.9   -10.1    -5.5    -5.6    83.6     6.9 R     0.0   -15.7    -8.5
03060 200901  1.302 -107.6928   38.5440     0.3    -8.7    -4.2    -4.4    32.7     9.9 R     3.8   -16.3    -8.8
03060 200902  1.302 -107.6928   38.5440     1.8    -7.6    -2.9    -2.9    28.9    13.4 R     3.9   -14.5    -7.1
03060 200903  1.302 -107.6928   38.5440     5.6    -5.4     0.1     0.3    82.9    18.4 R     7.2   -10.0    -2.7
03060 200904  1.302 -107.6928   38.5440     8.7    -2.7     3.0     3.0    81.1    20.7 R    17.1    -6.6     2.7
03060 200905  1.302 -107.6928   38.5440    16.7     5.1    10.9    10.7    67.7    23.5 R    35.0     3.2    13.9
03060 200906  1.302 -107.6928   38.5440    18.8     7.0    12.9    12.5    24.3    22.8 R    36.7     5.6    15.8
03060 200907  1.302 -107.6928   38.5440    25.1    11.0    18.1    17.7    23.4    26.3 R    46.3     9.4    21.6
03060 200908  1.302 -107.6928   38.5440    24.3     9.6    17.0    16.6    30.2    24.1 R    43.3     7.2    19.6
03060 200909  1.302 -107.6928   38.5440    19.9     6.7    13.3    12.6    27.5    18.3 R    36.7     4.6    14.7
03060 200910  1.302 -107.6928   38.5440     9.4    -1.5     3.9     3.8    26.8    12.9 R    20.9    -5.0     4.6
03060 200911  1.302 -107.6928   38.5440     7.5    -4.1     1.7     1.1    27.0    11.3 R    10.2    -7.7    -1.1
03060 200912  1.302 -107.6928   38.5440    -3.6   -12.8    -8.2    -8.2    44.0     8.1 R    -3.4   -19.1   -11.5
03060 201001  1.302 -107.6928   38.5440    -0.6    -9.9    -5.3    -5.5    14.1     8.6 R    -1.9   -18.0    -9.6
03060 201002  1.302 -107.6928   38.5440    -1.9    -9.9    -5.9    -6.1    58.7    10.1 R    -1.4   -17.5    -9.1
03060 201003  1.302 -107.6928   38.5440     3.5    -6.3    -1.4    -1.4    84.9    17.1 R     1.1   -12.9    -5.0
03060 201004  2.402 -107.6928   38.5440     9.3    -2.6     3.4     3.2    63.7    21.6 R    13.9    -5.5     2.5
03060 201005  2.402 -107.6928   38.5440    14.6     1.1     7.9     8.0    23.6    27.3 R    26.7     0.2    10.8
03060 201006  2.402 -107.6928   38.5440    22.6     9.5    16.0    16.0    13.5    30.7 R    37.4     8.3    19.7
03060 201007  2.402 -107.6928   38.5440    25.6    11.5    18.5    18.0    57.6    28.5 R    39.7    11.0    21.5
03060 201008  2.402 -107.6928   38.5440    22.6    10.2    16.4    15.7    60.6    24.2 R    32.6     9.5    18.0
03060 201009  2.402 -107.6928   38.5440    21.8     7.4    14.6    14.3    28.8    23.9 R    32.0     6.3    16.3
03060 201010  2.402 -107.6928   38.5440    13.5     1.3     7.4     6.7    76.5    16.2 R    21.4     0.3     7.8
03060 201011  2.402 -107.6928   38.5440     3.3    -7.3    -2.0    -2.3    39.7    11.1 R     7.5    -9.2    -2.3
03060 201012  2.402 -107.6928   38.5440     2.4    -5.1    -1.4    -1.5    28.8     6.3 R     4.5    -6.6    -2.0
03060 201101  2.402 -107.6928   38.5440    -1.8   -11.7    -6.7    -6.7    34.5    10.9 R     3.1   -15.0    -7.5
03060 201102  2.402 -107.6928   38.5440    -1.1   -11.8    -6.4    -6.4    28.3    13.2 R     2.7   -14.7    -7.1
03060 201103  2.402 -107.6928   38.5440     5.8    -4.5     0.6     0.6    47.4    17.2 R     8.2    -6.7     0.2
03060 201104  2.402 -107.6928   38.5440     8.8    -3.3     2.7     2.7    92.9    18.6 R    14.7    -3.9     3.8
03060 201105  2.402 -107.6928   38.5440    13.3     1.1     7.2     7.2    47.6    21.5 R    21.3     0.4     8.9
03060 201106  2.402 -107.6928   38.5440    22.0     7.6    14.8    15.2    16.9    27.8 R    33.5     6.5    18.1
03060 201107  2.402 -107.6928   38.5440    25.0    11.5    18.3    17.4    47.9    24.9 R    36.6    11.1    20.4
03060 201108  2.402 -107.6928   38.5440    26.4    11.7    19.0    18.3    11.4    23.5 R    38.5    11.2    21.3
03060 201109  2.402 -107.6928   38.5440    20.2     6.7    13.5    12.9    30.2    19.3 R    29.5     6.0    14.9
03060 201110  2.402 -107.6928   38.5440    12.5     0.4     6.4     6.0    55.6    14.8 R    19.4    -0.5     7.1
03060 201111  2.402 -107.6928   38.5440     4.8    -5.7    -0.4    -0.8    40.4    10.4 R     7.8    -6.9    -0.9
03060 201112  2.402 -107.6928   38.5440    -0.5    -9.9    -5.2    -5.5    51.9     8.9 R     3.1   -12.2    -6.1
03060 201201  2.402 -107.6928   38.5440     1.7    -8.8    -3.6    -3.7    41.3     9.9 R     4.9   -11.4    -4.6
03060 201202  2.402 -107.6928   38.5440     0.1    -9.2    -4.5    -4.8    57.9    12.8 R     4.5   -11.9    -5.0
03060 201203  2.402 -107.6928   38.5440     7.8    -3.9     1.9     2.1    28.4    19.2 R    10.8    -6.8     1.3
03060 201204  2.412 -107.6928   38.5440    13.7    -0.3     6.7     6.6    39.4    21.9 R    24.7    -1.7     8.0
03060 201205  2.412 -107.6928   38.5440    18.5     4.0    11.3    11.5     2.9    26.1 C    33.7     1.6    14.5
03060 201206  2.412 -107.6928   38.5440    25.8    10.6    18.2    18.3     0.9    29.2 C    42.9     7.7    21.9
03060 201207  2.412 -107.6928   38.5440    25.6    12.0    18.8    17.8    54.9    22.1 C    40.3    10.9    20.7
03060 201208  2.412 -107.6928   38.5440    25.4    11.4    18.4    17.7    24.5    21.7 C    40.0    10.0    20.6
03060 201209  2.412 -107.6928   38.5440    20.1     6.9    13.5    13.0    73.8    19.8 C    31.9     5.0    14.5
03060 201210  2.412 -107.6928   38.5440    13.5     0.9     7.2     7.2    16.3    15.9 C    22.5    -2.0     7.2
03060 201211  2.412 -107.6928   38.5440     8.8    -3.2     2.8     2.3    23.1    11.7 C    13.1    -6.6     0.5
03060 201212  2.412 -107.6928   38.5440    -1.1    -9.8    -5.5    -5.6    65.3     7.3 C     0.1   -14.7    -7.5
03060 201301  2.412 -107.6928   38.5440    -2.5   -12.8    -7.6    -8.1    35.8     9.7 C    -3.4   -18.5   -11.9
03060 201302  2.412 -107.6928   38.5440    -2.0   -11.1    -6.5    -6.7    65.2    13.1 C    -1.8   -18.2   -10.1
03060 201303  2.412 -107.6928   38.5440     4.8    -5.5    -0.4    -0.1    35.5    18.1 C     2.3   -11.6    -4.1
03060 201304  2.412 -107.6928   38.5440     8.8    -3.3     2.8     2.8    75.8    20.2 C    15.0    -5.7     2.9
03060 201305  2.422 -107.6928   38.5440    15.7     2.9     9.3     9.1    42.5    25.0 C    33.0     0.5    12.2
03060 201306  2.422 -107.6928   38.5440    24.5    10.4    17.4    17.6     4.0    29.4 C    47.2     6.0    21.6
03060 201307  2.422 -107.6928   38.5440    25.6    12.1    18.8    18.4    58.7    25.4 C    44.7    10.1    22.1
03060 201308  2.422 -107.6928   38.5440    23.4    10.6    17.0    16.0    50.5    21.1 C    38.9     8.7    18.2
03060 201309  2.422 -107.6928   38.5440    19.7     7.1    13.4    12.7    94.8    17.9 C    31.1     5.6    14.1
03060 201310  2.422 -107.6928   38.5440     9.6    -1.4     4.1     3.8    68.5    13.9 C    17.3    -3.9     3.4
03060 201311  2.422 -107.6928   38.5440     5.5    -4.3     0.6     0.1    31.7     9.9 C     6.7    -7.3    -1.9
03060 201312  2.422 -107.6928   38.5440    -1.2   -11.3    -6.2    -6.5    33.0     8.5 C    -3.7   -20.5   -11.7
03060 201401  2.422 -107.6928   38.5440     1.1    -9.3    -4.1    -4.0    37.1    10.1 C    -2.3   -19.5   -10.7
03060 201402  2.422 -107.6928   38.5440     1.5    -6.6    -2.6    -2.3    44.7    11.5 C    -2.1   -15.8    -7.6
03060 201403  2.422 -107.6928   38.5440     5.8    -5.7     0.1     0.2    47.2    17.6 C     0.5   -12.9    -5.2
03060 201404  2.422 -107.6928   38.5440     9.3    -2.3     3.5     3.3    59.0    18.8 C    16.3    -5.8     3.0
03060 201405  2.422 -107.6928   38.5440    15.3     3.5     9.4     9.2    51.6    22.9 C    28.7    -0.1    10.3
03060 201406  2.422 -107.6928   38.5440    22.0     7.7    14.8    15.2     0.8    27.9 C    41.5     3.3    18.1
03060 201407  2.422 -107.6928   38.5440    26.0    11.7    18.9    18.3    20.3    25.2 C    47.3     9.3    22.2
03060 201408  2.422 -107.6928   38.5440    22.5     9.6    16.0    15.3    55.7    21.2 C    38.1     7.8    17.8
03060 201409  2.422 -107.6928   38.5440    20.5     7.7    14.1    13.6    78.0    19.1 C    32.7     5.4    14.8
03060 201410  2.422 -107.6928   38.5440    14.1     2.2     8.2     7.6    38.2    14.5 C    22.1    -1.1     6.7
03060 201411  2.422 -107.6928   38.5440     5.7    -5.6     0.0    -0.1    24.8     9.7 C     8.2   -10.7    -2.6
03060 201412  2.422 -107.6928   38.5440     0.6    -7.6    -3.5    -4.0    49.3     6.5 C     0.6   -13.3    -6.2
03060 201501  2.422 -107.6928   38.5440     2.1    -7.5    -2.7    -2.9    12.8     9.2 C    -0.5   -15.0    -7.6
03060 201502  2.422 -107.6928   38.5440     4.6    -5.2    -0.3    -0.6    46.0    12.4 C     3.8    -9.9    -3.6
03060 201503  2.422 -107.6928   38.5440     9.1    -2.8     3.2     3.2    32.7    18.9 C    11.3    -7.9     0.3
03060 201504  2.422 -107.6928   38.5440    10.9    -1.4     4.8     4.4    50.9    20.8 C    23.9    -4.7     6.1
03060 201505  2.422 -107.6928   38.5440    13.1     1.9     7.5     6.9   115.8    20.8 C    23.0     0.3     8.5
03060 201506  2.422 -107.6928   38.5440    23.0     9.6    16.3    16.3    29.6    26.5 C    37.5     7.6    18.8
03060 201507  2.422 -107.6928   38.5440    22.6    10.2    16.4    15.9    50.6    22.9 C    35.8     8.5    18.2
03060 201508  2.422 -107.6928   38.5440    24.2    10.5    17.4    16.7    43.5    22.1 C    38.5     7.8    18.6
03060 201509  2.422 -107.6928   38.5440    21.4     8.0    14.7    14.3    42.1    19.7 C    33.2     4.8    14.9
03060 201510  2.422 -107.6928   38.5440    14.8     3.3     9.1     8.4    50.1    13.2 C    25.1     0.0     8.5
03060 201511  2.422 -107.6928   38.5440     4.2    -6.2    -1.0    -1.4    63.3    10.5 C     3.9   -11.9    -4.8
03060 201512  2.422 -107.6928   38.5440    -1.3   -10.5    -5.9    -5.9    81.7     7.4 C    -3.5   -18.8   -10.0
03060 201601  2.422 -107.6928   38.5440    -2.0   -10.7    -6.3    -6.4    66.5     8.9 C    -4.5   -20.0   -11.1
03060 201602  2.422 -107.6928   38.5440     2.7    -7.6    -2.4    -2.3    22.4    14.4 C    -1.9   -17.9    -9.4
03060 201603  2.422 -107.6928   38.5440     5.8    -4.5     0.6     0.8    66.7    16.8 C     0.6   -12.7    -4.6
03060 201604  2.422 -107.6928   38.5440     9.8    -1.3     4.3     3.9    55.4    19.7 C    18.4    -4.3     3.9
03060 201605  2.422 -107.6928   38.5440    15.0     2.2     8.6     8.5    35.2    23.7 C    28.8    -0.1    10.4
03060 201606  2.422 -107.6928   38.5440    24.4     9.9    17.2    16.9    13.0    27.7 C    42.4     6.5    19.8
03060 201607  2.422 -107.6928   38.5440    25.4    11.8    18.6    18.3    38.0    26.4 C    40.6     8.9    20.7
03060 201608  2.422 -107.6928   38.5440    22.4     9.5    15.9    15.2    40.2    21.8 U -9999.0 -9999.0 -9999.0
03060 201609  2.422 -107.6928   38.5440    20.0     6.8    13.4    12.7    60.4    17.3 U -9999.0 -9999.0 -9999.0
03060 201610  2.422 -107.6928   38.5440    15.8     2.7     9.2     8.9    12.3    13.7 U -9999.0 -9999.0 -9999.0
03060 201611  2.422 -107.6928   38.5440     7.7    -3.0     2.4     1.8    64.5     9.6 U -9999.0 -9999.0 -9999.0
03060 201612  2.422 -107.6928   38.5440     0.1    -9.3    -4.6    -4.6    57.3     6.3 U -9999.0 -9999.0 -9999.0
03060 201701  2.422 -107.6928   38.5440    -1.7    -9.5    -5.6    -5.5    80.0     6.7 U -9999.0 -9999.0 -9999.0
03060 201702  2.422 -107.6928   38.5440     3.6    -4.9    -0.6    -0.6    52.7     9.8 U -9999.0 -9999.0 -9999.0
03060 201703  2.422 -107.6928   38.5440     9.3    -2.1     3.6     3.3    38.2    15.9 U -9999.0 -9999.0 -9999.0
03060 201704  2.422 -107.6928   38.5440    10.9    -1.8     4.6     4.6    28.7    19.4 U -9999.0 -9999.0 -9999.0
03060 201705  2.422 -107.6928   38.5440    15.1     2.4     8.7     8.6    38.8    22.5 U -9999.0 -9999.0 -9999.0
03060 201706  2.422 -107.6928   38.5440    24.6     9.7    17.1    17.3     4.5    28.8 U -9999.0 -9999.0 -9999.0
03060 201707  2.422 -107.6928   38.5440    25.8    11.9    18.8    17.9    62.9    22.8 U -9999.0 -9999.0 -9999.0
