94081 200409  1.201 -103.3017   45.5160 -9999.0 -9999.0 -9999.0 -9999.0 -9999.0 -9999.0 U -9999.0 -9999.0 -9999.0
94081 200410  1.201 -103.3017   45.5160    15.7    -0.4     7.6     7.9    52.2    10.8 R -9999.0 -9999.0     9.1
94081 200411  1.201 -103.3017   45.5160     9.1    -6.7     1.2     1.0     1.7     7.6 R -9999.0 -9999.0     0.4
94081 200412  1.201 -103.3017   45.5160     3.9    -9.5    -2.8    -2.6     3.2     5.1 R -9999.0 -9999.0    -3.6
94081 200501  1.201 -103.3017   45.5160    -1.1   -16.0    -8.6    -8.6     3.0     5.9 R -9999.0 -9999.0    -9.0
94081 200502  1.201 -103.3017   45.5160     5.6   -10.8    -2.6    -2.6     8.4    10.4 R -9999.0 -9999.0    -2.9
94081 200503  1.201 -103.3017   45.5160     9.1    -6.3     1.4     1.5     6.1    13.2 R -9999.0 -9999.0     2.8
94081 200504  1.201 -103.3017   45.5160    15.1    -0.8     7.2     7.8    42.6    17.3 R -9999.0 -9999.0    10.2
94081 200505  1.201 -103.3017   45.5160    17.1     3.4    10.2    10.7    87.0    20.0 R -9999.0 -9999.0    13.6
94081 200506  1.201 -103.3017   45.5160    24.3    11.4    17.9    18.1    71.4    22.3 R -9999.0 -9999.0    20.9
94081 200507  1.201 -103.3017   45.5160    31.9    13.4    22.7    23.3    60.1    24.6 R -9999.0 -9999.0    26.7
94081 200508  1.201 -103.3017   45.5160    29.2    10.4    19.8    20.3    28.6    22.3 R -9999.0 -9999.0    23.5
94081 200509  1.201 -103.3017   45.5160    25.2     7.0    16.1    16.5    26.3    16.5 R -9999.0 -9999.0    18.4
94081 200510  1.201 -103.3017   45.5160    15.0    -0.2     7.4     7.7    66.7    11.6 R -9999.0 -9999.0     6.8
94081 200511  1.301 -103.3017   45.5160     7.8    -5.1     1.4     1.4    11.4     6.3 R -9999.0 -9999.0     0.5
94081 200512  1.301 -103.3017   45.5160    -2.1   -12.7    -7.4    -6.9    15.2     5.4 R    -3.4   -14.4    -8.5
94081 200601  1.301 -103.3017   45.5160     5.1    -5.5    -0.2    -0.2    12.6     6.8 R     2.8    -6.1    -1.7
94081 200602  1.301 -103.3017   45.5160     1.4   -10.9    -4.7    -4.6     8.3     9.7 R     3.1   -10.8    -4.5
94081 200603  1.301 -103.3017   45.5160     4.7    -6.3    -0.8    -0.7     9.1    13.8 R     6.6    -6.9    -0.9
94081 200604  1.301 -103.3017   45.5160    15.8     0.4     8.1     8.5    48.2    18.2 R    22.3     0.2     9.2
94081 200605  1.301 -103.3017   45.5160    21.0     4.1    12.5    13.4    28.7    25.1 R    31.8     4.1    15.6
94081 200606  1.301 -103.3017   45.5160    27.2     9.7    18.4    19.4    56.2    27.8 R    39.6    10.6    22.4
94081 200607  1.301 -103.3017   45.5160    34.2    14.5    24.4    25.3    13.2    25.6 R    51.2    15.4    29.5
94081 200608  1.301 -103.3017   45.5160    30.3    12.4    21.4    21.9    35.1    20.6 R    46.9    12.2    25.3
94081 200609  1.301 -103.3017   45.5160    20.7     4.6    12.6    12.9    56.6    14.6 R    33.3     4.3    15.0
94081 200610  1.301 -103.3017   45.5160    11.9    -2.1     4.9     4.9    18.5    10.9 R    17.0    -2.8     5.1
94081 200611  1.301 -103.3017   45.5160     6.8    -7.8    -0.5    -0.5     7.2     6.3 R     9.9    -8.7    -1.6
94081 200612  1.301 -103.3017   45.5160     3.8   -13.9    -5.1    -4.5     0.2     5.0 R     6.5   -15.5    -6.2
94081 200701  1.301 -103.3017   45.5160     2.3   -14.3    -6.0    -5.8     2.0     6.3 R     5.3   -16.3    -7.2
94081 200702  1.301 -103.3017   45.5160    -3.2   -14.6    -8.9    -8.3    19.9     8.7 R    -1.2   -16.5    -8.7
94081 200703  1.301 -103.3017   45.5160    11.3    -3.6     3.9     3.9    39.5    13.2 R    18.3    -4.5     4.2
94081 200704  1.301 -103.3017   45.5160    11.6    -1.6     5.0     5.6    32.2    18.0 R    23.4    -2.1     7.7
94081 200705  1.301 -103.3017   45.5160    19.8     6.5    13.1    13.5   102.6    21.5 R    32.8     6.6    16.6
94081 200706  1.301 -103.3017   45.5160    26.2    10.3    18.2    19.1    32.9    24.6 R    42.0    10.8    23.0
94081 200707  1.302 -103.3017   45.5160    34.0    16.0    25.0    25.4    21.5    25.3 R    50.5    16.2    29.8
94081 200708  1.302 -103.3017   45.5160    29.1    13.2    21.2    21.6    68.9    20.3 R    39.1    13.4    24.1
94081 200709  1.302 -103.3017   45.5160    23.9     5.3    14.6    15.2     4.5    16.7 R    31.4     5.3    16.8
94081 200710  1.302 -103.3017   45.5160    16.2    -0.4     7.9     8.0     4.8     9.5 R    21.6    -0.7     8.7
94081 200711  1.302 -103.3017   45.5160     7.7    -9.7    -1.0    -0.2     4.8     7.2 R    11.5   -10.2    -0.2
94081 200712  1.302 -103.3017   45.5160     0.9   -15.3    -7.2    -6.8    10.5     5.4 R     3.2   -15.9    -7.2
94081 200801  1.302 -103.3017   45.5160    -0.5   -18.0    -9.2    -8.6     3.4     6.7 R     1.8   -18.9    -9.1
94081 200802  1.302 -103.3017   45.5160    -0.2   -15.2    -7.7    -7.0    17.3     9.5 R     1.9   -16.0    -7.0
94081 200803  1.302 -103.3017   45.5160     7.4    -8.3    -0.4    -0.1    11.6    14.8 R    13.6    -8.2     1.0
94081 200804  1.302 -103.3017   45.5160    12.3    -3.8     4.2     4.9    29.5    19.2 R    20.1    -4.2     6.6
94081 200805  1.302 -103.3017   45.5160    16.1     3.8    10.0    10.2   140.8    19.1 R    23.3     3.6    11.5
94081 200806  1.302 -103.3017   45.5160    22.4     8.4    15.4    15.8    93.1    24.0 R    35.5     8.8    18.8
94081 200807  1.302 -103.3017   45.5160    29.5    12.3    20.9    21.7    36.0    26.8 R    43.2    12.7    25.2
94081 200808  1.302 -103.3017   45.5160    29.7    11.2    20.4    21.3    38.3    23.2 R    42.8    11.4    24.4
94081 200809  1.302 -103.3017   45.5160    23.1     2.7    12.9    13.5    13.5    16.2 R    34.2     2.9    15.5
94081 200810  1.302 -103.3017   45.5160    15.1    -2.4     6.3     6.7    37.3    11.9 R    22.3    -2.3     7.2
94081 200811  1.302 -103.3017   45.5160     5.7    -5.5     0.1     0.2    42.7     6.9 R     7.9    -7.5    -1.7
94081 200812  1.302 -103.3017   45.5160    -4.9   -16.8   -10.9   -10.5    14.5     5.4 R     0.1   -17.7   -11.6
94081 200901  1.302 -103.3017   45.5160    -1.3   -13.4    -7.4    -7.2     2.7     7.2 R     0.0   -14.7    -8.7
94081 200902  1.302 -103.3017   45.5160    -1.4   -13.0    -7.2    -6.6    32.6    10.7 R     2.0   -14.8    -7.9
94081 200903  1.302 -103.3017   45.5160     1.7   -10.3    -4.3    -4.0    77.6    16.6 R     3.0   -12.6    -5.6
94081 200904  1.302 -103.3017   45.5160     9.1    -2.9     3.1     3.4    35.7    18.9 R    13.3    -4.5     2.8
94081 200905  1.302 -103.3017   45.5160    19.3     3.2    11.2    11.9    28.7    24.3 R    30.6     2.7    13.9
94081 200906  1.302 -103.3017   45.5160    21.8     7.7    14.8    15.4    42.3    23.0 R    33.7     7.8    17.6
94081 200907  1.302 -103.3017   45.5160    27.1    10.2    18.6    19.2    70.0    25.0 R    38.8    10.4    21.4
94081 200908  1.302 -103.3017   45.5160    27.3     9.5    18.4    18.9    28.2    21.2 R    39.0     9.4    20.9
94081 200909  1.302 -103.3017   45.5160    26.2     6.4    16.3    16.7    10.6    17.3 R    39.1     6.2    18.9
94081 200910  1.302 -103.3017   45.5160     7.7    -1.8     3.0     2.9    47.4     7.0 R    15.1    -1.8     3.7
94081 200911  1.302 -103.3017   45.5160    11.5    -6.8     2.3     1.9     1.3     8.1 R    15.5    -7.5     0.7
94081 200912  1.302 -103.3017   45.5160    -6.8   -18.6   -12.7   -11.9    22.4     5.1 R    -5.3   -20.3   -12.6
94081 201001  1.302 -103.3017   45.5160    -4.9   -14.8    -9.8    -9.3     3.9     6.9 R    -3.0   -16.9   -10.5
94081 201002  1.302 -103.3017   45.5160    -5.3   -18.3   -11.8   -10.8    12.5    10.9 R    -3.0   -20.3   -11.2
94081 201003  1.302 -103.3017   45.5160     6.3    -5.2     0.5     0.7    16.8    13.5 R     9.8    -6.6     0.6
94081 201004  1.302 -103.3017   45.5160    14.8    -1.3     6.8     7.3    42.3    16.9 R    26.8    -1.9     9.0
94081 201005  1.302 -103.3017   45.5160    16.4     4.0    10.2    10.5    90.0    19.8 R    26.7     3.9    12.6
94081 201006  2.402 -103.3017   45.5160    23.0     9.8    16.4    17.0    94.9    23.1 R    36.8    10.0    20.4
94081 201007  2.402 -103.3017   45.5160    28.4    11.8    20.1    20.5    46.7    23.4 R    44.4    11.7    24.5
94081 201008  2.402 -103.3017   45.5160    29.7    11.3    20.5    20.8    96.5    21.6 R    42.9    11.2    23.7
94081 201009  2.402 -103.3017   45.5160    21.6     5.0    13.3    13.4    60.4    15.6 R    27.5     4.9    14.3
94081 201010  2.402 -103.3017   45.5160    17.9     0.3     9.1     9.2    12.2    11.4 R    22.3    -0.2     9.3
94081 201011  2.402 -103.3017   45.5160     3.8   -10.1    -3.1    -2.8    25.1     6.5 R     5.7   -11.2    -3.4
94081 201012  2.402 -103.3017   45.5160    -3.9   -15.9    -9.9    -9.3    11.1     5.0 R    -4.2   -17.5   -10.6
94081 201101  2.402 -103.3017   45.5160    -4.6   -16.5   -10.6   -10.0    23.3     6.4 R    -4.7   -18.0   -10.9
94081 201102  2.402 -103.3017   45.5160    -4.5   -16.2   -10.3    -9.6    33.2    11.0 R    -4.6   -18.0   -10.7
94081 201103  2.402 -103.3017   45.5160     1.4    -9.4    -4.0    -3.7    19.9    13.1 R     1.3   -10.3    -4.3
94081 201104  2.402 -103.3017   45.5160    11.5    -1.9     4.8     5.0    66.9    15.5 R    21.8    -2.6     6.7
94081 201105  2.402 -103.3017   45.5160    15.4     4.5     9.9    10.2   133.4    15.8 R    24.4     4.2    11.9
94081 201106  2.402 -103.3017   45.5160    22.9     9.0    15.9    16.5    86.3    23.3 R    33.0     9.2    19.1
94081 201107  2.402 -103.3017   45.5160    29.2    14.8    22.0    22.2    66.2    23.2 R    42.6    15.3    25.6
94081 201108  2.402 -103.3017   45.5160    29.4    11.2    20.3    20.6    49.4    21.6 R    42.2    11.6    23.4
94081 201109  2.402 -103.3017   45.5160    24.2     3.9    14.0    14.3     4.0    17.5 R    37.1     4.0    16.9
94081 201110  2.402 -103.3017   45.5160    17.4     0.8     9.1     9.0    61.4    10.9 R    22.8     0.6     9.2
94081 201111  2.402 -103.3017   45.5160     8.0    -9.9    -1.0    -0.8     5.5     7.4 R     9.8   -10.3    -1.4
94081 201112  2.402 -103.3017   45.5160     3.3   -11.0    -3.9    -3.2    10.4     5.1 R     3.3   -11.5    -4.3
94081 201201  2.402 -103.3017   45.5160     3.5   -12.6    -4.6    -4.1    12.6     6.4 R     3.8   -12.7    -5.0
94081 201202  2.402 -103.3017   45.5160     2.0   -12.7    -5.3    -5.3    17.4     9.5 R     5.9   -12.4    -4.4
94081 201203  2.402 -103.3017   45.5160    16.2    -2.9     6.7     7.5     5.1    16.5 R    23.4    -3.4     7.8
94081 201204  2.402 -103.3017   45.5160    17.0    -0.4     8.3     8.9    47.5    18.4 R    27.6    -1.0    10.7
94081 201205  2.412 -103.3017   45.5160    20.1     3.6    11.9    12.5    44.0    22.3 R    30.9     3.8    14.7
94081 201206  2.412 -103.3017   45.5160    29.1    10.8    20.0    20.6    18.5    25.7 C    41.7    11.2    24.0
94081 201207  2.412 -103.3017   45.5160    32.6    16.3    24.4    24.8   133.6    24.7 C    42.9    16.7    27.5
94081 201208  2.412 -103.3017   45.5160    29.8    10.0    19.9    20.6    28.0    21.0 C    40.1    10.3    23.2
94081 201209  2.412 -103.3017   45.5160    26.2     3.5    14.9    15.6     1.8    17.7 C    36.6     4.4    18.1
94081 201210  2.412 -103.3017   45.5160    13.1    -1.6     5.8     5.9    13.8     9.3 C    18.2    -1.2     7.0
94081 201211  2.412 -103.3017   45.5160     8.9    -7.3     0.8     0.5     1.5     6.5 C    11.9    -7.1     0.6
94081 201212  2.412 -103.3017   45.5160     0.1   -14.3    -7.1    -6.5    12.2     5.2 C     0.5   -16.7    -8.0
94081 201301  2.412 -103.3017   45.5160    -0.4   -13.2    -6.8    -6.4     3.4     6.0 C    -1.2   -14.1    -7.3
94081 201302  2.412 -103.3017   45.5160     4.4   -10.4    -3.0    -2.6     1.8     9.0 C     6.3    -8.9    -1.8
94081 201303  2.412 -103.3017   45.5160     6.6   -10.0    -1.7    -1.6     6.8    14.5 C    11.5    -8.8    -0.1
94081 201304  2.412 -103.3017   45.5160     9.3    -5.2     2.0     2.4    41.8    17.0 C    16.8    -4.6     4.5
94081 201305  2.412 -103.3017   45.5160    19.6     3.7    11.6    12.4   129.2    20.3 C    27.8     3.6    14.4
94081 201306  2.412 -103.3017   45.5160    23.5     9.1    16.3    17.2    63.1    25.3 C    31.7     9.2    19.3
94081 201307  2.422 -103.3017   45.5160    29.9    12.4    21.1    21.7    21.2    25.3 C    42.9    12.1    25.0
94081 201308  2.422 -103.3017   45.5160    29.3    13.3    21.3    21.3    57.1    20.3 C    39.5    12.8    23.2
94081 201309  2.422 -103.3017   45.5160    25.2     9.1    17.1    17.2    55.2    15.7 C    32.3     8.2    18.1
94081 201310  2.422 -103.3017   45.5160    10.2    -1.9     4.1     4.2   133.2     9.0 C    11.3    -4.2     2.7
94081 201311  2.422 -103.3017   45.5160     6.4    -8.2    -0.9    -1.3     4.9     6.8 C     9.6   -10.9    -2.5
94081 201312  2.422 -103.3017   45.5160    -4.2   -17.6   -10.9   -10.4    30.5     5.4 C    -5.4   -20.8   -12.6
94081 201401  2.422 -103.3017   45.5160    -0.3   -12.4    -6.3    -6.1     7.8     6.4 C    -2.0   -15.1    -7.9
94081 201402  2.422 -103.3017   45.5160    -4.6   -16.7   -10.7   -10.2    12.2    10.2 C    -2.0   -19.6   -11.1
94081 201403  2.422 -103.3017   45.5160     4.1    -9.2    -2.6    -2.6    43.4    13.1 C     8.5   -11.5    -2.8
94081 201404  2.422 -103.3017   45.5160    12.0    -3.5     4.2     4.8    49.6    18.2 C    18.6    -6.0     4.8
94081 201405  2.422 -103.3017   45.5160    18.4     4.6    11.5    12.0    59.1    20.4 C    29.6     2.5    13.8
94081 201406  2.422 -103.3017   45.5160    21.5     8.9    15.2    15.6   225.1    21.3 C    31.3     8.1    17.3
94081 201407  2.422 -103.3017   45.5160    27.4    10.8    19.1    19.8    38.8    26.3 C    37.9     9.7    21.8
94081 201408  2.422 -103.3017   45.5160    26.4    12.4    19.4    19.4   124.9    17.9 C    38.5    11.2    21.3
94081 201409  2.422 -103.3017   45.5160    22.0     4.9    13.4    13.8    48.9    15.7 C    29.3     3.5    14.4
94081 201410  2.422 -103.3017   45.5160    16.8    -0.4     8.2     8.5     5.2    10.8 C    21.3    -2.4     7.6
94081 201411  2.422 -103.3017   45.5160     2.7   -11.5    -4.4    -3.7    16.3     6.1 C     3.9   -14.7    -5.4
94081 201412  2.422 -103.3017   45.5160 -9999.0 -9999.0 -9999.0 -9999.0    10.4     4.4 C     2.6   -14.0    -6.0
94081 201501  2.422 -103.3017   45.5160 -9999.0 -9999.0 -9999.0 -9999.0 -9999.0 -9999.0 U -9999.0 -9999.0 -9999.0
94081 201502  2.422 -103.3017   45.5160     2.6   -13.4    -5.4    -5.4     4.8     9.3 C     6.0   -15.3    -5.8
94081 201503  2.422 -103.3017   45.5160    13.2    -6.0     3.6     3.6    13.1    14.5 C    21.3    -9.4     3.2
94081 201504  2.422 -103.3017   45.5160    14.6    -3.1     5.8     6.9    22.8    18.0 C    26.3    -5.9     8.2
94081 201505  2.422 -103.3017   45.5160    16.5     3.2     9.9    10.4    82.3    18.2 C    27.6     1.9    12.5
94081 201506  2.422 -103.3017   45.5160    25.1    11.1    18.1    18.6    86.1    23.4 C    40.1    10.7    21.8
94081 201507  2.422 -103.3017   45.5160    30.2    11.8    21.0    21.5    28.0    25.3 C    45.2    11.0    24.6
94081 201508  2.422 -103.3017   45.5160    29.3    11.0    20.1    20.3    90.4    20.7 C    41.5     9.9    22.3
94081 201509  2.422 -103.3017   45.5160    26.4     8.4    17.4    17.3    26.2    18.1 C    36.4     7.0    18.6
94081 201510  2.422 -103.3017   45.5160    16.6     0.7     8.6     8.9    50.2    10.5 C    21.4    -0.4     8.5
94081 201511  2.422 -103.3017   45.5160     7.3    -8.1    -0.4    -0.4    10.3     6.5 C    10.2    -9.7    -1.4
94081 201512  2.422 -103.3017   45.5160     0.9   -11.4    -5.2    -4.8    23.8     5.3 C    -0.8   -15.0    -7.4
94081 201601  2.422 -103.3017   45.5160     0.4   -12.4    -6.0    -5.4    12.8     6.4 C    -3.1   -16.9    -9.3
94081 201602  2.422 -103.3017   45.5160     7.0    -6.9     0.0    -0.2    18.6     8.4 C     8.5    -8.4    -1.2
94081 201603  2.422 -103.3017   45.5160    12.0    -5.1     3.5     3.6    10.2    14.3 C    20.6    -7.4     3.7
94081 201604  2.422 -103.3017   45.5160    14.1    -1.0     6.6     7.0    83.7    16.7 C    22.7    -1.9     8.3
94081 201605  2.422 -103.3017   45.5160    20.0     2.0    11.0    12.0    26.9    23.4 C    33.7     0.7    14.4
94081 201606  2.422 -103.3017   45.5160    29.3    11.1    20.2    20.9    41.3    27.9 C    46.4     9.6    24.6
94081 201607  2.422 -103.3017   45.5160    31.4    12.8    22.1    22.4    43.6    23.9 C    50.3    12.0    26.7
94081 201608  2.422 -103.3017   45.5160    29.2    10.5    19.9    20.3    28.4    20.8 C    44.9     9.7    23.1
94081 201609  2.422 -103.3017   45.5160    23.5     7.4    15.4    15.5    18.7    14.3 C    34.4     6.5    16.9
94081 201610  2.422 -103.3017   45.5160    17.2     0.8     9.0     9.0    35.2    10.3 C    24.3    -0.4     9.0
94081 201611  2.422 -103.3017   45.5160    11.9    -5.3     3.3     2.9     7.0     7.0 C    14.1    -6.5     1.3
94081 201612  2.422 -103.3017   45.5160    -5.2   -15.9   -10.5   -10.0    24.2     5.6 C    -7.6   -21.6   -13.9
94081 201701  2.422 -103.3017   45.5160    -5.9   -18.2   -12.1   -11.4    20.6     7.1 C    -8.1   -21.2   -14.4
94081 201702  2.422 -103.3017   45.5160     3.4    -9.0    -2.8    -2.9    18.9     9.7 C     1.8   -11.6    -5.0
94081 201703  2.422 -103.3017   45.5160     9.0    -4.6     2.2     2.1    27.3    12.7 C    15.9    -5.3     2.9
94081 201704  2.422 -103.3017   45.5160    13.6    -0.7     6.4     6.8    65.3    17.5 C    24.6    -1.5     8.7
94081 201705  2.422 -103.3017   45.5160    20.0     3.8    11.9    12.6    36.0    22.6 C    32.7     2.7    14.8
94081 201706  2.422 -103.3017   45.5160    27.2     9.4    18.3    18.9    57.1    24.9 C    43.8     8.5    22.3
94081 201707  2.422 -103.3017   45.5160    34.0    14.1    24.1    24.6    33.6    24.5 C    54.5    12.9    29.1
