94080 200409  1.201 -103.3769   46.8946 -9999.0 -9999.0 -9999.0 -9999.0 -9999.0 -9999.0 U -9999.0 -9999.0 -9999.0
94080 200410  1.201 -103.3769   46.8946    12.7     1.2     6.9     7.0    70.0     9.7 R -9999.0 -9999.0     7.4
94080 200411  1.201 -103.3769   46.8946     7.2    -4.0     1.6     1.5     6.8     7.4 R -9999.0 -9999.0     0.2
94080 200412  1.201 -103.3769   46.8946     0.9    -9.1    -4.1    -3.9     9.8     4.1 R -9999.0 -9999.0    -4.7
94080 200501  1.201 -103.3769   46.8946    -4.9   -15.7   -10.3   -10.1     5.7     5.9 R -9999.0 -9999.0   -11.4
94080 200502  1.201 -103.3769   46.8946     2.8    -8.7    -2.9    -3.0     2.4     9.9 R -9999.0 -9999.0    -3.3
94080 200503  1.201 -103.3769   46.8946     5.7    -4.4     0.7     0.7    33.9    12.6 R -9999.0 -9999.0     0.7
94080 200504  1.201 -103.3769   46.8946    14.3     1.5     7.9     8.0    17.3    18.5 R -9999.0 -9999.0    10.1
94080 200505  1.201 -103.3769   46.8946    15.0     5.1    10.1    10.1   139.8    17.6 R -9999.0 -9999.0    11.5
94080 200506  1.201 -103.3769   46.8946    22.1    12.3    17.2    17.2   123.1    20.6 R -9999.0 -9999.0    18.5
94080 200507  1.201 -103.3769   46.8946    28.4    14.8    21.6    21.6    24.2    25.7 R -9999.0 -9999.0    23.6
94080 200508  1.201 -103.3769   46.8946    26.4    11.9    19.2    19.3    60.7    21.4 R -9999.0 -9999.0    20.3
94080 200509  1.201 -103.3769   46.8946    23.5     8.5    16.0    15.9     9.9    16.1 R -9999.0 -9999.0    16.6
94080 200510  1.201 -103.3769   46.8946    12.6     1.7     7.1     7.1    65.3    10.2 R -9999.0 -9999.0     6.2
94080 200511  1.301 -103.3769   46.8946     5.0    -3.6     0.7     0.8    27.3     5.1 R -9999.0 -9999.0     0.2
94080 200512  1.301 -103.3769   46.8946    -3.2   -10.7    -6.9    -6.6    16.0     4.4 R    -3.2   -12.5    -7.7
94080 200601  1.301 -103.3769   46.8946     3.5    -4.8    -0.7    -0.6    13.3     5.1 R     2.5    -6.1    -1.9
94080 200602  1.301 -103.3769   46.8946    -0.5   -11.1    -5.8    -5.9     4.8     8.5 R     2.3   -11.1    -5.4
94080 200603  1.301 -103.3769   46.8946     3.2    -6.3    -1.6    -1.9    15.0    13.2 R     6.5    -6.8    -1.5
94080 200604  1.301 -103.3769   46.8946    15.5     2.2     8.8     8.8    75.3    17.9 R    21.5     0.2     8.5
94080 200605  1.301 -103.3769   46.8946    19.4     6.5    12.9    13.3    16.9    22.8 R    28.8     5.3    14.4
94080 200606  1.301 -103.3769   46.8946    25.4    11.7    18.6    18.9    37.9    25.2 R    36.5    10.7    20.4
94080 200607  1.301 -103.3769   46.8946    32.1    16.3    24.2    24.5    20.2    26.4 R    45.6    14.9    26.7
94080 200608  1.301 -103.3769   46.8946    29.1    13.7    21.4    21.7    24.3    21.2 R    44.0    11.7    23.9
94080 200609  1.301 -103.3769   46.8946    20.0     7.1    13.5    13.4    57.3    15.2 R    30.6     5.9    15.0
94080 200610  1.301 -103.3769   46.8946    10.0    -1.3     4.4     4.1    47.9    10.8 R    14.6    -3.1     3.9
94080 200611  1.301 -103.3769   46.8946     5.5    -6.3    -0.4    -0.6     6.4     5.9 R     7.4    -7.9    -1.4
94080 200612  1.301 -103.3769   46.8946     1.6   -10.0    -4.2    -3.7     7.4     4.4 R     1.7   -12.4    -5.2
94080 200701  1.301 -103.3769   46.8946     0.0   -12.2    -6.1    -6.0     3.4     6.2 R     1.3   -13.6    -6.8
94080 200702  1.301 -103.3769   46.8946    -4.5   -14.2    -9.3    -9.3    19.6     8.1 R    -2.9   -16.2    -9.7
94080 200703  1.301 -103.3769   46.8946     9.6    -3.0     3.3     3.1    41.0    12.5 R    14.7    -4.6     2.8
94080 200704  1.301 -103.3769   46.8946    10.1    -1.0     4.5     4.8    45.4    19.4 R    20.1    -3.4     5.7
94080 200705  1.301 -103.3769   46.8946    17.8     6.6    12.2    12.4   136.5    19.1 R    26.2     6.1    13.8
94080 200706  1.301 -103.3769   46.8946    24.1    11.6    17.8    18.2    31.8    24.2 R    33.0    10.5    19.3
94080 200707  1.302 -103.3769   46.8946    30.9    16.5    23.7    23.9    75.7    25.3 R    37.9    15.2    24.6
94080 200708  1.302 -103.3769   46.8946    27.3    13.4    20.3    20.2    24.4    20.2 R    34.9    11.9    20.8
94080 200709  1.302 -103.3769   46.8946    22.0     7.7    14.9    14.8    20.3    16.5 R    29.2     6.4    15.2
94080 200710  1.302 -103.3769   46.8946    14.1     2.5     8.3     8.1    10.2     9.4 R    20.1     1.3     7.8
94080 200711  1.302 -103.3769   46.8946     5.6    -6.2    -0.3    -0.1     1.5     6.4 R    12.5    -7.4    -0.7
94080 200712  1.302 -103.3769   46.8946    -0.6   -12.6    -6.6    -6.7     4.9     4.9 R     5.5   -14.3    -7.9
94080 200801  1.302 -103.3769   46.8946    -2.2   -15.0    -8.6    -8.6     6.0     6.3 R     4.9   -16.6    -9.5
94080 200802  1.302 -103.3769   46.8946    -1.7   -14.1    -7.9    -7.6     8.9     8.3 R     6.5   -15.1    -7.7
94080 200803  1.302 -103.3769   46.8946     5.9    -7.1    -0.6    -0.5    10.8    13.5 R    15.9    -8.3    -0.2
94080 200804  1.302 -103.3769   46.8946    11.8    -2.2     4.8     4.9    11.2    19.0 R    23.4    -3.5     6.2
94080 200805  1.302 -103.3769   46.8946    17.1     5.2    11.2    11.5    59.0    19.7 R    26.9     3.9    12.4
94080 200806  1.302 -103.3769   46.8946    22.4    10.0    16.2    16.1    42.5    22.8 R    33.6     8.9    17.7
94080 200807  1.302 -103.3769   46.8946    30.0    14.4    22.2    22.4    32.8    25.9 R    43.3    13.2    24.7
94080 200808  1.302 -103.3769   46.8946    28.9    13.5    21.2    21.4    40.6    21.9 R    39.3    12.4    22.9
94080 200809  1.302 -103.3769   46.8946    21.2     6.7    13.9    13.9    17.1    15.0 R    29.6     5.7    14.3
94080 200810  1.302 -103.3769   46.8946    13.4     1.3     7.4     7.3    43.1    10.8 R    19.9    -0.1     7.0
94080 200811  1.302 -103.3769   46.8946     4.9    -4.2     0.3     0.2    24.4     5.5 R     6.9    -5.6    -0.5
94080 200812  1.302 -103.3769   46.8946    -7.0   -17.5   -12.2   -12.2    23.6     4.4 R    -6.8   -19.1   -12.9
94080 200901  1.302 -103.3769   46.8946    -3.9   -14.6    -9.3    -9.3    10.3     6.5 R    -4.8   -17.1   -11.1
94080 200902  1.302 -103.3769   46.8946    -3.7   -12.2    -7.9    -8.1    21.4     9.4 R    -3.7   -14.2    -9.2
94080 200903  1.302 -103.3769   46.8946     2.3    -9.2    -3.5    -3.5    46.1    14.4 R     4.6   -10.3    -3.8
94080 200904  1.302 -103.3769   46.8946     9.3    -1.0     4.2     4.3    24.1    16.4 R    20.0    -2.4     5.5
94080 200905  1.302 -103.3769   46.8946    18.3     4.7    11.5    11.7    52.7    23.1 R    32.1     3.2    13.9
94080 200906  1.302 -103.3769   46.8946    20.9     9.0    15.0    15.2    89.9    23.6 R    31.1     8.1    16.8
94080 200907  1.302 -103.3769   46.8946    24.5    12.5    18.5    18.5    88.2    23.9 R    33.7    11.4    19.7
94080 200908  1.302 -103.3769   46.8946    25.6    11.8    18.7    18.5    18.8    19.7 R    36.0    10.5    19.9
94080 200909  1.302 -103.3769   46.8946    25.1    10.3    17.7    17.5    27.6    16.3 R    38.3     8.7    18.9
94080 200910  1.302 -103.3769   46.8946     6.1    -1.2     2.5     2.4    47.0     5.7 R    12.8    -1.6     3.2
94080 200911  1.302 -103.3769   46.8946    10.3    -2.8     3.7     3.3     0.2     7.5 R    15.1    -5.2     2.2
94080 200912  1.302 -103.3769   46.8946    -9.0   -17.1   -13.0   -12.9    36.6     4.6 R    -8.5   -19.3   -13.7
94080 201001  1.302 -103.3769   46.8946 -9999.0 -9999.0 -9999.0 -9999.0    24.6     6.0 R    -4.9   -14.3   -10.2
94080 201002  1.302 -103.3769   46.8946    -6.7   -14.9   -10.8   -10.4    14.9     9.9 R    -5.2   -17.1   -11.1
94080 201003  1.302 -103.3769   46.8946     4.3    -4.5    -0.1     0.0    22.2    12.9 R     7.3    -5.8    -0.6
94080 201004  1.302 -103.3769   46.8946    13.5     1.1     7.3     7.3    36.4    16.7 R    27.0    -0.9     8.9
94080 201005  2.403 -103.3769   46.8946    15.1     4.1     9.6     9.5    97.4    19.0 R    27.7     3.3    11.9
94080 201006  2.403 -103.3769   46.8946    21.9    11.1    16.5    16.6   156.8    23.9 R    33.7    10.6    18.7
94080 201007  2.403 -103.3769   46.8946    25.9    13.6    19.7    20.0    38.7    25.6 R    39.6    13.0    22.4
94080 201008  2.403 -103.3769   46.8946    27.7    13.8    20.7    20.8    22.7    22.8 R    42.9    12.6    23.1
94080 201009  2.403 -103.3769   46.8946    19.1     7.0    13.1    12.7   109.4    14.2 R    25.9     5.7    12.9
94080 201010  2.403 -103.3769   46.8946    16.1     2.9     9.5     9.3    12.2    12.1 R    20.8     1.2     8.7
94080 201011  2.403 -103.3769   46.8946     2.4    -7.2    -2.4    -2.6    24.0     6.4 R     4.0    -8.7    -3.3
94080 201012  2.403 -103.3769   46.8946    -5.8   -13.5    -9.6    -9.7    17.2     4.8 R    -5.7   -15.4   -10.6
94080 201101  2.403 -103.3769   46.8946    -6.0   -14.9   -10.5   -10.5    50.3     5.6 R    -5.9   -16.8   -11.2
94080 201102  2.403 -103.3769   46.8946    -5.7   -15.7   -10.7   -10.3    25.5    11.4 R    -6.4   -18.2   -11.7
94080 201103  2.403 -103.3769   46.8946    -0.8    -9.1    -4.9    -5.2    34.2    14.2 R     0.2    -9.9    -5.6
94080 201104  2.403 -103.3769   46.8946     8.8    -1.1     3.9     3.7    97.5    16.6 R    17.9    -2.6     4.4
94080 201105  2.403 -103.3769   46.8946    14.1     5.2     9.6     9.6   150.2    15.5 R    22.0     3.6     9.7
94080 201106  2.403 -103.3769   46.8946    21.8    10.3    16.0    16.2    39.5    22.1 R    28.0     8.9    16.0
94080 201107  2.403 -103.3769   46.8946    27.5    15.3    21.4    21.5    75.4    23.7 R    34.8    13.7    21.6
94080 201108  2.403 -103.3769   46.8946    27.6    13.7    20.7    20.4    62.5    20.4 R    34.4    12.1    20.1
94080 201109  2.403 -103.3769   46.8946    22.8     7.9    15.4    15.2    15.9    16.5 R    32.6     5.9    15.6
94080 201110  2.403 -103.3769   46.8946    15.9     3.5     9.7     9.3    11.8    10.1 R    22.4     1.6     8.9
94080 201111  2.403 -103.3769   46.8946     6.7    -6.5     0.1     0.0     7.4     6.4 R     9.0    -8.3    -0.9
94080 201112  2.403 -103.3769   46.8946     1.2    -8.6    -3.7    -3.3    10.9     4.4 R     0.1   -11.2    -5.0
94080 201201  2.403 -103.3769   46.8946     1.7   -10.4    -4.3    -4.2     9.9     5.5 R     2.0   -12.6    -5.7
94080 201202  2.403 -103.3769   46.8946     0.2   -10.6    -5.2    -5.2    13.7     8.9 R     5.2   -12.8    -5.5
94080 201203  2.403 -103.3769   46.8946    14.6    -0.7     6.9     7.1     3.6    14.7 R    22.3    -3.2     6.6
94080 201204  2.403 -103.3769   46.8946    15.1     1.2     8.2     8.3    48.8    17.5 R    27.8    -0.2     9.6
94080 201205  2.403 -103.3769   46.8946    18.7     5.5    12.1    12.3    47.6    20.1 R    32.7     4.1    14.1
94080 201206  2.413 -103.3769   46.8946    25.7    11.7    18.7    18.9    27.5    24.3 R    40.6    10.3    21.3
94080 201207  2.413 -103.3769   46.8946    31.5    17.2    24.4    24.4    45.8    23.0 C    45.8    16.3    27.6
94080 201208  2.413 -103.3769   46.8946    28.2    13.3    20.8    20.8    24.5    18.4 C    41.2    11.9    23.1
94080 201209  2.413 -103.3769   46.8946    24.2     8.2    16.2    16.5     2.5    16.6 C    36.4     6.6    18.4
94080 201210  2.413 -103.3769   46.8946    10.3     0.1     5.2     5.0    61.7     7.9 C    15.3    -0.2     5.8
94080 201211  2.413 -103.3769   46.8946     5.3    -5.4    -0.1    -0.6    13.9     4.9 C     6.2    -5.7    -0.7
94080 201212  2.413 -103.3769   46.8946    -3.1   -11.7    -7.4    -7.0    19.6     3.8 C    -2.6   -14.3    -8.1
94080 201301  2.413 -103.3769   46.8946    -3.0   -12.3    -7.7    -7.6    11.4     5.4 C    -3.6   -13.6    -8.4
94080 201302  2.413 -103.3769   46.8946     1.1    -7.9    -3.4    -3.3     5.1     8.4 C     1.8    -7.6    -3.0
94080 201303  2.413 -103.3769   46.8946     1.7    -9.1    -3.7    -3.6    20.9    12.6 C     5.1    -8.8    -2.6
94080 201304  2.413 -103.3769   46.8946     6.8    -4.2     1.3     1.4    62.6    17.9 C    15.2    -5.2     3.0
94080 201305  2.413 -103.3769   46.8946    18.1     6.3    12.2    12.4   161.9    20.0 C    28.5     5.5    14.8
94080 201306  2.413 -103.3769   46.8946    21.9    10.6    16.2    16.7    54.5    23.6 C    29.7    10.5    18.7
94080 201307  2.423 -103.3769   46.8946    26.7    13.4    20.0    19.9    33.7    24.6 C    36.2    12.7    22.1
94080 201308  2.423 -103.3769   46.8946    28.3    14.6    21.5    21.2    25.8    20.8 C    37.2    13.4    22.6
94080 201309  2.423 -103.3769   46.8946    24.1    10.1    17.1    16.8    43.8    15.4 C    29.5     9.4    17.3
94080 201310  2.423 -103.3769   46.8946    10.7     0.4     5.6     5.4   100.1     9.0 C    13.5    -0.8     5.2
94080 201311  2.423 -103.3769   46.8946     3.8    -7.4    -1.8    -1.8     6.8     6.2 C     4.9    -8.2    -2.3
94080 201312  2.423 -103.3769   46.8946    -6.7   -17.4   -12.1   -11.8    35.7     4.5 C    -7.6   -20.0   -13.1
94080 201401  2.423 -103.3769   46.8946    -1.9   -13.3    -7.6    -7.8     8.8     6.1 C    -3.5   -14.5    -8.8
94080 201402  2.423 -103.3769   46.8946    -5.7   -17.0   -11.4   -11.4     9.8     9.4 C    -4.0   -18.5   -11.7
94080 201403  2.423 -103.3769   46.8946     3.0    -8.8    -2.9    -2.9    41.5    12.2 C     5.2    -9.5    -2.8
94080 201404  2.423 -103.3769   46.8946    10.2    -1.8     4.2     4.3    46.2    18.4 C    13.7    -3.4     3.9
94080 201405  2.423 -103.3769   46.8946    17.7     6.3    12.0    12.0    93.2    21.0 C    24.1     4.4    12.6
94080 201406  2.423 -103.3769   46.8946    20.7     9.9    15.3    15.5    64.4    20.4 C    26.0     8.6    15.9
94080 201407  2.423 -103.3769   46.8946    26.6    13.1    19.8    20.0    22.3    25.6 C    32.9    11.5    20.6
94080 201408  2.423 -103.3769   46.8946    24.4    13.5    18.9    18.6   176.7    16.2 C    30.7    12.6    19.4
94080 201409  2.423 -103.3769   46.8946    20.2     7.1    13.6    13.9    47.2    14.7 C    25.5     5.5    13.5
94080 201410  2.423 -103.3769   46.8946    15.2     2.2     8.7     8.6     5.1     9.3 C    17.5     0.7     7.6
94080 201411  2.423 -103.3769   46.8946     0.0   -10.7    -5.3    -5.3    25.8     5.4 C     0.2   -13.1    -6.3
94080 201412  2.423 -103.3769   46.8946     0.2    -8.6    -4.2    -4.4    13.5     3.7 C     0.0   -10.3    -5.5
94080 201501  2.423 -103.3769   46.8946    -1.2   -10.6    -5.9    -5.9    15.7     5.4 C    -2.3   -13.7    -7.9
94080 201502  2.423 -103.3769   46.8946    -1.5   -13.9    -7.7    -7.3     6.1     7.9 C     0.4   -15.6    -7.6
94080 201503  2.423 -103.3769   46.8946    10.7    -3.4     3.6     3.3    19.7    13.4 C    16.6    -5.8     2.8
94080 201504  2.423 -103.3769   46.8946    13.4     0.0     6.7     6.9    18.2    17.6 C    23.7    -2.5     7.9
94080 201505  2.423 -103.3769   46.8946    16.9     4.4    10.7    10.7    39.3    20.1 C    27.1     3.0    12.5
94080 201506  2.423 -103.3769   46.8946    24.2    12.4    18.3    18.3    60.9    23.3 C    39.1    10.6    21.1
94080 201507  2.423 -103.3769   46.8946    28.8    14.3    21.5    21.5    20.9    24.6 C    46.2    12.5    24.8
94080 201508  2.423 -103.3769   46.8946    29.1    13.3    21.2    21.1    40.7    21.5 C    44.6    10.5    23.3
94080 201509  2.423 -103.3769   46.8946    24.6     9.8    17.2    16.9    47.3    17.6 C    34.8     8.0    17.8
94080 201510  2.423 -103.3769   46.8946    15.0     3.4     9.2     9.1    29.7    10.0 C    20.3     1.5     8.8
94080 201511  2.423 -103.3769   46.8946     5.8    -5.4     0.2     0.0     3.9     6.0 C     8.2    -7.6    -1.1
94080 201512  2.423 -103.3769   46.8946     0.2    -8.5    -4.1    -4.2    13.8     4.5 C     0.3   -11.1    -5.5
94080 201601  2.423 -103.3769   46.8946    -1.8   -10.6    -6.2    -6.0     6.7     5.4 C    -4.4   -14.0    -8.6
94080 201602  2.423 -103.3769   46.8946     5.0    -5.3    -0.2    -0.6    14.8     8.0 C     7.2    -6.8    -1.1
94080 201603  2.423 -103.3769   46.8946    10.5    -2.8     3.8     3.5     8.7    13.5 C    20.8    -5.1     4.2
94080 201604  2.423 -103.3769   46.8946    12.6     0.3     6.4     6.5    74.5    16.0 C    21.2    -1.6     7.5
94080 201605  2.423 -103.3769   46.8946    19.3     5.7    12.5    13.1    41.8    22.8 C    31.4     3.2    14.6
94080 201606  2.423 -103.3769   46.8946    26.4    12.4    19.4    19.6    26.9    27.8 C    41.6    10.5    22.7
94080 201607  2.423 -103.3769   46.8946    28.7    14.5    21.6    21.5    95.3    23.8 C    44.9    12.6    24.4
94080 201608  2.423 -103.3769   46.8946    28.2    13.1    20.7    20.7    25.8    21.0 C    42.6    10.7    22.6
94080 201609  2.423 -103.3769   46.8946    20.9     9.2    15.0    14.6   113.4    12.7 C    27.3     7.7    14.8
94080 201610  2.423 -103.3769   46.8946    13.7     2.9     8.3     7.9    18.1     8.8 C    17.0     1.8     7.6
94080 201611  2.423 -103.3769   46.8946    10.5    -1.0     4.8     4.5    13.4     6.2 C    12.5    -3.3     3.1
94080 201612  2.423 -103.3769   46.8946    -7.2   -15.0   -11.1   -10.9    31.1     4.5 C    -8.6   -18.9   -13.4
94080 201701  2.423 -103.3769   46.8946    -6.6   -13.6   -10.1    -9.8    14.8     5.9 C    -8.6   -17.1   -12.5
94080 201702  2.423 -103.3769   46.8946     0.2    -8.6    -4.2    -4.1    11.8     8.3 C    -0.9   -11.9    -6.3
94080 201703  2.423 -103.3769   46.8946     6.8    -4.4     1.2     0.9    12.4    11.9 C    13.5    -6.5     1.0
94080 201704  2.423 -103.3769   46.8946    12.4     0.0     6.2     6.3    15.2    16.9 C    24.3    -2.0     7.8
94080 201705  2.423 -103.3769   46.8946    19.7     6.0    12.9    13.1    38.8    23.1 C    33.3     3.5    15.1
94080 201706  2.423 -103.3769   46.8946    26.2    11.3    18.7    18.9     8.5    25.2 C    43.1     8.8    22.1
94080 201707  2.423 -103.3769   46.8946    32.7    16.5    24.6    24.5    24.8    25.0 C    50.1    14.4    28.0
