04223 200304  1.001 -121.4460   48.5405    13.6     4.5     9.0     8.5 -9999.0    13.0 R -9999.0 -9999.0    11.5
04223 200305  1.001 -121.4460   48.5405    17.8     5.8    11.8    11.3    72.3    17.5 R -9999.0 -9999.0    14.0
04223 200306  1.001 -121.4460   48.5405    23.4     9.3    16.4    16.1    49.3    20.6 R -9999.0 -9999.0    17.2
04223 200307  1.001 -121.4460   48.5405    28.2    10.2    19.2    19.0     2.4    24.3 R -9999.0 -9999.0    23.8
04223 200308  1.001 -121.4460   48.5405    27.4     9.8    18.6    18.2     7.8    19.9 R -9999.0 -9999.0    23.1
04223 200309  1.001 -121.4460   48.5405    23.2     8.6    15.9    15.0    45.0    13.2 R -9999.0 -9999.0    16.9
04223 200310  1.001 -121.4460   48.5405    14.4     6.6    10.5    10.0   511.9     5.5 R -9999.0 -9999.0    10.4
04223 200311  1.001 -121.4460   48.5405     7.0    -0.4     3.3     2.7   437.9     3.2 R -9999.0 -9999.0     1.5
04223 200312  1.001 -121.4460   48.5405     5.4     0.0     2.7     2.7   177.2     1.8 R -9999.0 -9999.0     1.6
04223 200401  1.001 -121.4460   48.5405     4.3    -0.7     1.8     1.4   315.7     2.3 R -9999.0 -9999.0     0.0
04223 200402  1.001 -121.4460   48.5405     9.4     0.8     5.1     4.5    53.2     5.2 R -9999.0 -9999.0     3.6
04223 200403  1.001 -121.4460   48.5405    11.8     1.8     6.8     6.2   215.5     8.8 R -9999.0 -9999.0     6.6
04223 200404  1.001 -121.4460   48.5405 -9999.0 -9999.0 -9999.0 -9999.0    33.1    18.3 R -9999.0 -9999.0    11.2
04223 200405  1.201 -121.4460   48.5405    18.0     7.5    12.7    12.2   118.9    15.3 R -9999.0 -9999.0    13.3
04223 200406  1.201 -121.4460   48.5405    23.4     9.5    16.4    16.1    62.7    20.4 R -9999.0 -9999.0    17.3
04223 200407  1.201 -121.4460   48.5405    26.8    11.9    19.4    18.9    47.3    20.5 R -9999.0 -9999.0    20.8
04223 200408  1.201 -121.4460   48.5405    25.9    13.0    19.4    18.7   148.0    15.7 R -9999.0 -9999.0    22.2
04223 200409  1.201 -121.4460   48.5405    18.6     9.0    13.8    13.0   246.0     9.6 R -9999.0 -9999.0    13.5
04223 200410  1.201 -121.4460   48.5405    14.5     5.8    10.2     9.7   175.2     5.6 R -9999.0 -9999.0     9.2
04223 200411  1.201 -121.4460   48.5405     8.7     2.5     5.6     5.3   347.7     2.7 R -9999.0 -9999.0     4.9
04223 200412  1.201 -121.4460   48.5405     7.1     2.1     4.6     4.4   286.1     1.6 R -9999.0 -9999.0     3.8
04223 200501  1.201 -121.4460   48.5405     6.0     0.9     3.4     3.4   267.0     2.2 R -9999.0 -9999.0     2.0
04223 200502  1.201 -121.4460   48.5405    11.0    -1.0     5.0     3.8    70.0     6.6 R -9999.0 -9999.0     2.0
04223 200503  1.201 -121.4460   48.5405    12.9     2.1     7.5     7.0   182.0     8.1 R -9999.0 -9999.0     7.0
04223 200504  1.201 -121.4460   48.5405    16.0     4.1    10.0     9.5    98.9    13.7 R -9999.0 -9999.0    10.4
04223 200505  1.201 -121.4460   48.5405    20.1     8.5    14.3    13.8    98.9    16.1 R -9999.0 -9999.0    14.7
04223 200506  1.201 -121.4460   48.5405    19.4    10.0    14.7    14.4    69.0    14.9 R -9999.0 -9999.0    15.7
04223 200507  1.201 -121.4460   48.5405    24.8    10.5    17.6    17.3    57.7    19.6 R -9999.0 -9999.0    18.6
04223 200508  1.201 -121.4460   48.5405    26.5    10.3    18.4    17.8    21.5    19.4 R -9999.0 -9999.0    19.5
04223 200509  1.201 -121.4460   48.5405    20.4     7.6    14.0    13.2   137.7    12.3 R -9999.0 -9999.0    13.7
04223 200510  1.201 -121.4460   48.5405    14.2     6.6    10.4     9.9   242.4     5.2 R -9999.0 -9999.0     9.8
04223 200511  1.201 -121.4460   48.5405     7.8     1.6     4.7     4.3   226.9     2.1 R -9999.0 -9999.0     3.3
04223 200512  1.201 -121.4460   48.5405     6.1     0.8     3.4     3.2   243.5     1.5 R -9999.0 -9999.0     1.5
04223 200601  1.201 -121.4460   48.5405     6.4     2.2     4.3     4.1   550.4     1.5 R -9999.0 -9999.0     3.8
04223 200602  1.201 -121.4460   48.5405     6.5    -0.9     2.8     2.6   218.1     4.6 R -9999.0 -9999.0     0.8
04223 200603  1.201 -121.4460   48.5405    11.0     1.0     6.0     5.2    79.1     9.2 R -9999.0 -9999.0     4.8
04223 200604  1.201 -121.4460   48.5405    15.2     2.8     9.0     8.5   117.9    13.6 R -9999.0 -9999.0     8.9
04223 200605  1.301 -121.4460   48.5405    19.7     5.7    12.7    12.2    74.3    17.6 R -9999.0 -9999.0    12.3
04223 200606  1.301 -121.4460   48.5405    22.2    10.4    16.3    15.8    84.7    18.9 R    29.5     8.6    16.8
04223 200607  1.301 -121.4460   48.5405    25.7    11.6    18.7    18.2    37.4    22.4 R    37.3     8.7    19.9
04223 200608  1.301 -121.4460   48.5405    25.6    10.3    18.0    17.3     9.0    19.3 R    41.5     7.3    19.9
04223 200609  1.301 -121.4460   48.5405    22.8     8.2    15.5    14.5    48.5    12.9 R    32.9     5.4    15.0
04223 200610  1.301 -121.4460   48.5405    15.1     3.8     9.4     8.6    96.4     6.9 R    18.0     0.9     7.3
04223 200611  1.301 -121.4460   48.5405     6.6     1.6     4.1     3.9   674.0     1.8 R     7.5     0.0     3.4
04223 200612  1.301 -121.4460   48.5405     4.8    -0.1     2.3     2.0   286.5     1.5 R     3.4    -2.4     0.4
04223 200701  1.301 -121.4460   48.5405     4.8    -1.6     1.6     0.9   300.7     2.2 R     3.4    -4.2    -1.3
04223 200702  1.301 -121.4460   48.5405     8.1     0.8     4.4     3.9   181.1     3.9 R    10.1    -1.5     3.0
04223 200703  1.301 -121.4460   48.5405    10.3     2.3     6.3     5.8   332.0     6.5 R    15.3     0.4     6.0
04223 200704  1.301 -121.4460   48.5405    13.6     3.2     8.4     8.0   133.0    12.3 R    21.9     1.0     8.9
04223 200705  1.301 -121.4460   48.5405    19.8     5.9    12.8    12.4    44.4    19.7 R    26.3     3.7    13.0
04223 200706  1.302 -121.4460   48.5405    19.5     9.4    14.4    13.9    75.7    16.5 R    27.9     8.1    15.5
04223 200707  1.302 -121.4460   48.5405    25.5    12.0    18.7    18.4    34.3    20.3 R    36.7    10.1    20.7
04223 200708  1.302 -121.4460   48.5405    23.9    10.5    17.2    16.6    33.5    17.3 R    35.9     8.5    19.0
04223 200709  1.302 -121.4460   48.5405    20.3     8.1    14.2    13.5    76.2    12.3 R    29.5     6.4    14.6
04223 200710  1.302 -121.4460   48.5405    12.5     5.0     8.8     8.2   231.0     4.6 R    15.9     4.0     8.4
04223 200711  1.302 -121.4460   48.5405     7.7     0.9     4.3     4.0   177.8     2.3 R    10.1     0.0     4.0
04223 200712  1.302 -121.4460   48.5405     3.6    -0.3     1.6     1.5   374.0     1.1 R     6.1    -0.1     2.2
04223 200801  1.302 -121.4460   48.5405     2.6    -1.9     0.3     0.0 -9999.0     1.7 R     6.7    -1.3     1.5
04223 200802  1.302 -121.4460   48.5405     6.3    -0.4     2.9     2.2   245.5     4.2 R    10.8     1.1     4.4
04223 200803  1.302 -121.4460   48.5405     8.1     0.6     4.3     3.7   193.0     7.5 R    15.7     1.1     6.0
04223 200804  1.302 -121.4460   48.5405    11.4     1.6     6.5     5.6    95.1    12.2 R    20.6     1.5     8.0
04223 200805  1.302 -121.4460   48.5405    18.5     6.4    12.4    11.5    90.6    16.1 R    25.5     6.0    13.5
04223 200806  1.302 -121.4460   48.5405    19.3     7.9    13.6    13.2    38.5    16.7 R    24.9     7.2    14.7
04223 200807  1.302 -121.4460   48.5405    24.3     9.6    16.9    16.6    35.0    20.3 R    30.7     8.6    18.2
04223 200808  1.302 -121.4460   48.5405    24.0    11.7    17.9    17.0   117.2    15.2 R    31.2    10.9    18.4
04223 200809  1.302 -121.4460   48.5405    21.1     7.7    14.4    13.4    49.3    12.2 R    26.5     6.7    14.1
04223 200810  1.302 -121.4460   48.5405    13.7     4.0     8.9     8.3   109.4     6.4 R    18.3     3.2     8.5
04223 200811  1.302 -121.4460   48.5405    10.0     3.4     6.7     6.5   342.4     2.4 R    13.9     4.4     8.3
04223 200812  1.302 -121.4460   48.5405     2.4    -1.6     0.4     0.3   254.7     1.6 R     5.7    -0.9     1.7
04223 200901  1.302 -121.4460   48.5405     4.1    -1.9     1.1     0.5   411.5     2.6 R     6.6    -1.6     1.2
04223 200902  1.302 -121.4460   48.5405     7.4    -1.4     3.0     2.2    58.7     5.6 R     8.2    -2.2     1.7
04223 200903  1.302 -121.4460   48.5405     7.2    -0.8     3.2     2.5   191.9     7.7 R    11.5    -1.6     3.0
04223 200904  1.302 -121.4460   48.5405    15.1     2.0     8.6     7.8   110.5    15.6 R    23.5     1.0     9.6
04223 200905  1.302 -121.4460   48.5405    18.9     5.1    12.0    11.6   150.2    19.7 R    25.9     4.1    13.4
04223 200906  1.302 -121.4460   48.5405    22.8     9.6    16.2    15.8    29.7    19.9 R    29.5     8.7    17.6
04223 200907  1.302 -121.4460   48.5405    27.9    11.9    19.9    19.2    41.7    21.5 R    35.8    11.1    21.5
04223 200908  1.302 -121.4460   48.5405    24.9    11.4    18.1    17.4    42.3    17.1 R    31.9    10.5    19.0
04223 200909  1.302 -121.4460   48.5405    22.2     9.0    15.6    14.5   103.3    12.2 R    27.7     8.0    15.3
04223 200910  1.302 -121.4460   48.5405    13.1     4.4     8.7     8.4   362.5     5.9 R    16.0     3.6     8.6
04223 200911  1.302 -121.4460   48.5405     7.6     2.7     5.2     5.0   456.6     2.3 R     9.5     2.3     5.3
04223 200912  1.302 -121.4460   48.5405     4.0    -2.6     0.7     0.2   141.2     2.0 R     5.3    -3.7    -0.3
04223 201001  1.302 -121.4460   48.5405     8.7     2.5     5.6     5.4   226.7     2.2 R     9.9     1.8     5.2
04223 201002  1.302 -121.4460   48.5405    10.8     1.3     6.1     5.5    89.1     5.3 R    13.6     0.3     5.4
04223 201003  1.302 -121.4460   48.5405    12.1     2.0     7.0     6.2   166.2     8.8 R    17.1     1.2     6.8
04223 201004  1.302 -121.4460   48.5405    13.8     3.8     8.8     8.0   123.7    12.1 R    19.9     3.1     9.2
04223 201005  1.302 -121.4460   48.5405    16.7     5.4    11.1    10.4   148.8    16.6 R    24.0     4.9    12.2
04223 201006  1.302 -121.4460   48.5405    19.4     9.1    14.2    13.6    88.3    17.4 R    26.2     8.7    15.4
04223 201007  1.302 -121.4460   48.5405    25.2    10.1    17.6    17.2     2.8    21.8 R    32.3     9.2    19.2
04223 201008  1.302 -121.4460   48.5405    25.2    10.9    18.0    17.1    68.2    17.5 R    35.7    10.0    19.4
04223 201009  1.302 -121.4460   48.5405    19.9    10.3    15.1    14.2   197.2    10.3 R    27.1     9.9    15.4
04223 201010  2.302 -121.4460   48.5405    15.5     5.3    10.4     9.8   160.5     6.2 R    19.6     3.6     9.4
04223 201011  2.302 -121.4460   48.5405     6.3     1.0     3.7     3.5   289.8     2.3 R     7.5    -0.5     2.9
04223 201012  2.302 -121.4460   48.5405     5.8     0.5     3.2     3.1   328.8     1.5 R     7.1    -1.3     2.2
04223 201101  2.302 -121.4460   48.5405     4.7     0.2     2.5     2.2   493.5     1.6 R     5.5    -1.7     1.3
04223 201102  2.302 -121.4460   48.5405     5.3    -1.0     2.1     1.7   204.2     4.1 R     7.5    -3.7     0.7
04223 201103  2.302 -121.4460   48.5405     9.0     1.0     5.0     4.4   367.7     6.9 R    14.5    -0.9     4.5
04223 201104  2.302 -121.4460   48.5405    10.4     1.4     5.9     5.4   206.4    11.0 R    21.6    -0.3     7.2
04223 201105  2.302 -121.4460   48.5405    15.7     5.7    10.7    10.2   100.0    14.2 R    24.8     4.5    12.2
04223 201106  2.302 -121.4460   48.5405    18.9     9.1    14.0    13.5    69.9    14.7 R    26.1     8.3    15.3
04223 201107  2.302 -121.4460   48.5405    21.9     9.9    15.9    15.3    58.5    16.9 R    26.7     8.6    16.0
04223 201108  2.402 -121.4460   48.5405    24.3    10.1    17.2    16.5     9.7    18.0 R    35.4     7.6    18.2
04223 201109  2.402 -121.4460   48.5405    22.9     9.0    16.0    15.0    66.2    11.6 R    30.7     6.6    15.3
04223 201110  2.402 -121.4460   48.5405    12.8     5.6     9.2     8.8   228.9     4.6 R    15.7     3.8     8.8
04223 201111  2.402 -121.4460   48.5405     6.1     0.2     3.1     2.8   372.8     2.4 R     7.7    -1.4     2.4
04223 201112  2.402 -121.4460   48.5405     5.1    -1.2     1.9     1.6   156.4     1.9 R     6.1    -3.2     0.7
04223 201201  2.402 -121.4460   48.5405     3.9    -0.9     1.5     1.3   323.2     1.5 R     3.4    -2.9     0.4
04223 201202  2.402 -121.4460   48.5405     7.8     0.5     4.2     3.6   257.5     4.2 R     9.7    -1.7     2.8
04223 201203  2.402 -121.4460   48.5405     7.0     0.2     3.6     3.0   312.1     6.2 R    11.2    -1.5     3.1
04223 201204  2.402 -121.4460   48.5405    15.1     3.7     9.4     8.5   160.2    13.0 R    24.7     1.8     9.8
04223 201205  2.402 -121.4460   48.5405    18.3     5.3    11.8    11.3    86.5    18.9 R    26.2     3.6    12.6
04223 201206  2.402 -121.4460   48.5405    17.9     8.5    13.2    12.7   153.1    13.5 R    23.2     7.3    13.9
04223 201207  2.402 -121.4460   48.5405    23.6    11.7    17.7    16.9    59.8    19.8 R    29.9    10.2    18.3
04223 201208  2.402 -121.4460   48.5405    26.8    11.3    19.1    18.2     1.0    19.2 R    36.9     9.0    19.5
04223 201209  2.412 -121.4460   48.5405    23.7     7.1    15.4    14.3    13.9    12.9 R    34.8     4.2    14.9
04223 201210  2.412 -121.4460   48.5405    14.6     4.7     9.6     9.0   354.7     5.8 C    18.9     3.0     9.0
04223 201211  2.412 -121.4460   48.5405     8.5     2.9     5.7     5.4   347.4     2.4 C    10.0     1.6     5.2
04223 201212  2.412 -121.4460   48.5405     4.0     0.7     2.3     2.1   269.4     1.1 C     4.7     0.1     2.0
04223 201301  2.412 -121.4460   48.5405     4.7    -1.8     1.5     0.9   292.4     2.4 C     5.0    -3.7    -0.2
04223 201302  2.412 -121.4460   48.5405     6.6     0.3     3.4     3.0   188.8     3.7 C     9.2    -1.0     2.9
04223 201303  2.412 -121.4460   48.5405    11.6     0.9     6.3     5.3   240.4     8.9 C    17.4    -0.8     5.8
04223 201304  2.412 -121.4460   48.5405    13.1     3.4     8.3     7.7   219.1    11.8 C    20.3     2.3     9.1
04223 201305  2.412 -121.4460   48.5405    19.8     6.8    13.3    12.5    97.1    18.2 C    26.4     5.2    14.2
04223 201306  2.412 -121.4460   48.5405    21.7     9.7    15.7    15.1    94.9    18.2 C    27.6     8.3    16.6
04223 201307  2.412 -121.4460   48.5405    26.8    10.1    18.4    18.1     5.1    25.4 C    34.4     8.2    19.7
04223 201308  2.412 -121.4460   48.5405    25.8    12.7    19.2    18.3    90.4    16.9 C    36.5    11.0    20.7
04223 201309  2.412 -121.4460   48.5405    20.4    10.9    15.7    14.8   271.0    10.2 C    25.6     9.5    15.6
04223 201310  2.412 -121.4460   48.5405    15.4     3.6     9.5     8.5    66.3     7.2 C    17.1     1.6     7.6
04223 201311  2.412 -121.4460   48.5405     8.4     1.9     5.2     4.8   247.1     2.7 C     9.4     0.7     4.3
04223 201312  2.412 -121.4460   48.5405     3.3    -1.7     0.8     0.7   191.0     1.8 C     4.2    -3.2     0.2
04223 201401  2.412 -121.4460   48.5405     8.2     0.7     4.5     3.8   323.1     2.7 C     8.7    -1.1     2.6
04223 201402  2.412 -121.4460   48.5405     4.8    -0.7     2.0     1.7   250.1     4.2 C     6.4    -1.9     1.2
04223 201403  2.412 -121.4460   48.5405     9.6     1.6     5.6     5.0   476.1     7.4 C    14.1     0.2     5.5
04223 201404  2.412 -121.4460   48.5405    15.0     3.5     9.3     8.3   219.8    13.9 C    23.4     2.0     9.9
04223 201405  2.412 -121.4460   48.5405    19.7     7.9    13.8    13.1   122.2    17.5 C    26.8     6.5    14.8
04223 201406  2.412 -121.4460   48.5405    21.1     9.2    15.1    14.7    98.6    19.4 C    28.4     8.1    16.5
04223 201407  2.412 -121.4460   48.5405    26.3    12.0    19.1    18.6    68.1    21.9 C    33.0    11.1    20.7
04223 201408  2.412 -121.4460   48.5405    26.2    12.8    19.5    18.7    32.5    17.8 C    31.9    11.6    19.9
04223 201409  2.422 -121.4460   48.5405    22.9     9.4    16.2    15.1    97.2    11.4 C    27.5     7.2    15.0
04223 201410  2.422 -121.4460   48.5405    15.8     8.4    12.1    11.7   296.8     4.9 C    19.2     5.7    11.4
04223 201411  2.422 -121.4460   48.5405     8.7     1.8     5.3     4.8   433.3     3.4 C     9.4    -0.9     3.3
04223 201412  2.422 -121.4460   48.5405     6.6     1.1     3.8     3.8   263.2     2.3 C     6.7    -1.6     2.2
04223 201501  2.422 -121.4460   48.5405     8.5     0.9     4.7     4.2   317.3     3.7 C     8.5    -2.0     2.3
04223 201502  2.422 -121.4460   48.5405    11.4     2.8     7.1     6.6   208.0     6.7 C    13.1    -0.4     5.1
04223 201503  2.422 -121.4460   48.5405    14.0     3.0     8.5     7.8   253.1    11.6 C    18.4    -0.1     6.9
04223 201504  2.422 -121.4460   48.5405    15.4     3.1     9.3     8.4    80.8    17.8 C    23.8     0.3     9.0
04223 201505  2.422 -121.4460   48.5405    21.3     8.4    14.9    14.2    19.3    20.5 C    28.7     6.0    15.0
04223 201506  2.422 -121.4460   48.5405    26.9     9.5    18.2    17.9    14.8    23.6 C    39.8     6.9    20.2
04223 201507  2.422 -121.4460   48.5405    29.0    12.0    20.5    20.1    13.7    21.0 C    44.1     9.3    23.3
04223 201508  2.422 -121.4460   48.5405    27.0    11.2    19.1    18.2   140.4    14.9 C    38.8     8.5    19.7
04223 201509  2.422 -121.4460   48.5405    19.9     8.3    14.1    13.0    91.0    10.6 C    24.7     6.4    12.9
04223 201510  2.422 -121.4460   48.5405    17.0     7.8    12.4    11.8   243.8     5.5 C    19.3     4.8    10.7
04223 201511  2.422 -121.4460   48.5405     8.1     0.9     4.5     3.9   403.9     2.8 C     9.2    -1.4     2.6
04223 201512  2.422 -121.4460   48.5405     4.6     0.8     2.7     2.4   406.7     1.2 C     4.1    -1.1     1.3
04223 201601  2.422 -121.4460   48.5405     5.9    -0.1     2.9     2.7   290.7     1.8 C     4.6    -2.9     0.6
04223 201602  2.422 -121.4460   48.5405     9.9     2.5     6.2     5.7   293.1     3.9 C    12.8     0.1     4.9
04223 201603  2.422 -121.4460   48.5405    12.5     2.7     7.6     6.7   257.2     8.2 C    19.4     0.7     6.9
04223 201604  2.422 -121.4460   48.5405    18.7     6.0    12.3    11.4    54.3    14.3 C    26.9     3.3    11.9
04223 201605  2.422 -121.4460   48.5405    20.2     7.9    14.1    13.5    49.6    16.7 C    27.0     5.8    14.3
04223 201606  2.422 -121.4460   48.5405    22.2     9.7    15.9    15.2    89.9    20.1 C    31.6     8.0    17.1
04223 201607  2.422 -121.4460   48.5405    23.3    12.0    17.6    17.1    39.2    18.1 C    31.8    10.6    18.7
04223 201608  2.422 -121.4460   48.5405    27.0    10.9    19.0    18.0     9.9    17.9 C    34.8     8.4    18.3
04223 201609  2.422 -121.4460   48.5405    20.3     8.3    14.3    13.4   131.7    11.0 C    24.2     6.3    13.1
04223 201610  2.422 -121.4460   48.5405    13.3     6.2     9.7     9.4   406.8     4.3 C    14.7     4.4     8.8
04223 201611  2.422 -121.4460   48.5405     9.9     4.6     7.3     7.2   342.2     2.1 C    11.3     3.3     6.8
04223 201612  2.422 -121.4460   48.5405     1.5    -1.9    -0.2    -0.2   232.1     1.7 C     0.6    -4.3    -1.7
04223 201701  2.422 -121.4460   48.5405     3.8    -3.4     0.2    -0.2   138.4     2.7 C    -1.4    -7.9    -4.4
04223 201702  2.422 -121.4460   48.5405     5.6    -0.7     2.5     1.8   261.4     4.0 C     3.5    -3.4    -0.5
04223 201703  2.422 -121.4460   48.5405     7.6     1.7     4.7     4.3   451.2     5.4 C    11.3     0.2     4.3
04223 201704  2.422 -121.4460   48.5405    13.6     4.1     8.9     8.0   144.5    11.3 C    22.2     3.0     9.6
04223 201705  2.422 -121.4460   48.5405    20.3     6.1    13.2    12.6    70.2    18.9 C    26.5     4.5    13.7
04223 201706  2.422 -121.4460   48.5405    22.4     8.7    15.6    15.2    47.5    19.0 C    29.4     6.7    16.3
04223 201707  2.422 -121.4460   48.5405    26.9     9.6    18.3    18.0     0.0    24.3 C    41.9     7.2    21.4
