03094 201005  6.101 -103.1238   36.4701 -9999.0 -9999.0 -9999.0 -9999.0 -9999.0 -9999.0 U -9999.0 -9999.0 -9999.0
03094 201006  6.101 -103.1238   36.4701    30.9    14.9    22.9    22.9    28.2 -9999.0 U -9999.0 -9999.0 -9999.0
03094 201007  6.101 -103.1238   36.4701    30.9    16.8    23.9    23.5    92.2 -9999.0 U -9999.0 -9999.0 -9999.0
03094 201008  6.101 -103.1238   36.4701    31.9    16.2    24.0    23.6    25.3 -9999.0 U -9999.0 -9999.0 -9999.0
03094 201009  6.101 -103.1238   36.4701    29.8    13.1    21.4    21.3   104.0 -9999.0 U -9999.0 -9999.0 -9999.0
03094 201010  6.101 -103.1238   36.4701    21.8     6.4    14.1    13.9    10.9 -9999.0 U -9999.0 -9999.0 -9999.0
03094 201011  6.101 -103.1238   36.4701    14.5    -2.2     6.1     6.1     0.0 -9999.0 U -9999.0 -9999.0 -9999.0
03094 201012  6.101 -103.1238   36.4701    10.4    -2.8     3.8     3.7     6.6 -9999.0 U -9999.0 -9999.0 -9999.0
03094 201101  6.101 -103.1238   36.4701     9.6    -7.0     1.3     0.9     0.7 -9999.0 U -9999.0 -9999.0 -9999.0
03094 201102  6.101 -103.1238   36.4701     9.6    -7.5     1.0     1.0     2.3 -9999.0 U -9999.0 -9999.0 -9999.0
03094 201103  6.101 -103.1238   36.4701    17.8    -0.5     8.7     8.5     1.3 -9999.0 U -9999.0 -9999.0 -9999.0
03094 201104  6.101 -103.1238   36.4701    21.8     3.4    12.6    12.7     8.0 -9999.0 U -9999.0 -9999.0 -9999.0
03094 201105  6.101 -103.1238   36.4701    25.1     7.2    16.1    16.5     6.5 -9999.0 U -9999.0 -9999.0 -9999.0
03094 201106  6.101 -103.1238   36.4701    33.3    14.8    24.0    24.3    25.2 -9999.0 U -9999.0 -9999.0 -9999.0
03094 201107  6.101 -103.1238   36.4701    35.0    18.2    26.6    26.4    61.9 -9999.0 U -9999.0 -9999.0 -9999.0
03094 201108  6.101 -103.1238   36.4701    33.8    18.2    26.0    25.5    37.8 -9999.0 U -9999.0 -9999.0 -9999.0
03094 201109  6.101 -103.1238   36.4701    26.7    12.0    19.4    19.1    20.2 -9999.0 U -9999.0 -9999.0 -9999.0
03094 201110  6.101 -103.1238   36.4701    21.5     5.4    13.4    13.4     1.5 -9999.0 U -9999.0 -9999.0 -9999.0
03094 201111  6.101 -103.1238   36.4701    15.0    -0.3     7.4     6.9    13.3 -9999.0 U -9999.0 -9999.0 -9999.0
03094 201112  6.101 -103.1238   36.4701     3.9    -6.7    -1.4    -1.4    36.1 -9999.0 U -9999.0 -9999.0 -9999.0
03094 201201  6.101 -103.1238   36.4701    11.6    -3.5     4.1     4.0     1.5 -9999.0 U -9999.0 -9999.0 -9999.0
03094 201202  6.101 -103.1238   36.4701     9.2    -5.1     2.0     2.0     2.4 -9999.0 U -9999.0 -9999.0 -9999.0
03094 201203  6.101 -103.1238   36.4701    19.3     2.0    10.7    11.0     6.7 -9999.0 U -9999.0 -9999.0 -9999.0
03094 201204  6.101 -103.1238   36.4701    22.3     6.2    14.2    13.9    43.0 -9999.0 U -9999.0 -9999.0 -9999.0
03094 201205  6.101 -103.1238   36.4701    26.6     9.9    18.2    18.5     3.4 -9999.0 U -9999.0 -9999.0 -9999.0
03094 201206  6.101 -103.1238   36.4701    33.1    16.0    24.6    24.5    19.6 -9999.0 U -9999.0 -9999.0 -9999.0
03094 201207  6.101 -103.1238   36.4701    33.8    17.8    25.8    25.7    17.3 -9999.0 U -9999.0 -9999.0 -9999.0
03094 201208  6.101 -103.1238   36.4701    32.0    15.8    23.9    23.6    29.1 -9999.0 U -9999.0 -9999.0 -9999.0
03094 201209  6.101 -103.1238   36.4701    27.7    11.4    19.5    19.5     8.3 -9999.0 U -9999.0 -9999.0 -9999.0
03094 201210  6.101 -103.1238   36.4701    20.4     4.8    12.6    12.3    54.4 -9999.0 U -9999.0 -9999.0 -9999.0
03094 201211  6.101 -103.1238   36.4701    17.7     1.2     9.5     9.3     0.0 -9999.0 U -9999.0 -9999.0 -9999.0
03094 201212  6.101 -103.1238   36.4701    10.6    -4.5     3.0     2.4    11.0 -9999.0 U -9999.0 -9999.0 -9999.0
03094 201301  6.101 -103.1238   36.4701     7.6    -6.2     0.7     0.6     2.5 -9999.0 U -9999.0 -9999.0 -9999.0
03094 201302  6.101 -103.1238   36.4701     9.0    -4.4     2.3     2.0     7.7 -9999.0 U -9999.0 -9999.0 -9999.0
03094 201303  6.101 -103.1238   36.4701    15.6    -1.5     7.0     7.0     3.4 -9999.0 U -9999.0 -9999.0 -9999.0
03094 201304  6.101 -103.1238   36.4701    17.8     0.2     9.0     9.2     0.5 -9999.0 U -9999.0 -9999.0 -9999.0
03094 201305  6.101 -103.1238   36.4701    25.6     8.2    16.9    17.1    21.5 -9999.0 U -9999.0 -9999.0 -9999.0
03094 201306  6.101 -103.1238   36.4701    32.6    15.5    24.1    23.9    22.4 -9999.0 U -9999.0 -9999.0 -9999.0
03094 201307  6.101 -103.1238   36.4701    30.8    16.7    23.7    23.4    90.4 -9999.0 U -9999.0 -9999.0 -9999.0
03094 201308  6.101 -103.1238   36.4701    31.1    16.4    23.8    23.6    75.4 -9999.0 U -9999.0 -9999.0 -9999.0
03094 201309  6.101 -103.1238   36.4701    26.5    13.6    20.1    19.8   131.3 -9999.0 U -9999.0 -9999.0 -9999.0
03094 201310  6.101 -103.1238   36.4701    19.4     3.8    11.6    11.5    10.4 -9999.0 U -9999.0 -9999.0 -9999.0
03094 201311  6.101 -103.1238   36.4701    12.4    -1.5     5.4     5.4    10.1 -9999.0 U -9999.0 -9999.0 -9999.0
03094 201312  6.101 -103.1238   36.4701 -9999.0 -9999.0 -9999.0 -9999.0 -9999.0 -9999.0 U -9999.0 -9999.0 -9999.0
03094 201401  6.101 -103.1238   36.4701 -9999.0 -9999.0 -9999.0 -9999.0 -9999.0 -9999.0 U -9999.0 -9999.0 -9999.0
03094 201402  6.101 -103.1238   36.4701 -9999.0 -9999.0 -9999.0 -9999.0 -9999.0 -9999.0 U -9999.0 -9999.0 -9999.0
03094 201403  6.101 -103.1238   36.4701 -9999.0 -9999.0 -9999.0 -9999.0 -9999.0 -9999.0 U -9999.0 -9999.0 -9999.0
03094 201404  6.101 -103.1238   36.4701 -9999.0 -9999.0 -9999.0 -9999.0   220.9 -9999.0 U -9999.0 -9999.0 -9999.0
03094 201405  6.101 -103.1238   36.4701    24.9     8.5    16.7    17.0    31.4 -9999.0 U -9999.0 -9999.0 -9999.0
03094 201406  6.101 -103.1238   36.4701 -9999.0 -9999.0 -9999.0 -9999.0 -9999.0 -9999.0 U -9999.0 -9999.0 -9999.0
