04222 200303  1.001 -122.6068   40.6507 -9999.0 -9999.0 -9999.0 -9999.0 -9999.0 -9999.0 U -9999.0 -9999.0 -9999.0
04222 200304  1.001 -122.6068   40.6507    14.2     3.8     9.0     8.9   314.9    15.8 R -9999.0 -9999.0    11.3
04222 200305  1.001 -122.6068   40.6507    24.4    10.2    17.3    16.8    26.6    23.9 R -9999.0 -9999.0    20.1
04222 200306  1.001 -122.6068   40.6507    32.8    15.0    23.9    23.7     2.4    29.6 R -9999.0 -9999.0    30.7
04222 200307  1.001 -122.6068   40.6507    37.4    18.9    28.2    27.9     0.6    28.6 R -9999.0 -9999.0    34.8
04222 200308  1.001 -122.6068   40.6507    32.9    15.3    24.1    23.5    60.6    24.5 R -9999.0 -9999.0    28.4
04222 200309  1.100 -122.6068   40.6507    33.7    14.5    24.1    23.1     7.5    20.3 R -9999.0 -9999.0    26.3
04222 200310  1.100 -122.6068   40.6507    28.3    10.6    19.5    18.4     7.8    15.5 R -9999.0 -9999.0    20.1
04222 200311  1.100 -122.6068   40.6507    12.4     3.4     7.9     7.1   165.2     6.9 R -9999.0 -9999.0     7.5
04222 200312  1.201 -122.6068   40.6507 -9999.0 -9999.0 -9999.0 -9999.0   357.3     4.4 R -9999.0 -9999.0     4.6
04222 200401  1.201 -122.6068   40.6507    10.4     1.1     5.7     5.1   133.4     6.9 R -9999.0 -9999.0     4.7
04222 200402  1.201 -122.6068   40.6507    12.3     2.9     7.6     6.9   440.7     8.6 R -9999.0 -9999.0     7.0
04222 200403  1.201 -122.6068   40.6507    22.4     7.2    14.8    14.1    53.8    16.7 R -9999.0 -9999.0    13.9
04222 200404  1.201 -122.6068   40.6507    22.1     6.8    14.5    14.3    69.2    21.3 R -9999.0 -9999.0    17.2
04222 200405  1.201 -122.6068   40.6507    25.7    10.8    18.3    18.0    21.0    26.2 R -9999.0 -9999.0    24.3
04222 200406  1.201 -122.6068   40.6507    32.3    14.7    23.5    23.2    43.2    29.3 R -9999.0 -9999.0    30.9
04222 200407  1.201 -122.6068   40.6507    35.9    16.8    26.4    26.2    18.7    28.2 R -9999.0 -9999.0    33.6
04222 200408  1.201 -122.6068   40.6507    35.1    16.2    25.6    25.3    20.6    24.2 R -9999.0 -9999.0    31.2
04222 200409  1.201 -122.6068   40.6507    31.1    13.7    22.4    21.9    11.4    21.2 R -9999.0 -9999.0    26.1
04222 200410  1.201 -122.6068   40.6507    22.5     8.5    15.5    14.8   182.8    13.1 R -9999.0 -9999.0    16.4
04222 200411  1.201 -122.6068   40.6507    16.5     4.5    10.5     9.4    59.2     8.3 R -9999.0 -9999.0     8.5
04222 200412  1.201 -122.6068   40.6507    13.2     3.0     8.1     7.2   437.0     6.1 R -9999.0 -9999.0     5.9
04222 200501  1.201 -122.6068   40.6507    12.5     2.8     7.6 -9999.0   161.0     6.9 R -9999.0 -9999.0     6.0
04222 200502  1.201 -122.6068   40.6507    15.6     4.4    10.0     9.0   133.5     9.7 R -9999.0 -9999.0     9.0
04222 200503  1.201 -122.6068   40.6507    18.2     5.5    11.9    11.1   228.5    15.0 R -9999.0 -9999.0    13.3
04222 200504  1.201 -122.6068   40.6507    18.4     5.8    12.1    11.8    77.9    19.7 R -9999.0 -9999.0    18.4
04222 200505  1.201 -122.6068   40.6507    22.3    10.3    16.3    16.2   224.9    20.7 R -9999.0 -9999.0    24.9
04222 200506  1.201 -122.6068   40.6507    25.4    12.5    18.9    18.6    99.0    25.5 R -9999.0 -9999.0    25.3
04222 200507  1.201 -122.6068   40.6507    36.0    19.1    27.6    27.1    26.0    28.3 R -9999.0 -9999.0    35.0
04222 200508  1.201 -122.6068   40.6507    35.5    16.4    25.9    25.5    22.5    26.0 R -9999.0 -9999.0    33.8
04222 200509  1.201 -122.6068   40.6507    29.2    12.2    20.7    20.0     8.7    20.1 U -9999.0 -9999.0 -9999.0
04222 200510  1.301 -122.6068   40.6507    23.4     8.8    16.1    15.2     8.2    13.3 U -9999.0 -9999.0 -9999.0
04222 200511  1.301 -122.6068   40.6507    16.4     5.2    10.8     9.9   140.5     7.6 R    20.0     3.8     9.4
04222 200512  1.301 -122.6068   40.6507 -9999.0 -9999.0 -9999.0 -9999.0   454.6     4.7 R    13.8     2.7     6.5
04222 200601  1.301 -122.6068   40.6507 -9999.0 -9999.0 -9999.0 -9999.0   182.3     5.1 R    12.9     1.7     5.8
04222 200602  1.301 -122.6068   40.6507    16.3     2.8     9.6     8.6   125.5    11.6 R    21.5     1.6     8.5
04222 200603  1.301 -122.6068   40.6507     9.5     2.0     5.7     5.4   414.1    10.3 R    17.7     2.4     7.4
04222 200604  1.301 -122.6068   40.6507    17.3     6.9    12.1    11.8   278.0    16.5 R    28.0     7.1    14.7
04222 200605  1.301 -122.6068   40.6507    25.1    11.2    18.1    17.8    78.5    23.8 R    45.1    11.3    23.8
04222 200606  1.301 -122.6068   40.6507    31.7    16.0    23.8    23.6    10.0    26.2 R    54.7    16.4    31.2
04222 200607  1.301 -122.6068   40.6507    36.7    18.6    27.7    27.4     0.0    27.8 R    63.4    19.2    36.7
04222 200608  1.301 -122.6068   40.6507    34.1    15.6    24.8    24.4     2.7    25.2 R    59.7    15.9    32.5
04222 200609  1.301 -122.6068   40.6507    32.0    13.3    22.6    22.0     0.0    20.2 R    52.7    12.7    27.3
04222 200610  1.301 -122.6068   40.6507    24.1     7.5    15.8    14.7     6.9    14.7 R    39.3     6.8    17.9
04222 200611  1.301 -122.6068   40.6507    13.6     4.8     9.2     8.8    88.5     6.8 R    18.3     4.5     9.3
04222 200612  1.301 -122.6068   40.6507    11.7     2.0     6.8     6.1   165.1     5.7 R    13.7     1.6     5.6
04222 200701  1.301 -122.6068   40.6507    14.0    -0.3     6.8     5.7    11.6     9.5 R    18.9    -1.4     4.9
04222 200702  1.301 -122.6068   40.6507    12.8     3.0     7.9     7.3   265.1     9.3 R    19.1     2.5     8.0
04222 200703  1.301 -122.6068   40.6507    20.6     6.6    13.6    13.2     6.9    16.6 R    32.6     5.4    15.2
04222 200704  1.301 -122.6068   40.6507    21.2     7.3    14.3    14.0    53.0    21.8 R    42.2     6.8    19.6
04222 200705  1.301 -122.6068   40.6507    26.7    10.8    18.7    18.8    15.4    26.6 R    52.6    11.3    27.3
04222 200706  1.302 -122.6068   40.6507    31.0    14.3    22.6    22.7     0.9    28.6 R    54.7    14.5    30.6
04222 200707  1.302 -122.6068   40.6507    34.9    17.3    26.1    26.1    35.0    27.4 R    49.3    17.5    31.4
04222 200708  1.302 -122.6068   40.6507    34.0    16.3    25.1    25.2     0.0    25.8 R    48.8    16.3    30.1
04222 200709  1.302 -122.6068   40.6507    28.8    12.3    20.6    20.0     4.0    19.6 R    41.9    12.2    23.8
04222 200710  1.302 -122.6068   40.6507    20.8     8.1    14.4    13.6    81.3    12.6 R    27.8     7.6    15.0
04222 200711  1.302 -122.6068   40.6507    18.5     5.8    12.1    11.1     9.8     9.4 R    23.9     5.1    11.7
04222 200712  1.302 -122.6068   40.6507     9.7     1.2     5.4     5.0   192.7     5.5 R    12.4     1.0     5.1
04222 200801  1.302 -122.6068   40.6507     8.4     0.2     4.3     3.7   442.9     5.2 R    10.7    -0.1     3.8
04222 200802  1.302 -122.6068   40.6507    14.4     2.0     8.2     7.3   199.4    11.0 R    18.9     1.6     8.0
04222 200803  1.302 -122.6068   40.6507    17.3     3.5    10.4    10.0     4.9    17.3 R    25.9     3.0    11.9
04222 200804  1.302 -122.6068   40.6507    20.0     5.2    12.6    12.5    12.0    23.2 R    31.9     5.0    16.0
04222 200805  1.302 -122.6068   40.6507    26.5    11.3    18.9    18.8    26.6    24.8 R    31.6    11.5    20.8
04222 200806  1.302 -122.6068   40.6507    31.4    14.4    22.9    22.6     1.2    28.1 R    36.7    14.6    25.0
04222 200807  1.302 -122.6068   40.6507    35.0    17.4    26.2    26.0     0.0    23.7 R    39.9    17.7    28.2
04222 200808  1.302 -122.6068   40.6507    35.7    17.7    26.7    26.4     0.0    25.2 R    52.3    17.4    31.4
04222 200809  1.302 -122.6068   40.6507    33.1    13.2    23.2    22.4     0.0    21.6 R    53.2    12.6    27.7
04222 200810  1.302 -122.6068   40.6507    24.3     9.4    16.9    16.0    73.8    14.0 R    36.6     8.5    18.2
04222 200811  1.302 -122.6068   40.6507    18.0     6.7    12.4    11.3   150.5     8.5 R    21.1     5.7    10.8
04222 200812  1.302 -122.6068   40.6507    10.5     0.9     5.7     4.9    60.1     6.6 R    14.8     0.2     4.8
04222 200901  1.302 -122.6068   40.6507    16.2     2.8     9.5     8.2    23.5     9.0 R    19.4     1.3     7.3
04222 200902  1.302 -122.6068   40.6507    11.5     2.2     6.8     6.2   471.4     8.7 R    16.6     1.6     6.7
04222 200903  1.302 -122.6068   40.6507    16.5     3.7    10.1     9.9   188.6    17.2 R    27.4     3.1    12.0
04222 200904  1.302 -122.6068   40.6507    20.5     6.7    13.6    13.4    43.1    22.7 R    38.7     6.4    18.2
04222 200905  1.302 -122.6068   40.6507    26.9    12.3    19.6    19.5   118.3    26.0 R    45.3    12.5    25.3
04222 200906  1.302 -122.6068   40.6507    28.8    14.0    21.4    21.1    42.0    27.3 R    51.0    14.9    28.7
04222 200907  1.302 -122.6068   40.6507    36.3    16.7    26.5    26.3     0.0    29.9 R    61.8    17.3    35.4
04222 200908  1.302 -122.6068   40.6507    34.7    15.8    25.2    25.0     2.3    26.2 R    58.1    16.1    32.5
04222 200909  1.302 -122.6068   40.6507    33.3    15.1    24.2    23.3     0.3    20.8 R    53.6    14.4    28.5
04222 200910  1.302 -122.6068   40.6507    21.9     8.5    15.2    14.6   251.7    13.1 R    31.7     8.0    16.3
04222 200911  1.302 -122.6068   40.6507    15.8     4.5    10.1     9.2    31.8     9.2 R    19.5     3.3     9.0
04222 200912  1.302 -122.6068   40.6507    10.0     1.0     5.5     4.6   116.5     5.7 R    12.1     0.7     4.6
04222 201001  1.302 -122.6068   40.6507    10.6     4.3     7.5     7.1   559.6     4.7 R    13.5     4.2     7.4
04222 201002  1.302 -122.6068   40.6507    13.0     4.4     8.7     8.0   302.2     9.1 R    17.8     4.3     9.1
04222 201003  1.302 -122.6068   40.6507    15.6     3.3     9.4     9.0   111.5    15.4 R    24.0     3.1    11.0
04222 201004  1.302 -122.6068   40.6507    16.4     4.4    10.4    10.1   227.9    18.3 R    26.6     5.0    12.9
04222 201005  1.302 -122.6068   40.6507    20.1     7.6    13.8    13.6    78.7    22.4 R    36.3     8.6    18.7
04222 201006  1.302 -122.6068   40.6507    28.5    13.8    21.2    21.1     9.0    26.9 R    51.1    15.0    28.9
04222 201007  1.302 -122.6068   40.6507    36.1    16.5    26.3    26.0     0.0    29.7 R    62.9    18.5    36.5
04222 201008  1.302 -122.6068   40.6507    33.8    14.7    24.2    23.8     3.0    25.6 R    58.4    16.5    32.7
04222 201009  1.302 -122.6068   40.6507    30.9    13.3    22.1    21.2     5.7    20.2 R    50.7    13.5    26.8
04222 201010  2.302 -122.6068   40.6507    22.2    10.1    16.2    15.5   154.7    12.2 R    33.1    10.3    18.0
04222 201011  2.302 -122.6068   40.6507    15.1     4.0     9.6     8.8    79.3     8.7 R    18.7     3.9     8.9
04222 201012  2.302 -122.6068   40.6507     9.5     3.8     6.6     6.4   262.3     3.8 R    12.6     4.0     7.0
04222 201101  2.302 -122.6068   40.6507    14.5     2.9     8.7     7.5    35.0     8.0 R    16.6     2.2     6.8
04222 201102  2.302 -122.6068   40.6507    13.2     1.4     7.3     6.6   201.3    11.1 R    20.5     1.2     7.3
04222 201103  2.302 -122.6068   40.6507    12.5     3.5     8.0     7.5   483.5    10.8 R    21.5     5.5    11.0
04222 201104  2.302 -122.6068   40.6507    17.7     5.7    11.7    11.4    35.3    20.3 R    33.5     6.1    15.6
04222 201105  2.302 -122.6068   40.6507    20.8     7.9    14.3    14.1   123.3    22.7 R    39.3     8.8    20.0
04222 201106  2.302 -122.6068   40.6507    27.1    13.2    20.1    20.0    52.5    26.0 R    46.4    14.3    26.7
04222 201107  2.402 -122.6068   40.6507    33.1    16.7    24.9    24.6     5.0    28.6 R    58.4    17.8    33.6
04222 201108  2.402 -122.6068   40.6507    34.9    16.0    25.4    24.8     0.0    26.0 R    57.2    16.5    32.5
04222 201109  2.402 -122.6068   40.6507    33.9    15.3    24.6    23.7     0.6    20.5 R    51.5    15.1    28.6
04222 201110  2.402 -122.6068   40.6507    23.0     9.9    16.4    15.4    79.6    13.2 R    29.6     9.5    16.6
04222 201111  2.402 -122.6068   40.6507    13.9     3.3     8.6     8.0    62.5     7.9 R    17.7     3.1     8.4
04222 201112  2.402 -122.6068   40.6507    14.9     0.4     7.6     6.3    11.0     7.9 R    14.4    -0.4     5.0
04222 201201  2.402 -122.6068   40.6507    13.3     1.3     7.3     6.2   155.5     7.7 R    14.3     0.6     5.5
04222 201202  2.402 -122.6068   40.6507    14.7     2.4     8.6     7.8    66.6    11.6 R    19.4     2.2     8.3
04222 201203  2.402 -122.6068   40.6507    13.0     2.9     8.0     7.7   341.2    11.7 R    20.5     3.6     9.9
04222 201204  2.402 -122.6068   40.6507    19.0     7.3    13.1    12.8   120.0    17.9 R    30.4     8.0    16.1
04222 201205  2.402 -122.6068   40.6507    26.4    10.2    18.3    18.1     1.7    26.7 R    50.5    11.2    26.1
04222 201206  2.402 -122.6068   40.6507    29.0    13.1    21.1    20.9    17.9    27.4 R    54.2    14.3    30.0
04222 201207  2.402 -122.6068   40.6507    35.1    16.3    25.7    25.5     0.2    28.6 R    61.3    17.9    35.4
04222 201208  2.402 -122.6068   40.6507    36.8    17.3    27.1    26.5     0.0    24.7 R    59.0    18.4    34.1
04222 201209  2.412 -122.6068   40.6507    34.6    14.2    24.4    23.4     0.0    21.0 R    52.5    14.4    28.5
04222 201210  2.412 -122.6068   40.6507    24.9     9.6    17.3    16.4    29.9    13.8 C    34.2     9.7    18.8
04222 201211  2.412 -122.6068   40.6507    16.0     6.0    11.0    10.4   361.4     7.0 C    18.3     5.7    10.5
04222 201212  2.412 -122.6068   40.6507     9.2     1.5     5.3     4.8   349.0     5.5 C     9.4     1.4     4.5
04222 201301  2.412 -122.6068   40.6507    13.8     0.9     7.4     6.0    19.4     8.6 C    13.4     0.1     4.8
04222 201302  2.412 -122.6068   40.6507    16.5     1.7     9.1     8.1     7.2    13.3 C    22.2     1.0     8.5
04222 201303  2.412 -122.6068   40.6507    19.2     5.7    12.4    11.8    88.1    15.6 C    28.7     5.3    13.7
04222 201304  2.412 -122.6068   40.6507    23.2     8.0    15.6    15.4    10.7    22.7 C    38.9     8.4    20.2
04222 201305  2.412 -122.6068   40.6507    26.4    11.0    18.7    18.6    13.1    26.0 C    48.6    11.6    26.5
04222 201306  2.412 -122.6068   40.6507    32.2    15.5    23.9    23.7    12.9    27.2 C    53.8    16.5    31.9
04222 201307  2.412 -122.6068   40.6507    37.7    17.7    27.7    27.5     0.0    27.9 C    60.3    18.9    36.1
04222 201308  2.412 -122.6068   40.6507    34.2    15.8    25.0    24.6     6.5    23.8 C    54.8    16.6    31.6
04222 201309  2.412 -122.6068   40.6507    28.8    12.8    20.8    20.4    22.8    18.9 C    44.5    13.2    25.2
04222 201310  2.412 -122.6068   40.6507    24.7     7.7    16.2    14.9     0.2    15.4 C    34.3     6.8    16.7
04222 201311  2.412 -122.6068   40.6507    19.2     4.8    12.0    10.9    36.5     9.6 C    22.4     4.0    10.8
04222 201312  2.412 -122.6068   40.6507    15.8     0.2     8.0     6.6     3.2     8.3 C    14.6    -0.9     5.0
04222 201401  2.412 -122.6068   40.6507    19.1     3.9    11.5    10.1    11.4     9.0 C    20.1     2.3     8.9
04222 201402  2.412 -122.6068   40.6507    14.1     4.0     9.0     8.5   168.1     8.9 C    17.5     3.8     9.0
04222 201403  2.412 -122.6068   40.6507    17.3     5.7    11.5    11.0   189.9    13.9 C    23.7     5.9    12.6
04222 201404  2.412 -122.6068   40.6507    22.3     7.4    14.9    14.5    28.4    21.3 C    35.0     7.8    18.4
04222 201405  2.412 -122.6068   40.6507    27.7    11.4    19.5    19.2     0.9    27.2 C    48.5    11.9    26.4
04222 201406  2.412 -122.6068   40.6507    33.8    15.2    24.5    24.4     0.2    29.5 C    55.2    16.1    32.7
04222 201407  2.412 -122.6068   40.6507    37.8    18.4    28.1    27.8     1.9    26.4 C    57.9    19.7    35.2
04222 201408  2.412 -122.6068   40.6507    35.1    16.4    25.8    25.6    13.0    23.9 C    52.5    17.3    31.6
04222 201409  2.422 -122.6068   40.6507    32.0    14.0    23.0    22.3    76.7    19.3 C    44.6    14.1    25.9
04222 201410  2.422 -122.6068   40.6507    24.5    10.8    17.7    16.7   102.9    12.7 C    28.8     9.3    16.3
04222 201411  2.422 -122.6068   40.6507    16.4     6.0    11.2    10.4    79.2     7.9 C    15.5     4.9     9.1
04222 201412  2.422 -122.6068   40.6507    11.2     5.0     8.1     7.6   523.9     4.0 C    11.1     5.3     7.5
04222 201501  2.422 -122.6068   40.6507    17.0     4.0    10.5     9.1    12.9     8.2 C    12.8     2.3     6.2
04222 201502  2.422 -122.6068   40.6507    18.3     6.0    12.2    11.5   319.0    10.9 C    18.2     4.1     9.4
04222 201503  2.422 -122.6068   40.6507    21.4     7.4    14.4    13.7    23.2    15.8 C    28.8     6.2    14.2
04222 201504  2.422 -122.6068   40.6507    22.9     6.4    14.6    14.2    41.2    21.7 C    38.9     6.5    18.6
04222 201505  2.422 -122.6068   40.6507    26.4    10.5    18.5    18.1    32.6    25.1 C    48.8    11.8    25.7
04222 201506  2.422 -122.6068   40.6507    35.9    16.7    26.3    26.0     7.6    27.5 C    60.7    17.5    34.7
04222 201507  2.422 -122.6068   40.6507    35.8    17.6    26.7    26.4    12.4    25.7 C    59.6    19.0    34.9
04222 201508  2.422 -122.6068   40.6507    34.3    16.0    25.2    24.9     0.0    21.5 C    54.6    16.5    31.1
04222 201509  2.422 -122.6068   40.6507    31.5    13.5    22.5    21.6    23.6    18.6 C    44.9    12.9    24.7
04222 201510  2.422 -122.6068   40.6507    26.9    11.1    19.0    17.9     9.3    13.6 C    34.1     9.8    18.4
04222 201511  2.422 -122.6068   40.6507    15.6     2.8     9.2     8.3    25.9     9.4 C    14.3     1.1     6.3
04222 201512  2.422 -122.6068   40.6507     9.2     2.0     5.6     5.0   217.3     4.9 C     8.6     1.6     4.4
04222 201601  2.422 -122.6068   40.6507    10.2     3.2     6.7     6.4   446.8     4.9 C    10.4     2.5     5.9
04222 201602  2.422 -122.6068   40.6507    17.9     4.7    11.3    10.5    47.0    11.0 C    17.4     3.2     8.6
04222 201603  2.422 -122.6068   40.6507    16.8     5.7    11.2    10.9 -9999.0    13.1 C    21.3     5.2    11.3
04222 201604  2.422 -122.6068   40.6507    22.5     8.1    15.3    14.9    51.9    20.6 C    34.0     8.3    17.9
04222 201605  2.422 -122.6068   40.6507    25.5    10.8    18.1    17.7    41.1    23.3 C    42.0    11.9    23.1
04222 201606  2.422 -122.6068   40.6507    32.4    15.2    23.8    23.5    26.9    27.8 C    54.1    16.4    31.4
04222 201607  2.422 -122.6068   40.6507    36.1    16.6    26.4    26.2     0.0    28.5 C    60.3    18.1    35.3
04222 201608  2.422 -122.6068   40.6507    37.1    16.6    26.8    26.2     0.0    25.5 C    57.4    17.8    33.4
04222 201609  2.422 -122.6068   40.6507    32.6    13.8    23.2    22.6     0.0    20.7 C    46.7    13.9    26.2
04222 201610  2.422 -122.6068   40.6507    19.9     9.3    14.6    14.1   270.0    10.1 C    23.5     9.5    14.8
04222 201611  2.422 -122.6068   40.6507    15.4     5.7    10.5     9.6 -9999.0     7.9 C    14.4     5.4     9.1
04222 201612  2.422 -122.6068   40.6507    11.2     0.6     5.9     5.2   213.6     6.4 C     7.3    -0.1     3.0
04222 201701  2.422 -122.6068   40.6507    10.1     0.7     5.4     4.5   436.7     6.5 C     7.8     0.1     3.1
04222 201702  2.422 -122.6068   40.6507    13.1     4.0     8.5     7.9   380.6     8.6 C    14.4     3.7     7.7
04222 201703  2.422 -122.6068   40.6507    17.3     5.8    11.6    11.0   131.9    13.6 C    21.3     5.5    11.4
04222 201704  2.422 -122.6068   40.6507    18.5     6.3    12.4    12.0   215.3    17.8 C    26.3     6.9    14.2
04222 201705  2.422 -122.6068   40.6507    27.6    11.0    19.3    19.2     2.3    26.4 C    50.1    12.0    27.0
04222 201706  2.422 -122.6068   40.6507    32.6    15.5    24.0    23.8     9.2    27.4 C    57.0    17.0    33.1
04222 201707  2.422 -122.6068   40.6507    38.4    18.4    28.4    28.0     0.0    28.6 C    63.2    20.0    37.7
