53172 201009  6.101 -114.1340   34.2529 -9999.0 -9999.0 -9999.0 -9999.0 -9999.0 -9999.0 U -9999.0 -9999.0 -9999.0
53172 201010  6.101 -114.1340   34.2529    30.9    17.5    24.2    24.2    10.6 -9999.0 U -9999.0 -9999.0 -9999.0
53172 201011  6.101 -114.1340   34.2529    23.6     9.8    16.7    16.6     0.0 -9999.0 U -9999.0 -9999.0 -9999.0
53172 201012  6.101 -114.1340   34.2529    19.5     8.4    14.0    13.9    38.0 -9999.0 U -9999.0 -9999.0 -9999.0
53172 201101  6.101 -114.1340   34.2529    19.1     5.6    12.4    12.0     0.0 -9999.0 U -9999.0 -9999.0 -9999.0
53172 201102  6.101 -114.1340   34.2529    19.1     5.4    12.3    12.1    44.2 -9999.0 U -9999.0 -9999.0 -9999.0
53172 201103  6.101 -114.1340   34.2529    25.9    10.2    18.0    18.4     5.3 -9999.0 U -9999.0 -9999.0 -9999.0
53172 201104  6.101 -114.1340   34.2529    29.8    14.4    22.1    22.9     3.0 -9999.0 U -9999.0 -9999.0 -9999.0
53172 201105  6.101 -114.1340   34.2529    33.0    16.7    24.9    25.8     0.0 -9999.0 U -9999.0 -9999.0 -9999.0
53172 201106  6.101 -114.1340   34.2529    39.9    22.1    31.0    32.4     0.0 -9999.0 U -9999.0 -9999.0 -9999.0
53172 201107  6.101 -114.1340   34.2529    41.9    27.6    34.8    35.6    13.6 -9999.0 U -9999.0 -9999.0 -9999.0
53172 201108  6.101 -114.1340   34.2529    43.9    29.0    36.4    37.2     1.0 -9999.0 U -9999.0 -9999.0 -9999.0
53172 201109  6.101 -114.1340   34.2529    39.6    24.6    32.1    32.2    10.8 -9999.0 U -9999.0 -9999.0 -9999.0
53172 201110  6.101 -114.1340   34.2529    32.9    17.6    25.2    25.0     2.3 -9999.0 U -9999.0 -9999.0 -9999.0
53172 201111  6.101 -114.1340   34.2529    22.5     9.4    16.0    15.8    17.6 -9999.0 U -9999.0 -9999.0 -9999.0
53172 201112  6.101 -114.1340   34.2529    16.5     5.0    10.7    10.1    29.3 -9999.0 U -9999.0 -9999.0 -9999.0
53172 201201  6.101 -114.1340   34.2529    20.8     6.2    13.5    13.0     0.5 -9999.0 U -9999.0 -9999.0 -9999.0
53172 201202  6.101 -114.1340   34.2529    22.4     7.4    14.9    14.9     0.2 -9999.0 U -9999.0 -9999.0 -9999.0
53172 201203  6.101 -114.1340   34.2529    26.2     9.3    17.7    18.3     3.5 -9999.0 U -9999.0 -9999.0 -9999.0
53172 201204  6.101 -114.1340   34.2529    31.4    14.9    23.2    23.8     8.1 -9999.0 U -9999.0 -9999.0 -9999.0
53172 201205  6.101 -114.1340   34.2529    37.2    19.5    28.3    29.6     0.0 -9999.0 U -9999.0 -9999.0 -9999.0
53172 201206  6.101 -114.1340   34.2529    41.6    23.8    32.7    34.2     0.0 -9999.0 U -9999.0 -9999.0 -9999.0
53172 201207  6.101 -114.1340   34.2529    40.9    27.3    34.1    34.8     9.0 -9999.0 U -9999.0 -9999.0 -9999.0
53172 201208  6.101 -114.1340   34.2529    42.1    29.6    35.8    36.1    21.4 -9999.0 U -9999.0 -9999.0 -9999.0
53172 201209  6.101 -114.1340   34.2529    39.5    25.2    32.3    32.5     6.1 -9999.0 U -9999.0 -9999.0 -9999.0
53172 201210  6.101 -114.1340   34.2529    32.5    17.3    24.9    24.8     6.6 -9999.0 U -9999.0 -9999.0 -9999.0
53172 201211  6.101 -114.1340   34.2529    26.1    10.9    18.5    18.1     0.0 -9999.0 U -9999.0 -9999.0 -9999.0
53172 201212  6.101 -114.1340   34.2529    18.4     6.9    12.7    12.3    42.9 -9999.0 U -9999.0 -9999.0 -9999.0
53172 201301  6.101 -114.1340   34.2529    17.0     4.7    10.9    10.6    23.3 -9999.0 U -9999.0 -9999.0 -9999.0
53172 201302  6.101 -114.1340   34.2529    20.0     5.8    12.9    12.7     4.7 -9999.0 U -9999.0 -9999.0 -9999.0
53172 201303  6.101 -114.1340   34.2529    28.6    11.6    20.1    20.2     0.8 -9999.0 U -9999.0 -9999.0 -9999.0
53172 201304  6.101 -114.1340   34.2529    31.3    14.7    23.0    24.0     0.0 -9999.0 U -9999.0 -9999.0 -9999.0
53172 201305  6.101 -114.1340   34.2529    35.6    19.6    27.6    28.8     0.0 -9999.0 U -9999.0 -9999.0 -9999.0
53172 201306  6.101 -114.1340   34.2529    42.4    24.2    33.3    34.8     0.0 -9999.0 U -9999.0 -9999.0 -9999.0
53172 201307  6.101 -114.1340   34.2529    41.9    29.7    35.8    36.4    13.5 -9999.0 U -9999.0 -9999.0 -9999.0
53172 201308  6.101 -114.1340   34.2529    41.2    26.9    34.0    34.7     8.7 -9999.0 U -9999.0 -9999.0 -9999.0
53172 201309  6.101 -114.1340   34.2529    37.4    23.2    30.3    30.3    26.8 -9999.0 U -9999.0 -9999.0 -9999.0
53172 201310  6.101 -114.1340   34.2529    29.8    14.6    22.2    22.2     0.0 -9999.0 U -9999.0 -9999.0 -9999.0
53172 201311  6.101 -114.1340   34.2529    24.3    10.9    17.6    17.0    18.3 -9999.0 U -9999.0 -9999.0 -9999.0
53172 201312  6.101 -114.1340   34.2529    18.4     5.7    12.1    11.8     0.0 -9999.0 U -9999.0 -9999.0 -9999.0
53172 201401  6.101 -114.1340   34.2529    22.5     7.2    14.9    14.3     0.0 -9999.0 U -9999.0 -9999.0 -9999.0
53172 201402  6.101 -114.1340   34.2529    25.2     9.6    17.4    17.1     4.1 -9999.0 U -9999.0 -9999.0 -9999.0
53172 201403  6.101 -114.1340   34.2529    27.7    12.5    20.1    20.5     4.6 -9999.0 U -9999.0 -9999.0 -9999.0
53172 201404  6.101 -114.1340   34.2529    31.2    15.2    23.2    24.0     0.7 -9999.0 U -9999.0 -9999.0 -9999.0
53172 201405  6.101 -114.1340   34.2529    35.8    19.9    27.8    28.9     0.0 -9999.0 U -9999.0 -9999.0 -9999.0
53172 201406  6.101 -114.1340   34.2529 -9999.0 -9999.0 -9999.0 -9999.0 -9999.0 -9999.0 U -9999.0 -9999.0 -9999.0
