21515 200509  1.301 -155.0827   19.6450 -9999.0 -9999.0 -9999.0 -9999.0 -9999.0 -9999.0 U -9999.0 -9999.0 -9999.0
21515 200510  1.301 -155.0827   19.6450    25.3    18.0    21.7    21.1   507.0    12.5 R    37.3    19.1    24.6
21515 200511  1.301 -155.0827   19.6450    25.8    17.6    21.7    21.1   361.6    13.1 R    38.7    18.8    25.0
21515 200512  1.301 -155.0827   19.6450    25.6    16.5    21.1    20.4   197.0    14.4 R    40.5    16.7    24.5
21515 200601  1.301 -155.0827   19.6450    24.0    16.6    20.3    19.7   434.6    11.4 R    37.5    18.1    24.3
21515 200602  1.301 -155.0827   19.6450    22.8    15.7    19.3    18.9   351.6    12.2 R    33.7    16.1    22.0
21515 200603  1.301 -155.0827   19.6450    24.0    17.5    20.7    20.3   983.0    10.3 R    34.0    19.6    24.3
21515 200604  1.301 -155.0827   19.6450    23.5    16.7    20.1    19.5   261.6    13.1 R    35.7    18.0    23.2
21515 200605  1.301 -155.0827   19.6450    23.8    16.9    20.3    19.8   713.8    13.8 R    37.2    19.6    25.3
21515 200606  1.301 -155.0827   19.6450    25.9    18.0    22.0    21.6   135.2    17.4 R    38.5    17.8    24.6
21515 200607  1.301 -155.0827   19.6450    26.1    19.1    22.6    22.2   305.2    16.9 R    37.0    19.6    25.4
21515 200608  1.301 -155.0827   19.6450    26.5    19.2    22.9    22.3   211.4    15.5 R    37.2    19.7    25.3
21515 200609  1.301 -155.0827   19.6450    26.3    18.7    22.5    21.9   333.9    15.6 R    37.4    18.5    24.5
21515 200610  1.301 -155.0827   19.6450    26.5    18.9    22.7    22.2   343.1    13.8 R    36.0    17.9    23.7
21515 200611  1.301 -155.0827   19.6450    26.3    18.5    22.4    21.9   183.8    13.7 R    33.7    17.1    22.9
21515 200612  1.301 -155.0827   19.6450    24.3    17.2    20.7    20.2   295.6    11.2 R    32.7    15.5    21.1
21515 200701  1.301 -155.0827   19.6450    23.8    16.5    20.2    19.5   424.6    11.1 R    32.4    15.0    20.4
21515 200702  1.301 -155.0827   19.6450    23.1    15.6    19.3    18.8   493.6    10.9 R    31.9    13.9    19.8
21515 200703  1.301 -155.0827   19.6450    25.2    16.2    20.7    20.2   203.5    15.5 R    36.5    14.4    21.6
21515 200704  1.301 -155.0827   19.6450    24.6    16.0    20.3    19.8   308.4    18.4 R    36.2    14.7    21.9
21515 200705  1.301 -155.0827   19.6450    25.6    16.9    21.3    20.8    88.5    18.5 R    37.2    15.4    22.7
21515 200706  1.301 -155.0827   19.6450    26.1    17.9    22.0    21.5   195.9    18.2 R    37.3    16.7    23.6
21515 200707  1.301 -155.0827   19.6450    26.6    18.5    22.6    22.2   238.8    19.4 R    35.4    17.6    23.9
21515 200708  1.301 -155.0827   19.6450    26.6    18.5    22.5    22.0   231.4    17.0 R    37.4    17.4    23.9
21515 200709  1.301 -155.0827   19.6450    26.4    18.7    22.6    21.9   281.0    14.4 R    35.3    18.0    23.4
21515 200710  1.301 -155.0827   19.6450    25.8    17.8    21.8    21.1   331.8    15.2 R    36.7    16.7    23.0
21515 200711  1.302 -155.0827   19.6450    25.6    17.5    21.5    21.0   300.1    13.1 R    33.1    16.5    22.0
21515 200712  1.302 -155.0827   19.6450    24.0    17.5    20.7    20.1   763.4     9.2 R    29.7    16.8    20.7
21515 200801  1.302 -155.0827   19.6450    23.1    15.3    19.2    18.5   426.2    12.7 R    30.8    14.3    19.6
21515 200802  1.302 -155.0827   19.6450    23.7    15.1    19.4    19.2  1231.1    13.6 R    30.9    14.9    20.4
21515 200803  1.302 -155.0827   19.6450    24.5    16.2    20.4    19.8   216.4    15.4 R    33.3    15.4    21.3
21515 200804  1.302 -155.0827   19.6450    24.6    16.5    20.5    20.1   209.4    17.7 R    33.0    15.7    21.8
21515 200805  1.302 -155.0827   19.6450    25.4    16.9    21.1    20.6   152.4    19.7 R    34.9    16.2    22.8
21515 200806  1.302 -155.0827   19.6450    25.7    17.7    21.7    21.2   118.7    17.4 R    35.3    17.1    23.1
21515 200807  1.302 -155.0827   19.6450    26.9    18.3    22.6    22.2   269.9    19.2 R    36.6    17.6    24.3
21515 200808  1.302 -155.0827   19.6450    26.5    18.1    22.3    21.8   136.0    18.3 R    35.2    17.6    23.8
21515 200809  1.302 -155.0827   19.6450    26.5    17.8    22.1    21.5   125.2    17.8 R    35.9    17.2    23.5
21515 200810  1.302 -155.0827   19.6450    25.6    17.6    21.6    21.1   152.5    14.3 R    33.8    16.9    22.6
21515 200811  1.302 -155.0827   19.6450    24.8    17.1    21.0    20.4   226.2    12.5 R    34.8    15.9    21.8
21515 200812  1.302 -155.0827   19.6450    23.9    16.8    20.3    19.9   829.8    11.0 R    32.4    15.5    20.9
21515 200901  1.302 -155.0827   19.6450    23.5    15.4    19.5    19.0   169.0    12.9 R    33.0    13.8    20.1
21515 200902  1.302 -155.0827   19.6450    21.9    15.6    18.7    18.1   382.9    11.6 R    31.7    14.9    19.6
21515 200903  1.302 -155.0827   19.6450    22.1    15.7    18.9    18.4   946.2    11.3 R    30.3    14.8    19.6
21515 200904  1.302 -155.0827   19.6450    22.3    16.8    19.6    19.1   392.3    10.6 R    30.4    16.3    20.5
21515 200905  1.302 -155.0827   19.6450    25.8    18.1    21.9    21.6    86.9    16.3 R    35.6    17.0    23.4
21515 200906  1.302 -155.0827   19.6450    25.8    18.5    22.1    21.7   205.1    17.5 R    35.5    17.9    23.6
21515 200907  1.302 -155.0827   19.6450    25.8    18.8    22.3    21.9   334.7    16.1 R    35.0    18.2    23.7
21515 200908  1.302 -155.0827   19.6450    26.2    19.8    23.0    22.5   145.2    15.6 R    36.7    19.3    24.5
21515 200909  1.302 -155.0827   19.6450    26.0    18.4    22.2    21.7   224.0    15.0 R    35.5    17.4    23.6
21515 200910  1.302 -155.0827   19.6450    26.5    19.5    23.0    22.5   288.5    14.3 R    35.3    18.7    24.1
21515 200911  1.302 -155.0827   19.6450    24.4    17.7    21.1    20.5   705.5    10.7 R    31.8    16.6    21.7
21515 200912  1.302 -155.0827   19.6450    24.8    16.1    20.5    20.1   295.8    12.5 R    33.2    14.5    21.2
21515 201001  1.302 -155.0827   19.6450    25.4    15.9    20.7    20.2    48.1    13.0 R    35.6    13.8    21.4
21515 201002  1.302 -155.0827   19.6450    24.7    15.3    20.0    19.4    92.3    14.7 R    38.3    13.2    21.2
21515 201003  1.302 -155.0827   19.6450    23.2    15.7    19.4    18.9   332.1    13.5 R    35.1    14.9    21.0
21515 201004  1.302 -155.0827   19.6450    23.8    16.3    20.1    19.6   311.6    15.8 R    38.4    15.9    22.6
21515 201005  1.302 -155.0827   19.6450    24.8    17.4    21.1    20.6   122.8    16.9 R    39.0    16.8    23.7
21515 201006  1.302 -155.0827   19.6450    25.4    17.6    21.5    21.0   144.2    17.1 R    40.1    16.9    24.0
21515 201007  1.302 -155.0827   19.6450    25.7    17.6    21.7    21.2   128.3    17.4 R    38.7    17.1    24.2
21515 201008  1.302 -155.0827   19.6450    25.9    18.1    22.0    21.5   141.6    16.4 R    38.4    17.7    24.2
21515 201009  1.302 -155.0827   19.6450    26.1    17.5    21.8    21.4   105.2    16.4 R    37.7    16.7    23.8
21515 201010  1.302 -155.0827   19.6450    25.6    17.6    21.6    21.0   227.3    12.5 R    35.5    16.9    23.0
21515 201011  1.302 -155.0827   19.6450    24.7    16.8    20.8    20.4   333.6    12.1 R    33.6    16.4    22.5
21515 201012  1.302 -155.0827   19.6450    24.9    16.9    20.9    20.5   239.7    11.2 R    33.2    16.1    21.8
21515 201101  1.302 -155.0827   19.6450    23.9    15.8    19.8    19.4   132.1    11.2 R    32.5    14.5    20.7
21515 201102  1.302 -155.0827   19.6450    25.2    16.4    20.8    20.4    75.4    14.5 R    35.1    15.3    22.1
21515 201103  2.404 -155.0827   19.6450    24.3    16.7    20.5    19.9   402.7    13.8 R    33.8    16.3    21.8
21515 201104  2.404 -155.0827   19.6450    24.8    17.0    20.9    20.5   153.7    16.3 R    33.7    16.5    22.4
21515 201105  2.404 -155.0827   19.6450    24.7    17.7    21.2    20.7   344.3    15.5 R    32.8    17.4    22.4
21515 201106  2.404 -155.0827   19.6450    25.0    18.1    21.6    21.0   229.9    16.9 R    32.9    17.8    22.9
21515 201107  2.404 -155.0827   19.6450    25.5    17.7    21.6    21.2   156.3    17.7 R    33.8    17.3    23.3
21515 201108  2.404 -155.0827   19.6450    25.5    18.5    22.0    21.5   230.2    15.2 R    33.2    18.3    23.3
21515 201109  2.404 -155.0827   19.6450    26.0    17.9    21.9    21.4   230.2    16.5 R    34.1    17.4    23.4
21515 201110  2.404 -155.0827   19.6450    25.6    17.4    21.5    21.0   139.4    14.8 R    34.2    16.8    22.7
21515 201111  2.404 -155.0827   19.6450    23.6    17.3    20.4    19.9   493.7     9.9 R    29.9    16.9    21.1
21515 201112  2.404 -155.0827   19.6450    22.8    16.7    19.8    19.2   816.8     9.0 R    29.2    16.2    20.2
21515 201201  2.404 -155.0827   19.6450    24.7    15.9    20.3    19.7    56.1    13.9 R    32.4    15.0    21.1
21515 201202  2.404 -155.0827   19.6450    23.5    15.9    19.7    19.2   571.9    13.5 R    31.1    15.2    20.5
21515 201203  2.404 -155.0827   19.6450    23.0    16.1    19.6    19.0   423.6    13.8 R    30.2    15.6    20.4
21515 201204  2.414 -155.0827   19.6450    23.4    16.8    20.1    19.5   214.6    14.9 R    34.0    16.4    21.6
21515 201205  2.414 -155.0827   19.6450    24.5    16.9    20.7    20.1   219.1    17.3 C    34.6    16.5    22.7
21515 201206  2.414 -155.0827   19.6450    24.6    17.7    21.2    20.8   299.6    16.3 C    33.7    17.5    23.3
21515 201207  2.414 -155.0827   19.6450    24.9    17.7    21.3    20.9   262.5    15.5 C    33.3    17.5    23.3
21515 201208  2.414 -155.0827   19.6450    25.5    18.4    22.0    21.4   256.2    16.3 C    34.3    18.2    23.9
21515 201209  2.414 -155.0827   19.6450    25.6    17.9    21.7    21.1   170.6    15.5 C    34.4    17.4    23.3
21515 201210  2.414 -155.0827   19.6450    26.0    17.8    21.9    21.5   105.6    15.0 C    35.0    17.0    23.5
21515 201211  2.414 -155.0827   19.6450    24.6    16.9    20.8    20.2   158.2    12.1 C    32.6    15.5    21.8
21515 201212  2.414 -155.0827   19.6450    24.1    17.1    20.6    20.0   319.6    10.9 C    31.7    16.2    21.6
21515 201301  2.414 -155.0827   19.6450    23.8    16.0    19.9    19.4   229.9    12.3 C    31.9    14.8    20.8
21515 201302  2.414 -155.0827   19.6450    22.5    15.6    19.0    18.4 -9999.0    12.0 C    31.4    14.9    20.3
21515 201303  2.414 -155.0827   19.6450    23.9    16.2    20.0    19.5 -9999.0    13.7 C    32.8    15.5    21.4
21515 201304  2.424 -155.0827   19.6450    25.2    17.0    21.1    20.8    84.7    16.5 C    36.3    15.7    22.9
21515 201305  2.424 -155.0827   19.6450    25.8    18.0    21.9    21.5   266.7    16.0 C    37.8    17.4    24.0
21515 201306  2.424 -155.0827   19.6450    25.6    17.9    21.8    21.3   137.8    17.1 C    37.6    17.3    24.1
21515 201307  2.424 -155.0827   19.6450    26.2    18.9    22.5    22.0   172.6    16.5 C    37.9    18.5    24.8
21515 201308  2.424 -155.0827   19.6450    26.4    18.9    22.7    22.2   192.2    16.2 C    37.7    18.3    24.7
21515 201309  2.424 -155.0827   19.6450    27.3    18.2    22.8    22.2   120.4    18.1 C    40.1    17.3    24.8
21515 201310  2.424 -155.0827   19.6450    26.7    18.7    22.7    22.1   140.8    13.9 C    37.8    18.1    24.3
21515 201311  2.424 -155.0827   19.6450    25.3    18.0    21.7    21.2   263.5    11.0 C    34.2    16.8    22.5
21515 201312  2.424 -155.0827   19.6450    24.9    17.0    20.9    20.3   730.6    11.0 C    34.1    15.5    21.5
21515 201401  2.424 -155.0827   19.6450    25.0    15.5    20.2    19.7   172.7    13.7 C    35.3    13.5    20.8
21515 201402  2.424 -155.0827   19.6450    25.6    17.7    21.7    21.2    89.0    13.9 C    36.5    16.0    23.0
21515 201403  2.424 -155.0827   19.6450    24.4    17.1    20.7    20.2   506.5    13.5 C    34.6    16.1    22.1
21515 201404  2.424 -155.0827   19.6450    24.6    17.6    21.1    20.5   449.6    15.9 C    35.7    17.0    22.9
21515 201405  2.424 -155.0827   19.6450    26.9    18.1    22.5    22.0   230.2    18.5 C    39.5    16.8    24.4
21515 201406  2.424 -155.0827   19.6450    25.9    17.9    21.9    21.4   208.5    17.2 C    36.9    17.2    24.0
21515 201407  2.424 -155.0827   19.6450    26.2    19.3    22.8    22.4   482.4    14.8 C    35.7    18.7    24.7
21515 201408  2.424 -155.0827   19.6450    27.0    19.4    23.2    22.7   349.0    17.3 C    38.0    18.8    25.2
21515 201409  2.424 -155.0827   19.6450    28.3    19.1    23.7    23.3   128.0    18.1 C    42.0    17.9    25.8
21515 201410  2.424 -155.0827   19.6450    27.2    19.3    23.2    22.6   410.3    13.9 C    37.9    18.4    24.6
21515 201411  2.424 -155.0827   19.6450    25.2    18.5    21.9    21.3   329.4    10.2 C    32.7    17.6    22.8
21515 201412  2.424 -155.0827   19.6450    24.3    16.6    20.5    19.9   142.1    10.8 C    32.7    15.1    21.1
21515 201501  2.424 -155.0827   19.6450    25.2    15.9    20.5    20.1   146.1    12.1 C    37.5    13.2    21.4
21515 201502  2.424 -155.0827   19.6450    26.7    16.9    21.8    21.2   118.9    14.6 C    41.1    14.1    22.9
21515 201503  2.424 -155.0827   19.6450    24.1    16.7    20.4    19.8   206.0    13.5 C    36.9    15.5    22.0
21515 201504  2.424 -155.0827   19.6450    24.9    17.8    21.3    20.7   484.9    15.1 C    36.6    17.0    23.2
21515 201505  2.424 -155.0827   19.6450    24.4    17.6    21.0    20.4   303.1    13.6 C    35.5    17.1    22.9
21515 201506  2.424 -155.0827   19.6450    26.4    18.9    22.6    22.2   219.4    16.8 C    38.9    18.3    24.9
21515 201507  2.424 -155.0827   19.6450    27.7    20.1    23.9    23.4   307.9    17.7 C    40.3    19.7    26.3
21515 201508  2.424 -155.0827   19.6450    27.9    21.0    24.5    24.0   597.9    15.7 C    38.8    20.7    26.4
21515 201509  2.424 -155.0827   19.6450    27.6    20.7    24.2    23.5   772.2    13.1 C    39.2    20.3    25.8
21515 201510  2.424 -155.0827   19.6450    27.4    19.6    23.5    23.1   461.0    14.4 C    38.7    18.8    25.2
21515 201511  2.424 -155.0827   19.6450    25.7    19.0    22.3    21.8   841.5    10.8 C    34.1    18.4    23.4
21515 201512  2.424 -155.0827   19.6450    25.0    17.3    21.1    20.5   507.4    11.6 C    34.2    16.2    22.1
21515 201601  2.424 -155.0827   19.6450    25.6    15.8    20.7    20.2    39.5    14.8 C    37.4    13.6    21.7
21515 201602  2.424 -155.0827   19.6450    25.2    15.7    20.5    20.1    70.2    15.3 C    39.3    13.3    22.1
21515 201603  2.424 -155.0827   19.6450    25.4    17.0    21.2    20.6   150.7    14.9 C    39.1    15.3    22.8
21515 201604  2.424 -155.0827   19.6450    25.5    18.2    21.8    21.2   335.4    16.9 C    38.3    17.5    24.1
21515 201605  2.424 -155.0827   19.6450    26.0    18.1    22.0    21.5   252.0    17.2 C    39.7    17.2    24.5
21515 201606  2.424 -155.0827   19.6450    25.6    18.9    22.2    21.8   370.0    14.0 C    37.0    18.3    24.4
21515 201607  2.424 -155.0827   19.6450    26.9    19.6    23.3    22.9   298.0    16.5 C    39.0    19.1    25.6
21515 201608  2.424 -155.0827   19.6450    26.6    20.0    23.3    22.9   618.3    14.1 C    37.9    19.8    25.6
21515 201609  2.424 -155.0827   19.6450    26.8    19.6    23.2    22.7   320.4    14.3 C    37.8    19.2    25.2
21515 201610  2.424 -155.0827   19.6450    25.3    18.8    22.0    21.7   790.9    11.3 C    34.3    18.3    23.6
21515 201611  2.424 -155.0827   19.6450    24.8    17.6    21.2    20.7   342.6    11.7 C    34.8    16.3    22.5
21515 201612  2.424 -155.0827   19.6450    23.6    17.3    20.4    20.0   580.2     7.7 C    30.8    16.3    21.2
21515 201701  2.424 -155.0827   19.6450    23.7    16.1    19.9    19.4   344.6    12.0 C    33.7    14.4    20.9
21515 201702  2.424 -155.0827   19.6450    24.3    16.1    20.2    19.8    74.5    11.9 C    35.2    14.5    21.4
21515 201703  2.424 -155.0827   19.6450    26.4    17.3    21.8    21.3    93.1    17.5 C    40.2    15.5    23.9
21515 201704  2.424 -155.0827   19.6450    26.1    17.2    21.7    21.3   243.1    10.4 C    39.8    15.6    23.9
21515 201705  2.424 -155.0827   19.6450    26.2    17.8    22.0    21.6   259.3     0.0 C    40.2    16.4    24.5
21515 201706  2.424 -155.0827   19.6450    27.0    18.7    22.8    22.4   102.9    17.1 C    41.3    17.6    25.7
21515 201707  2.424 -155.0827   19.6450    27.1    19.4    23.2    22.8   206.9    17.7 C    39.9    18.7    25.7
