96408 201508  2.515 -150.8747   63.4520 -9999.0 -9999.0 -9999.0 -9999.0 -9999.0 -9999.0 U -9999.0 -9999.0 -9999.0
96408 201509  2.515 -150.8747   63.4520     6.5    -0.2     3.2     3.0   128.5     6.2 C    11.3    -3.1     2.7
96408 201510  2.515 -150.8747   63.4520     2.2    -5.9    -1.9    -2.1    35.2     3.9 C     0.0    -9.1    -4.5
96408 201511  2.515 -150.8747   63.4520 -9999.0 -9999.0 -9999.0 -9999.0 -9999.0 -9999.0 U -9999.0 -9999.0 -9999.0
96408 201512  2.515 -150.8747   63.4520 -9999.0 -9999.0 -9999.0 -9999.0 -9999.0 -9999.0 U -9999.0 -9999.0 -9999.0
96408 201601  2.515 -150.8747   63.4520 -9999.0 -9999.0 -9999.0 -9999.0 -9999.0 -9999.0 U -9999.0 -9999.0 -9999.0
96408 201602  2.515 -150.8747   63.4520    -1.0   -12.5    -6.7    -6.3     2.2     3.6 C    -7.0   -19.3   -12.9
96408 201603  2.515 -150.8747   63.4520    -3.3   -12.2    -7.8    -7.6    23.5     9.0 C    -5.6   -18.3   -11.5
96408 201604  2.515 -150.8747   63.4520     7.2    -2.8     2.2     2.3     2.8    17.2 C    11.1    -8.0     0.6
96408 201605  2.515 -150.8747   63.4520    13.1     2.1     7.6     7.8    64.8    17.4 C    27.8    -2.8     9.4
96408 201606  2.515 -150.8747   63.4520    16.6     7.2    11.9    11.6   104.8    16.2 C    27.8     3.6    12.9
96408 201607  2.515 -150.8747   63.4520    16.4     9.1    12.8    12.4   225.8    11.2 C    23.7     7.1    13.1
96408 201608  2.515 -150.8747   63.4520    17.3     7.6    12.4    12.0    83.2    12.9 C    26.6     3.5    12.5
96408 201609  2.515 -150.8747   63.4520    10.6     1.5     6.0     5.8    66.9     7.6 C    16.9    -1.9     5.4
96408 201610  2.515 -150.8747   63.4520     4.1    -5.9    -0.9    -1.0    23.2     4.3 C     4.4   -11.8    -4.6
96408 201611  2.515 -150.8747   63.4520    -6.6   -18.1   -12.4   -12.0    12.8     1.0 C    -9.5   -22.2   -15.7
96408 201612  2.515 -150.8747   63.4520    -9.0   -18.9   -13.9   -13.3    25.2     0.1 C   -12.3   -25.4   -17.9
96408 201701  2.515 -150.8747   63.4520    -9.1   -19.2   -14.1   -13.5    25.0     0.4 C   -13.6   -26.4   -18.8
96408 201702  2.515 -150.8747   63.4520 -9999.0 -9999.0 -9999.0 -9999.0 -9999.0 -9999.0 U -9999.0 -9999.0 -9999.0
96408 201703  2.515 -150.8747   63.4520   -12.7   -21.3   -17.0   -16.6     7.6    10.1 C   -13.7   -30.7   -22.4
96408 201704  2.515 -150.8747   63.4520     4.0    -4.8    -0.4    -0.1    13.6    16.7 C     4.3   -10.0    -3.1
96408 201705  2.515 -150.8747   63.4520    11.1     0.7     5.9     5.9   113.3    16.5 C    24.8    -4.6     6.5
96408 201706  2.515 -150.8747   63.4520    17.5     7.0    12.2    12.5    56.0    17.9 C    30.9     0.9    13.5
96408 201707  2.515 -150.8747   63.4520    19.0    10.0    14.5    14.2   143.8    14.0 C    28.1     6.6    14.7
