04237 200609  1.301 -123.8120   47.5139 -9999.0 -9999.0 -9999.0 -9999.0 -9999.0 -9999.0 U -9999.0 -9999.0 -9999.0
04237 200610  1.301 -123.8120   47.5139    14.7     5.5    10.1     9.2   132.1     8.1 R    24.5     5.4    10.8
04237 200611  1.301 -123.8120   47.5139     7.8     3.3     5.5     5.4  1316.9     1.5 R    11.2     2.4     5.4
04237 200612  1.301 -123.8120   47.5139     6.6     1.5     4.1     3.8   504.6     1.7 R    10.7     0.5     3.0
04237 200701  1.301 -123.8120   47.5139     5.3    -0.2     2.5     2.0   854.0     2.8 R    10.7    -1.9     1.2
04237 200702  1.301 -123.8120   47.5139     8.3     2.5     5.4     4.9   435.2     4.0 R    14.8     2.0     5.4
04237 200703  1.301 -123.8120   47.5139    10.4     3.2     6.8     6.6   693.6     6.8 R    19.1     3.5     8.3
04237 200704  1.301 -123.8120   47.5139    12.4     3.9     8.2     7.7   317.5    11.8 R    24.6     4.7    10.6
04237 200705  1.301 -123.8120   47.5139    17.2     5.0    11.1    10.6    99.0    19.0 R    31.1     6.4    15.7
04237 200706  1.302 -123.8120   47.5139    17.9     7.9    12.9    12.5   124.4    16.4 R    29.6     9.7    17.1
04237 200707  1.302 -123.8120   47.5139    22.5    11.3    16.9    16.2   189.9    18.1 R    33.9    12.7    20.7
04237 200708  1.302 -123.8120   47.5139    21.2    10.6    15.9    15.1    53.1    15.2 R    31.3    11.1    18.5
04237 200709  1.302 -123.8120   47.5139    18.3     8.5    13.4    12.7   152.1    10.9 R    25.7     8.8    14.9
04237 200710  1.302 -123.8120   47.5139    13.0     5.1     9.1     8.5   490.8     5.7 R    18.3     5.1     9.4
04237 200711  1.302 -123.8120   47.5139     8.9     2.3     5.6     5.0   317.7     3.4 R    13.1     1.9     5.2
04237 200712  1.302 -123.8120   47.5139 -9999.0 -9999.0 -9999.0 -9999.0 -9999.0 -9999.0 U -9999.0 -9999.0 -9999.0
04237 200801  1.302 -123.8120   47.5139     4.2    -0.5     1.9     1.4   541.5     2.5 R     8.3    -0.5     2.1
04237 200802  1.302 -123.8120   47.5139     7.9     0.7     4.3     3.3   361.3     5.3 R    14.2     1.5     5.2
04237 200803  1.302 -123.8120   47.5139     8.0     0.6     4.3     3.7   318.9     7.6 R    16.8     2.0     6.6
04237 200804  1.302 -123.8120   47.5139    10.7     1.2     6.0     5.6   154.0    12.6 R    21.8     2.8     9.5
04237 200805  1.302 -123.8120   47.5139    15.9     6.0    11.0    10.6    50.8    14.1 R    27.3     7.8    14.8
04237 200806  1.302 -123.8120   47.5139    17.4     7.2    12.3    11.7   127.2    16.8 R    29.9     8.9    16.5
04237 200807  1.302 -123.8120   47.5139    21.9     9.3    15.6    14.5    83.3    19.5 R    34.9    10.6    19.5
04237 200808  1.302 -123.8120   47.5139    20.6    10.8    15.7    14.9   255.3    13.6 R    29.2    11.5    17.8
04237 200809  1.302 -123.8120   47.5139    20.3     8.9    14.6    13.4    81.1    12.7 R    28.6     8.8    15.8
04237 200810  1.302 -123.8120   47.5139    13.8     5.5     9.6     9.0   296.1     6.4 R    18.6     5.0     9.9
04237 200811  1.302 -123.8120   47.5139    11.3     5.1     8.2     7.8   718.9     2.6 R    13.0     4.5     7.7
04237 200812  1.302 -123.8120   47.5139     4.0     0.0     2.0     1.9   343.4     1.8 R     6.0    -1.5     1.5
04237 200901  1.302 -123.8120   47.5139     4.9    -0.7     2.1     1.3   578.7     3.3 R     7.6    -2.2     0.5
04237 200902  1.302 -123.8120   47.5139     9.2     0.3     4.8     4.0   129.6     5.7 R    13.1    -0.9     3.8
04237 200903  1.302 -123.8120   47.5139     7.8     0.4     4.1     3.5   318.1     8.1 R    13.2    -0.1     4.6
04237 200904  1.302 -123.8120   47.5139    13.8     2.3     8.0     7.4   192.4    14.5 R    22.6     2.2     9.8
04237 200905  1.302 -123.8120   47.5139    16.9     5.1    11.0    10.5   234.6    17.2 R    25.7     5.7    13.8
04237 200906  1.302 -123.8120   47.5139    21.1     8.6    14.8    14.4    24.8    19.4 R    33.0     9.4    19.1
04237 200907  1.302 -123.8120   47.5139    24.8    11.3    18.1    16.9    31.0    19.9 R    34.9    12.3    21.3
04237 200908  1.302 -123.8120   47.5139    22.1    11.4    16.7    15.6    49.7    13.9 R    30.1    12.2    18.6
04237 200909  1.302 -123.8120   47.5139    20.4     9.2    14.8    13.5   162.9    11.7 R    26.6     9.0    15.3
04237 200910  1.302 -123.8120   47.5139    14.1     5.9    10.0     9.4   579.1     6.6 R    19.3     6.0    10.8
04237 200911  1.302 -123.8120   47.5139     8.7     3.6     6.2     6.0   962.0     2.1 R    16.5     9.2    12.2
04237 200912  1.302 -123.8120   47.5139     5.1    -0.9     2.1     1.4   270.1     2.5 R    12.2     3.0     6.2
04237 201001  1.302 -123.8120   47.5139     9.7     5.2     7.5     7.3   680.8     1.9 R    18.9    12.7    15.3
04237 201002  1.302 -123.8120   47.5139    10.7     3.5     7.1     6.3   367.9     5.1 R    16.7     5.9     9.9
04237 201003  1.302 -123.8120   47.5139    11.4     2.3     6.8     6.1   321.7     9.2 R    17.1     2.5     8.0
04237 201004  1.302 -123.8120   47.5139    11.9     3.8     7.9     7.2   389.1    11.0 R    18.6     4.3     9.3
04237 201005  1.302 -123.8120   47.5139    14.5     5.0     9.8     9.2   313.8    15.3 R    23.2     5.6    12.2
04237 201006  1.302 -123.8120   47.5139    17.3     8.0    12.6    12.4   133.8    13.8 R    26.5     8.9    16.0
04237 201007  1.302 -123.8120   47.5139    22.8     9.6    16.2    14.9     9.9 -9999.0 R    33.9    10.8    19.5
04237 201008  1.302 -123.8120   47.5139    23.0    10.2    16.6    15.2    75.4 -9999.0 R    32.1    10.8    18.6
04237 201009  1.302 -123.8120   47.5139    18.8    10.6    14.7    14.0   291.0     8.6 R    24.3    10.8    15.8
04237 201010  2.302 -123.8120   47.5139    14.8     6.5    10.7     9.9   537.9     6.3 R    17.8     5.9    10.5
04237 201011  2.302 -123.8120   47.5139     7.9     2.4     5.2     4.9   407.1     2.4 R    10.5     2.3     5.7
04237 201012  2.302 -123.8120   47.5139     7.1     2.3     4.7     4.4   845.9     1.6 R     9.9     2.8     5.7
04237 201101  2.302 -123.8120   47.5139     6.6     1.8     4.2     4.0   857.6     1.9 R    51.1    24.2    36.9
04237 201102  2.302 -123.8120   47.5139     5.9     0.5     3.2     2.6   331.1     4.0 R    56.7    17.2    32.5
04237 201103  2.302 -123.8120   47.5139     8.6     2.3     5.4     5.0   685.4     5.2 R    48.0    22.0    33.0
04237 201104  2.302 -123.8120   47.5139     9.9     1.1     5.5     5.1   399.2    10.1 R    38.5    10.8    21.9
04237 201105  2.302 -123.8120   47.5139    14.0     4.8     9.4     9.1   250.1    13.4 R    25.6     6.0    13.7
04237 201106  2.302 -123.8120   47.5139    17.7     8.4    13.1    12.7    48.4    15.9 R    27.9     9.5    16.8
04237 201107  2.302 -123.8120   47.5139    21.3     9.7    15.5    14.8    78.7    18.5 R    29.8     9.7    17.8
04237 201108  2.403 -123.8120   47.5139    22.6    10.5    16.6    15.4    63.9    17.5 R    30.8    10.4    18.2
04237 201109  2.403 -123.8120   47.5139    21.3    10.1    15.7    14.5   216.1    11.7 R    27.3    10.0    16.5
04237 201110  2.403 -123.8120   47.5139    13.9     6.1    10.0     9.3   344.1     6.0 R    18.0     5.9    10.2
04237 201111  2.403 -123.8120   47.5139     8.2     1.3     4.8     4.3   481.1     2.8 R    10.6     0.9     4.6
04237 201112  2.403 -123.8120   47.5139     6.1     0.3     3.2     2.8   379.0     2.5 R     9.3    -0.2     3.1
04237 201201  2.403 -123.8120   47.5139     5.7     0.9     3.3     3.0 -9999.0     1.7 R     7.3     0.4     3.1
04237 201202  2.403 -123.8120   47.5139     8.2     2.2     5.2     4.6   417.1     3.9 R    11.2     2.1     5.1
04237 201203  2.403 -123.8120   47.5139     7.7     1.0     4.3     3.8   595.5     6.3 R    11.4     0.9     4.7
04237 201204  2.403 -123.8120   47.5139    13.4     4.0     8.7     8.2   278.6    11.8 R    18.9     4.1     9.9
04237 201205  2.403 -123.8120   47.5139    16.5     5.1    10.8    10.4   149.1    16.7 R    23.0     5.5    13.0
04237 201206  2.403 -123.8120   47.5139 -9999.0 -9999.0 -9999.0 -9999.0 -9999.0 -9999.0 U -9999.0 -9999.0 -9999.0
04237 201207  2.403 -123.8120   47.5139    20.8    10.7    15.8    14.6    58.4    16.9 R    27.9    11.5    17.6
04237 201208  2.403 -123.8120   47.5139    23.9    10.7    17.3    15.9    18.8    16.8 R    30.6    11.3    18.8
04237 201209  2.413 -123.8120   47.5139    21.9     8.6    15.2    13.8    25.5    13.4 R    27.9     8.5    15.9
04237 201210  2.413 -123.8120   47.5139    14.5     6.3    10.4     9.8   723.7     5.8 C    18.0     6.2    10.8
04237 201211  2.413 -123.8120   47.5139     9.7     4.2     7.0     6.6   623.5     2.4 C    11.7     4.1     7.0
04237 201212  2.413 -123.8120   47.5139     5.2     1.6     3.4     3.2   645.7     1.3 C     6.4     1.6     3.5
04237 201301  2.413 -123.8120   47.5139     5.5     0.3     2.9     2.4   340.3     2.8 C     8.5    -0.1     2.8
04237 201302  2.413 -123.8120   47.5139     7.3     1.5     4.4     4.1   351.4     3.9 C    10.2     1.4     4.8
04237 201303  2.413 -123.8120   47.5139    10.8     2.6     6.7     6.1   481.8     8.1 C    15.0     2.6     7.4
04237 201304  2.413 -123.8120   47.5139    12.7     4.2     8.4     8.0   360.8    11.5 C    17.6     4.3     9.7
04237 201305  2.413 -123.8120   47.5139    17.0     7.5    12.2    11.5   222.2    14.8 C    22.6     7.8    13.8
04237 201306  2.413 -123.8120   47.5139    19.7     9.5    14.6    14.0   150.6    17.4 C    26.0     9.7    16.5
04237 201307  2.413 -123.8120   47.5139    23.4    10.2    16.8    15.5     0.4    21.1 C    30.8    10.2    18.5
04237 201308  2.413 -123.8120   47.5139    23.2    12.0    17.6    16.3    97.4    14.9 C    29.4    12.1    18.6
04237 201309  2.423 -123.8120   47.5139    19.9    11.0    15.4    14.4   301.6     9.4 C    25.3    10.9    15.9
04237 201310  2.423 -123.8120   47.5139    15.4     5.2    10.3     9.2   107.3     8.5 C    20.0     4.1    10.0
04237 201311  2.423 -123.8120   47.5139     9.8     3.1     6.4     6.0   376.6     3.1 C    11.1     1.9     5.6
04237 201312  2.423 -123.8120   47.5139     5.1    -0.6     2.2     1.9   224.1     2.1 C     5.8    -2.5     1.1
04237 201401  2.423 -123.8120   47.5139     8.1     1.8     4.9     4.5   442.4     2.7 C     9.1     0.1     3.6
04237 201402  2.423 -123.8120   47.5139     7.3     0.8     4.0     3.6   485.6     4.4 C    10.1    -0.4     3.6
04237 201403  2.423 -123.8120   47.5139    11.0     3.8     7.4     7.0   792.7     7.5 C    16.3     3.4     8.1
04237 201404  2.423 -123.8120   47.5139    13.9     4.2     9.1     8.6   410.8    12.9 C    22.2     3.9    10.9
04237 201405  2.423 -123.8120   47.5139    18.2     7.5    12.8    12.4   287.7    17.3 C    29.4     7.6    16.1
04237 201406  2.423 -123.8120   47.5139    19.8     9.0    14.4    13.7    80.1    18.5 C    33.3     9.6    18.4
04237 201407  2.423 -123.8120   47.5139    24.4    11.6    18.0    16.6    22.2    19.5 C    35.8    11.9    21.1
04237 201408  2.423 -123.8120   47.5139    25.4    11.9    18.6    17.1    30.4    16.9 C    35.0    11.9    20.5
04237 201409  2.423 -123.8120   47.5139    22.5    10.9    16.7    15.5   200.9    12.0 C    28.6     9.8    16.8
04237 201410  2.423 -123.8120   47.5139    16.5     9.5    13.0    12.3   577.1     5.3 C    20.0     8.6    12.9
04237 201411  2.423 -123.8120   47.5139    10.4     3.2     6.8     6.2   674.4     3.4 C    11.3     1.4     5.3
04237 201412  2.423 -123.8120   47.5139     8.6     3.6     6.1     5.7   501.0     1.9 C     8.9     2.1     4.8
04237 201501  2.423 -123.8120   47.5139     9.8     3.2     6.5     5.9   514.0     3.2 C    10.9     1.5     5.0
04237 201502  2.423 -123.8120   47.5139    12.5     4.9     8.7     8.1   289.3     5.8 C    15.1     3.7     8.1
04237 201503  2.423 -123.8120   47.5139    13.3     4.8     9.0     8.3   474.7     8.3 C    18.1     3.8     9.1
04237 201504  2.423 -123.8120   47.5139    14.0     3.4     8.7     7.9   153.7    13.7 C    23.2     2.6    10.1
04237 201505  2.423 -123.8120   47.5139    18.2     8.1    13.2    12.2    49.7    16.6 C    30.8     8.7    16.6
04237 201506  2.423 -123.8120   47.5139    24.1     9.6    16.8    15.9    16.2    22.8 C    39.4     9.7    21.7
04237 201507  2.423 -123.8120   47.5139    25.9    11.9    18.9    17.8    41.9    20.2 C    39.2    12.3    22.8
04237 201508  2.423 -123.8120   47.5139    25.7    11.4    18.6    17.3   171.3    16.3 C    36.5    11.0    20.6
04237 201509  2.423 -123.8120   47.5139    19.6     8.8    14.2    13.3   174.9    11.5 C    26.2     8.3    15.0
04237 201510  2.423 -123.8120   47.5139    17.0     8.7    12.9    12.2   453.1     5.8 C    20.0     7.8    12.6
04237 201511  2.423 -123.8120   47.5139     8.4     2.0     5.2     4.7 -9999.0     3.2 C    10.1     0.4     4.2
04237 201512  2.423 -123.8120   47.5139     6.5     2.4     4.5     4.3   953.8     1.2 C     6.8     1.2     3.7
04237 201601  2.423 -123.8120   47.5139     8.1     2.6     5.3     5.1   646.5     2.1 C     9.1     1.1     4.4
04237 201602  2.423 -123.8120   47.5139    10.8     4.4     7.6     7.2   562.9     3.9 C    13.1     3.5     7.2
04237 201603  2.423 -123.8120   47.5139    11.5     3.9     7.7     7.1   631.6     6.8 C    16.3     3.1     7.9
04237 201604  2.423 -123.8120   47.5139    17.4     6.1    11.8    10.9   125.2    12.9 C    27.5     5.5    13.4
04237 201605  2.423 -123.8120   47.5139    19.0     7.3    13.1    12.6    77.2    15.2 C    31.0     7.0    16.4
04237 201606  2.423 -123.8120   47.5139    20.5     9.2    14.9    14.1   112.4    18.1 C    33.8     9.4    18.6
04237 201607  2.423 -123.8120   47.5139    21.7    11.5    16.6    15.9    68.2    16.8 C    33.8    11.8    20.2
04237 201608  2.423 -123.8120   47.5139    25.0    11.3    18.2    16.9    46.6    15.5 C    35.8    10.6    20.2
04237 201609  2.423 -123.8120   47.5139    19.8     9.2    14.5    13.4   182.7    12.0 C    26.3     8.5    15.1
04237 201610  2.423 -123.8120   47.5139    13.7     8.3    11.0    10.4   917.5     3.8 C    16.1     7.7    10.8
04237 201611  2.423 -123.8120   47.5139    11.0     6.3     8.6     8.5   753.2     2.2 C    12.6     5.3     8.4
04237 201612  2.423 -123.8120   47.5139     3.6    -0.4     1.6     1.4   413.3     1.9 C     3.6    -2.7     0.2
04237 201701  2.423 -123.8120   47.5139     6.0    -0.4     2.8     2.2   311.1     3.0 C     6.8    -2.8     0.9
04237 201702  2.423 -123.8120   47.5139     7.4     1.2     4.3     3.7   469.1     4.9 C    10.3    -0.2     3.5
04237 201703  2.423 -123.8120   47.5139     8.2     2.7     5.5     5.2   858.8     5.0 C    11.3     2.0     5.6
04237 201704  2.423 -123.8120   47.5139    11.7     4.2     8.0     7.5   484.2     9.7 C    18.7     3.8     9.2
04237 201705  2.423 -123.8120   47.5139    17.7     6.9    12.3    11.7   181.4    17.0 C    29.1     6.6    15.1
04237 201706  2.423 -123.8120   47.5139    20.4     9.0    14.7    14.1   144.9    19.4 C    32.7     8.9    18.1
04237 201707  2.423 -123.8120   47.5139    24.3     9.3    16.8    15.8     7.4    22.9 C    38.6     8.7    20.8
