63868 200605  5.002  -87.3462   34.6602 -9999.0 -9999.0 -9999.0 -9999.0 -9999.0 -9999.0 U -9999.0 -9999.0 -9999.0
63868 200606  5.002  -87.3462   34.6602    30.8    17.9    24.3    24.3    40.1 -9999.0 U -9999.0 -9999.0 -9999.0
63868 200607  5.002  -87.3462   34.6602    33.9    21.3    27.6    27.2    53.0 -9999.0 U -9999.0 -9999.0 -9999.0
63868 200608  5.002  -87.3462   34.6602    33.9    21.7    27.8    27.3    33.7 -9999.0 U -9999.0 -9999.0 -9999.0
63868 200609  5.002  -87.3462   34.6602    28.0    14.9    21.4    21.3   101.8 -9999.0 U -9999.0 -9999.0 -9999.0
63868 200610  5.002  -87.3462   34.6602    21.4     7.8    14.6    14.7   111.1 -9999.0 U -9999.0 -9999.0 -9999.0
63868 200611  5.002  -87.3462   34.6602    16.8     3.5    10.2     9.8   143.1 -9999.0 U -9999.0 -9999.0 -9999.0
63868 200612  5.002  -87.3462   34.6602    13.6     0.8     7.2     6.9    87.5 -9999.0 U -9999.0 -9999.0 -9999.0
63868 200701  5.002  -87.3462   34.6602    10.7     0.7     5.7     6.0    87.1 -9999.0 U -9999.0 -9999.0 -9999.0
63868 200702  5.002  -87.3462   34.6602    11.4    -1.6     4.9     4.9 -9999.0 -9999.0 U -9999.0 -9999.0 -9999.0
63868 200703  5.002  -87.3462   34.6602    22.0     7.2    14.6    14.9    17.7 -9999.0 U -9999.0 -9999.0 -9999.0
63868 200704  5.002  -87.3462   34.6602    20.8     7.7    14.3    14.5   101.6 -9999.0 U -9999.0 -9999.0 -9999.0
63868 200705  5.002  -87.3462   34.6602    28.5    14.1    21.3    21.7    13.4 -9999.0 U -9999.0 -9999.0 -9999.0
63868 200706  5.002  -87.3462   34.6602    32.6    18.4    25.5    25.3    71.6 -9999.0 U -9999.0 -9999.0 -9999.0
63868 200707  5.002  -87.3462   34.6602    30.2    20.6    25.4    25.1   116.1 -9999.0 U -9999.0 -9999.0 -9999.0
63868 200708  5.002  -87.3462   34.6602    35.8    22.3    29.1    28.8    48.5 -9999.0 U -9999.0 -9999.0 -9999.0
63868 200709  5.002  -87.3462   34.6602    29.8    17.2    23.5    23.3    42.3 -9999.0 U -9999.0 -9999.0 -9999.0
63868 200710  5.002  -87.3462   34.6602    24.7    11.2    18.0    18.0    68.5 -9999.0 U -9999.0 -9999.0 -9999.0
63868 200711  5.002  -87.3462   34.6602    17.3     3.1    10.2    10.2   119.6 -9999.0 U -9999.0 -9999.0 -9999.0
63868 200712  5.002  -87.3462   34.6602    14.7     3.4     9.0     9.0    42.1 -9999.0 U -9999.0 -9999.0 -9999.0
63868 200801  5.002  -87.3462   34.6602     8.9    -1.8     3.5     3.9    63.6 -9999.0 U -9999.0 -9999.0 -9999.0
63868 200802  5.002  -87.3462   34.6602    13.8     1.1     7.4     7.5    81.6 -9999.0 U -9999.0 -9999.0 -9999.0
63868 200803  5.002  -87.3462   34.6602    17.9     4.5    11.2    11.3   110.5 -9999.0 U -9999.0 -9999.0 -9999.0
63868 200804  5.002  -87.3462   34.6602    21.6     9.1    15.3    15.4    88.2 -9999.0 U -9999.0 -9999.0 -9999.0
63868 200805  5.002  -87.3462   34.6602    25.6    14.1    19.9    20.1   209.9 -9999.0 U -9999.0 -9999.0 -9999.0
63868 200806  5.002  -87.3462   34.6602    30.9    19.0    24.9    24.9    49.0 -9999.0 U -9999.0 -9999.0 -9999.0
63868 200807  5.002  -87.3462   34.6602    32.8    20.1    26.4    26.1    75.7 -9999.0 U -9999.0 -9999.0 -9999.0
63868 200808  5.002  -87.3462   34.6602    30.9    19.5    25.2    24.9   119.6 -9999.0 U -9999.0 -9999.0 -9999.0
63868 200809  5.002  -87.3462   34.6602    28.2    16.8    22.5    22.1    15.1 -9999.0 U -9999.0 -9999.0 -9999.0
63868 200810  5.002  -87.3462   34.6602    22.2     8.9    15.6    15.4    62.7 -9999.0 U -9999.0 -9999.0 -9999.0
63868 200811  5.002  -87.3462   34.6602    15.0     1.5     8.3     8.2    67.7 -9999.0 U -9999.0 -9999.0 -9999.0
63868 200812  5.002  -87.3462   34.6602    11.9     1.4     6.7     6.6   272.5 -9999.0 U -9999.0 -9999.0 -9999.0
63868 200901  5.002  -87.3462   34.6602    10.1    -1.5     4.3     4.4   162.2 -9999.0 U -9999.0 -9999.0 -9999.0
63868 200902  5.002  -87.3462   34.6602    13.6     0.8     7.2     7.3    90.6 -9999.0 U -9999.0 -9999.0 -9999.0
63868 200903  5.002  -87.3462   34.6602    17.6     6.0    11.8    11.8   172.0 -9999.0 U -9999.0 -9999.0 -9999.0
63868 200904  5.002  -87.3462   34.6602    21.3     8.4    14.9    15.1    87.0 -9999.0 U -9999.0 -9999.0 -9999.0
63868 200905  5.102  -87.3462   34.6602    24.9    15.6    20.2    20.0   251.1 -9999.0 U -9999.0 -9999.0 -9999.0
63868 200906  5.102  -87.3462   34.6602    31.4    19.2    25.3    25.5   106.9 -9999.0 U -9999.0 -9999.0 -9999.0
63868 200907  5.102  -87.3462   34.6602    29.6    19.2    24.4    24.4   140.1 -9999.0 U -9999.0 -9999.0 -9999.0
63868 200908  5.102  -87.3462   34.6602    30.0    19.6    24.8    24.5    60.6 -9999.0 U -9999.0 -9999.0 -9999.0
63868 200909  5.102  -87.3462   34.6602    26.9    18.0    22.5    22.1   270.7 -9999.0 U -9999.0 -9999.0 -9999.0
63868 200910  5.102  -87.3462   34.6602    20.0     9.7    14.9    14.9   278.6 -9999.0 U -9999.0 -9999.0 -9999.0
63868 200911  5.102  -87.3462   34.6602    17.6     4.3    10.9    10.4    84.9 -9999.0 U -9999.0 -9999.0 -9999.0
63868 200912  5.102  -87.3462   34.6602     9.7    -0.1     4.8     4.8   211.1 -9999.0 U -9999.0 -9999.0 -9999.0
63868 201001  5.102  -87.3462   34.6602     6.7    -3.4     1.6     1.6   143.9 -9999.0 U -9999.0 -9999.0 -9999.0
63868 201002  5.102  -87.3462   34.6602     7.4    -2.3     2.6     2.3    86.4 -9999.0 U -9999.0 -9999.0 -9999.0
63868 201003  5.102  -87.3462   34.6602    15.2     3.6     9.4     9.3   119.1 -9999.0 U -9999.0 -9999.0 -9999.0
63868 201004  5.102  -87.3462   34.6602    24.3     9.5    16.9    17.2    73.1 -9999.0 U -9999.0 -9999.0 -9999.0
63868 201005  5.102  -87.3462   34.6602    27.1    15.8    21.5    21.4   123.5 -9999.0 U -9999.0 -9999.0 -9999.0
63868 201006  5.102  -87.3462   34.6602    31.7    21.0    26.3    26.0   109.7 -9999.0 U -9999.0 -9999.0 -9999.0
63868 201007  5.102  -87.3462   34.6602    32.8    21.9    27.4    27.0   101.6 -9999.0 U -9999.0 -9999.0 -9999.0
63868 201008  5.102  -87.3462   34.6602    33.4    22.1    27.7    27.2    56.7 -9999.0 U -9999.0 -9999.0 -9999.0
63868 201009  5.102  -87.3462   34.6602    31.3    15.9    23.6    23.3    47.8 -9999.0 U -9999.0 -9999.0 -9999.0
63868 201010  5.102  -87.3462   34.6602    24.8     7.9    16.3    15.8   138.2 -9999.0 U -9999.0 -9999.0 -9999.0
63868 201011  5.102  -87.3462   34.6602    17.6     3.9    10.7    10.5   125.3 -9999.0 U -9999.0 -9999.0 -9999.0
63868 201012  5.102  -87.3462   34.6602     7.9    -2.0     3.0     2.7    77.0 -9999.0 U -9999.0 -9999.0 -9999.0
63868 201101  5.102  -87.3462   34.6602     7.5    -2.9     2.3     2.3   108.3 -9999.0 U -9999.0 -9999.0 -9999.0
63868 201102  5.102  -87.3462   34.6602    13.9     1.2     7.5     7.8    39.7 -9999.0 U -9999.0 -9999.0 -9999.0
63868 201103  5.102  -87.3462   34.6602    17.0     5.7    11.4    11.5   204.8 -9999.0 U -9999.0 -9999.0 -9999.0
63868 201104  5.102  -87.3462   34.6602    23.9    10.8    17.4    17.8   278.4 -9999.0 U -9999.0 -9999.0 -9999.0
63868 201105  5.102  -87.3462   34.6602    26.0    13.9    19.9    20.1    86.1 -9999.0 U -9999.0 -9999.0 -9999.0
63868 201106  5.102  -87.3462   34.6602    32.4    19.8    26.1    25.9   133.5 -9999.0 U -9999.0 -9999.0 -9999.0
63868 201107  5.102  -87.3462   34.6602    32.3    22.1    27.2    26.8    44.5 -9999.0 U -9999.0 -9999.0 -9999.0
63868 201108  5.102  -87.3462   34.6602    32.5    20.1    26.3    25.9    87.6 -9999.0 U -9999.0 -9999.0 -9999.0
63868 201109  5.102  -87.3462   34.6602    26.0    14.4    20.2    20.2   172.8 -9999.0 U -9999.0 -9999.0 -9999.0
63868 201110  5.102  -87.3462   34.6602    22.2     7.3    14.8    14.3    37.2 -9999.0 U -9999.0 -9999.0 -9999.0
63868 201111  5.102  -87.3462   34.6602    17.4     5.0    11.2    11.5    78.3 -9999.0 U -9999.0 -9999.0 -9999.0
63868 201112  5.102  -87.3462   34.6602    12.9     1.1     7.0     7.1   165.3 -9999.0 U -9999.0 -9999.0 -9999.0
63868 201201  5.102  -87.3462   34.6602    14.1     1.4     7.8     8.0   147.7 -9999.0 U -9999.0 -9999.0 -9999.0
63868 201202  5.102  -87.3462   34.6602    14.5     2.3     8.4     8.7    70.0 -9999.0 U -9999.0 -9999.0 -9999.0
63868 201203  5.102  -87.3462   34.6602    23.1     9.9    16.5    16.7   149.1 -9999.0 U -9999.0 -9999.0 -9999.0
63868 201204  5.102  -87.3462   34.6602    23.7    10.4    17.0    17.2    42.8 -9999.0 U -9999.0 -9999.0 -9999.0
63868 201205  5.102  -87.3462   34.6602    28.3    15.5    21.9    21.9    49.6 -9999.0 U -9999.0 -9999.0 -9999.0
63868 201206  5.102  -87.3462   34.6602    31.4    17.3    24.3    24.8    34.8 -9999.0 U -9999.0 -9999.0 -9999.0
63868 201207  5.102  -87.3462   34.6602    32.9    21.9    27.4    26.8   215.0 -9999.0 U -9999.0 -9999.0 -9999.0
63868 201208  5.102  -87.3462   34.6602    30.2    19.6    24.9    24.5   107.8 -9999.0 U -9999.0 -9999.0 -9999.0
63868 201209  5.102  -87.3462   34.6602    27.4    14.8    21.1    20.9   125.8 -9999.0 U -9999.0 -9999.0 -9999.0
63868 201210  5.102  -87.3462   34.6602    21.2     8.8    15.0    14.7    64.3 -9999.0 U -9999.0 -9999.0 -9999.0
63868 201211  5.102  -87.3462   34.6602    16.5     0.8     8.7     8.3    34.5 -9999.0 U -9999.0 -9999.0 -9999.0
63868 201212  5.102  -87.3462   34.6602    14.4     3.2     8.8     8.6   152.3 -9999.0 U -9999.0 -9999.0 -9999.0
63868 201301  5.102  -87.3462   34.6602    11.7     2.1     6.9     6.7   183.8 -9999.0 U -9999.0 -9999.0 -9999.0
63868 201302  5.102  -87.3462   34.6602    12.1     0.9     6.5     6.6    64.8 -9999.0 U -9999.0 -9999.0 -9999.0
63868 201303  5.102  -87.3462   34.6602    13.7     1.4     7.5     7.9   153.9 -9999.0 U -9999.0 -9999.0 -9999.0
63868 201304  5.102  -87.3462   34.6602    21.5     8.6    15.0    15.3   164.5 -9999.0 U -9999.0 -9999.0 -9999.0
63868 201305  5.102  -87.3462   34.6602    24.9    13.6    19.2    19.4   112.0 -9999.0 U -9999.0 -9999.0 -9999.0
63868 201306  5.102  -87.3462   34.6602    29.8    19.0    24.4    24.3   151.6 -9999.0 U -9999.0 -9999.0 -9999.0
63868 201307  5.102  -87.3462   34.6602    29.0    20.0    24.5    24.3   250.3 -9999.0 U -9999.0 -9999.0 -9999.0
63868 201308  5.102  -87.3462   34.6602    29.5    19.6    24.5    24.0   101.4 -9999.0 U -9999.0 -9999.0 -9999.0
63868 201309  5.102  -87.3462   34.6602    28.4    16.4    22.4    22.2    87.7 -9999.0 U -9999.0 -9999.0 -9999.0
63868 201310  5.102  -87.3462   34.6602    22.7    10.4    16.6    16.4    36.7 -9999.0 U -9999.0 -9999.0 -9999.0
63868 201311  5.102  -87.3462   34.6602    14.3     2.1     8.2     8.3   101.3 -9999.0 U -9999.0 -9999.0 -9999.0
63868 201312  5.102  -87.3462   34.6602    11.1     0.8     6.0     5.9   143.5 -9999.0 U -9999.0 -9999.0 -9999.0
63868 201401  5.102  -87.3462   34.6602     7.6    -6.3     0.7     0.9    52.8 -9999.0 U -9999.0 -9999.0 -9999.0
63868 201402  5.102  -87.3462   34.6602    11.0    -0.5     5.2     5.2   139.5 -9999.0 U -9999.0 -9999.0 -9999.0
63868 201403  5.102  -87.3462   34.6602    16.0     1.8     8.9     9.1    53.9 -9999.0 U -9999.0 -9999.0 -9999.0
63868 201404  5.102  -87.3462   34.6602    22.3     8.8    15.5    15.9   184.8 -9999.0 U -9999.0 -9999.0 -9999.0
63868 201405  5.102  -87.3462   34.6602    26.5    14.3    20.4    20.4   125.7 -9999.0 U -9999.0 -9999.0 -9999.0
63868 201406  5.102  -87.3462   34.6602    29.6    19.6    24.6    24.2   181.0 -9999.0 U -9999.0 -9999.0 -9999.0
63868 201407  5.102  -87.3462   34.6602    28.9    18.5    23.7    23.9   123.3 -9999.0 U -9999.0 -9999.0 -9999.0
63868 201408  5.102  -87.3462   34.6602    31.1    19.6    25.3    24.9    53.9 -9999.0 U -9999.0 -9999.0 -9999.0
63868 201409  5.102  -87.3462   34.6602    28.9    17.4    23.2    22.6    28.8 -9999.0 U -9999.0 -9999.0 -9999.0
63868 201410  5.102  -87.3462   34.6602    23.7    10.6    17.1    16.8   146.5 -9999.0 U -9999.0 -9999.0 -9999.0
63868 201411  5.102  -87.3462   34.6602    13.6     1.5     7.6     7.6    86.5 -9999.0 U -9999.0 -9999.0 -9999.0
63868 201412  5.102  -87.3462   34.6602    11.7     2.7     7.2     7.2   182.2 -9999.0 U -9999.0 -9999.0 -9999.0
63868 201501  5.102  -87.3462   34.6602     9.3    -1.9     3.7     3.8   103.4 -9999.0 U -9999.0 -9999.0 -9999.0
63868 201502  5.102  -87.3462   34.6602     7.0    -4.0     1.5     1.5   103.2 -9999.0 U -9999.0 -9999.0 -9999.0
63868 201503  5.102  -87.3462   34.6602    17.3     5.7    11.5    11.5   203.4 -9999.0 U -9999.0 -9999.0 -9999.0
63868 201504  5.102  -87.3462   34.6602    22.5    11.0    16.8    17.1   137.0 -9999.0 U -9999.0 -9999.0 -9999.0
63868 201505  5.102  -87.3462   34.6602    26.8    14.7    20.7    20.8   110.1 -9999.0 U -9999.0 -9999.0 -9999.0
63868 201506  5.102  -87.3462   34.6602    31.2    20.0    25.6    25.3    29.9 -9999.0 U -9999.0 -9999.0 -9999.0
63868 201507  5.102  -87.3462   34.6602    32.0    21.7    26.9    26.6    94.1 -9999.0 U -9999.0 -9999.0 -9999.0
63868 201508  5.102  -87.3462   34.6602    29.9    19.2    24.6    24.1   178.3 -9999.0 U -9999.0 -9999.0 -9999.0
63868 201509  5.102  -87.3462   34.6602    27.9    16.4    22.1    21.7    26.9 -9999.0 U -9999.0 -9999.0 -9999.0
63868 201510  5.102  -87.3462   34.6602    22.9     9.9    16.4    16.3    77.4 -9999.0 U -9999.0 -9999.0 -9999.0
63868 201511  5.102  -87.3462   34.6602    18.9     8.2    13.6    13.4   135.1 -9999.0 U -9999.0 -9999.0 -9999.0
63868 201512  5.102  -87.3462   34.6602    16.8     6.6    11.7    11.7   276.6 -9999.0 U -9999.0 -9999.0 -9999.0
63868 201601  5.102  -87.3462   34.6602     9.0    -1.5     3.8     3.9   104.9 -9999.0 U -9999.0 -9999.0 -9999.0
63868 201602  5.102  -87.3462   34.6602    12.8     2.1     7.4     7.5   135.0 -9999.0 U -9999.0 -9999.0 -9999.0
63868 201603  5.102  -87.3462   34.6602    19.6     7.1    13.4    13.8   131.9 -9999.0 U -9999.0 -9999.0 -9999.0
63868 201604  5.102  -87.3462   34.6602    22.7     9.6    16.1    16.2   110.7 -9999.0 U -9999.0 -9999.0 -9999.0
63868 201605  5.102  -87.3462   34.6602    26.1    13.8    19.9    20.0     7.1 -9999.0 U -9999.0 -9999.0 -9999.0
63868 201606  5.102  -87.3462   34.6602    32.2    19.4    25.8    25.5    69.3 -9999.0 U -9999.0 -9999.0 -9999.0
63868 201607  5.102  -87.3462   34.6602    32.9    22.0    27.4    26.9   116.0 -9999.0 U -9999.0 -9999.0 -9999.0
63868 201608  5.102  -87.3462   34.6602    31.7    21.9    26.8    26.1   177.2 -9999.0 U -9999.0 -9999.0 -9999.0
63868 201609  5.102  -87.3462   34.6602    31.1    17.5    24.3    24.0    35.9 -9999.0 U -9999.0 -9999.0 -9999.0
63868 201610  5.102  -87.3462   34.6602    27.5    11.2    19.4    19.2     0.9 -9999.0 U -9999.0 -9999.0 -9999.0
63868 201611  5.102  -87.3462   34.6602    20.7     4.8    12.8    12.6    74.0 -9999.0 U -9999.0 -9999.0 -9999.0
63868 201612  5.102  -87.3462   34.6602    13.0     1.5     7.3     7.3   139.8 -9999.0 U -9999.0 -9999.0 -9999.0
63868 201701  5.102  -87.3462   34.6602    14.3     4.6     9.5     9.6   108.8 -9999.0 U -9999.0 -9999.0 -9999.0
63868 201702  5.102  -87.3462   34.6602    17.1     4.9    11.0    11.2    61.4 -9999.0 U -9999.0 -9999.0 -9999.0
63868 201703  5.102  -87.3462   34.6602    18.4     5.9    12.2    12.5   129.8 -9999.0 U -9999.0 -9999.0 -9999.0
63868 201704  5.102  -87.3462   34.6602    25.2    12.1    18.6    18.6   117.3 -9999.0 U -9999.0 -9999.0 -9999.0
63868 201705  5.102  -87.3462   34.6602    26.0    13.8    19.9    20.2   157.6 -9999.0 U -9999.0 -9999.0 -9999.0
63868 201706  5.102  -87.3462   34.6602    28.8    18.6    23.7    23.6   126.1 -9999.0 U -9999.0 -9999.0 -9999.0
63868 201707  5.102  -87.3462   34.6602    31.9    21.6    26.7    26.4   146.0 -9999.0 U -9999.0 -9999.0 -9999.0
