53013 201008  6.101 -113.2248   37.4572 -9999.0 -9999.0 -9999.0 -9999.0 -9999.0 -9999.0 U -9999.0 -9999.0 -9999.0
53013 201009  6.101 -113.2248   37.4572    30.2    10.9    20.5    21.0     0.2 -9999.0 U -9999.0 -9999.0 -9999.0
53013 201010  6.101 -113.2248   37.4572    18.8     6.0    12.4    12.3   119.3 -9999.0 U -9999.0 -9999.0 -9999.0
53013 201011  6.101 -113.2248   37.4572    10.0    -2.4     3.8     4.0    75.8 -9999.0 U -9999.0 -9999.0 -9999.0
53013 201012  6.101 -113.2248   37.4572     8.3    -1.4     3.4     3.6   270.1 -9999.0 U -9999.0 -9999.0 -9999.0
53013 201101  6.101 -113.2248   37.4572     6.6    -5.7     0.4     0.2     3.1 -9999.0 U -9999.0 -9999.0 -9999.0
53013 201102  6.101 -113.2248   37.4572     6.8    -4.9     0.9     0.9    85.7 -9999.0 U -9999.0 -9999.0 -9999.0
53013 201103  6.101 -113.2248   37.4572    12.9    -0.3     6.3     6.5    65.1 -9999.0 U -9999.0 -9999.0 -9999.0
53013 201104  6.101 -113.2248   37.4572    16.1     1.4     8.7     8.9    52.4 -9999.0 U -9999.0 -9999.0 -9999.0
53013 201105  6.101 -113.2248   37.4572    19.5     4.7    12.1    12.7    69.5 -9999.0 U -9999.0 -9999.0 -9999.0
53013 201106  6.101 -113.2248   37.4572    28.3    10.1    19.2    20.4     0.7 -9999.0 U -9999.0 -9999.0 -9999.0
53013 201107  6.101 -113.2248   37.4572    31.8    15.1    23.5    23.7    30.6 -9999.0 U -9999.0 -9999.0 -9999.0
53013 201108  6.101 -113.2248   37.4572    33.6    15.4    24.5    24.8     3.9 -9999.0 U -9999.0 -9999.0 -9999.0
53013 201109  6.101 -113.2248   37.4572    28.6    11.2    19.9    19.6    26.1 -9999.0 U -9999.0 -9999.0 -9999.0
53013 201110  6.101 -113.2248   37.4572    20.3     4.4    12.4    12.0    58.2 -9999.0 U -9999.0 -9999.0 -9999.0
53013 201111  6.101 -113.2248   37.4572    11.2    -1.1     5.1     5.0    22.7 -9999.0 U -9999.0 -9999.0 -9999.0
53013 201112  6.101 -113.2248   37.4572     4.8    -6.1    -0.7    -0.9    23.9 -9999.0 U -9999.0 -9999.0 -9999.0
53013 201201  6.101 -113.2248   37.4572     9.4    -3.8     2.8     2.4    37.5 -9999.0 U -9999.0 -9999.0 -9999.0
53013 201202  6.101 -113.2248   37.4572     8.4    -3.4     2.5     2.2    55.7 -9999.0 U -9999.0 -9999.0 -9999.0
53013 201203  6.101 -113.2248   37.4572    14.6     0.3     7.5     7.8    53.3 -9999.0 U -9999.0 -9999.0 -9999.0
53013 201204  6.101 -113.2248   37.4572    19.2     3.6    11.4    11.6    42.2 -9999.0 U -9999.0 -9999.0 -9999.0
53013 201205  6.101 -113.2248   37.4572    25.7     8.6    17.2    18.0     0.0 -9999.0 U -9999.0 -9999.0 -9999.0
53013 201206  6.101 -113.2248   37.4572    32.1    12.8    22.5    23.5     0.0 -9999.0 U -9999.0 -9999.0 -9999.0
53013 201207  6.101 -113.2248   37.4572    32.5    15.5    24.0    23.8    37.5 -9999.0 U -9999.0 -9999.0 -9999.0
53013 201208  6.101 -113.2248   37.4572    32.7    16.1    24.4    23.8    51.9 -9999.0 U -9999.0 -9999.0 -9999.0
53013 201209  6.101 -113.2248   37.4572    28.4    11.3    19.9    19.6    31.4 -9999.0 U -9999.0 -9999.0 -9999.0
53013 201210  6.101 -113.2248   37.4572    21.4     5.7    13.6    13.3    25.2 -9999.0 U -9999.0 -9999.0 -9999.0
53013 201211  6.101 -113.2248   37.4572    15.2     1.2     8.2     7.9    75.0 -9999.0 U -9999.0 -9999.0 -9999.0
53013 201212  6.101 -113.2248   37.4572     6.0    -3.5     1.2     1.6    65.6 -9999.0 U -9999.0 -9999.0 -9999.0
53013 201301  6.101 -113.2248   37.4572     3.6    -9.0    -2.7    -2.6    25.6 -9999.0 U -9999.0 -9999.0 -9999.0
53013 201302  6.101 -113.2248   37.4572     7.7    -4.4     1.6     1.4    15.3 -9999.0 U -9999.0 -9999.0 -9999.0
53013 201303  6.101 -113.2248   37.4572    16.2     1.1     8.7     8.8    35.3 -9999.0 U -9999.0 -9999.0 -9999.0
53013 201304  6.101 -113.2248   37.4572    18.5     2.5    10.5    10.9    19.2 -9999.0 U -9999.0 -9999.0 -9999.0
53013 201305  6.101 -113.2248   37.4572    23.5     7.1    15.3    16.0    18.0 -9999.0 U -9999.0 -9999.0 -9999.0
53013 201306  6.101 -113.2248   37.4572    33.1    13.3    23.2    24.5     0.0 -9999.0 U -9999.0 -9999.0 -9999.0
53013 201307  6.101 -113.2248   37.4572    34.0    16.9    25.5    25.1    64.9 -9999.0 U -9999.0 -9999.0 -9999.0
53013 201308  6.101 -113.2248   37.4572    31.6    15.2    23.4    23.3    60.8 -9999.0 U -9999.0 -9999.0 -9999.0
53013 201309  6.101 -113.2248   37.4572    25.1    11.0    18.0    17.8    84.1 -9999.0 U -9999.0 -9999.0 -9999.0
53013 201310  6.101 -113.2248   37.4572    17.9     2.9    10.4    10.3    27.4 -9999.0 U -9999.0 -9999.0 -9999.0
53013 201311  6.101 -113.2248   37.4572    12.7    -0.8     5.9     5.7    24.1 -9999.0 U -9999.0 -9999.0 -9999.0
53013 201312  6.101 -113.2248   37.4572     5.1    -7.8    -1.4    -1.5    23.5 -9999.0 U -9999.0 -9999.0 -9999.0
53013 201401  6.101 -113.2248   37.4572    10.4    -3.0     3.7     3.5    14.0 -9999.0 U -9999.0 -9999.0 -9999.0
53013 201402  6.101 -113.2248   37.4572    12.0    -2.1     4.9     4.8    26.6 -9999.0 U -9999.0 -9999.0 -9999.0
53013 201403  6.101 -113.2248   37.4572    15.3    -0.7     7.3     7.6    11.1 -9999.0 U -9999.0 -9999.0 -9999.0
53013 201404  6.101 -113.2248   37.4572    19.1     3.6    11.3    11.7    19.8 -9999.0 U -9999.0 -9999.0 -9999.0
53013 201405  6.101 -113.2248   37.4572    24.3     7.7    16.0    16.7    36.5 -9999.0 U -9999.0 -9999.0 -9999.0
53013 201406  6.101 -113.2248   37.4572 -9999.0 -9999.0 -9999.0 -9999.0 -9999.0 -9999.0 U -9999.0 -9999.0 -9999.0
