54796 200112  1.001  -71.5413   41.4911 -9999.0 -9999.0 -9999.0 -9999.0 -9999.0 -9999.0 U -9999.0 -9999.0 -9999.0
54796 200201  1.001  -71.5413   41.4911     6.1    -4.2     1.0     1.1 -9999.0     5.8 R -9999.0 -9999.0    -0.1
54796 200202  1.001  -71.5413   41.4911     6.8    -5.1     0.9     1.4 -9999.0     9.5 R -9999.0 -9999.0     1.5
54796 200203  1.001  -71.5413   41.4911     9.5    -1.7     3.9     4.1 -9999.0     8.4 R -9999.0 -9999.0     4.6
54796 200204  1.001  -71.5413   41.4911    14.6     3.6     9.1     9.3 -9999.0     8.3 R -9999.0 -9999.0    10.4
54796 200205  1.002  -71.5413   41.4911 -9999.0 -9999.0 -9999.0 -9999.0 -9999.0 -9999.0 U -9999.0 -9999.0 -9999.0
54796 200206  1.002  -71.5413   41.4911    22.9    11.3    17.1    17.3 -9999.0    20.9 R -9999.0 -9999.0    19.7
54796 200207  1.002  -71.5413   41.4911    27.0    15.4    21.2    21.8 -9999.0    22.0 R -9999.0 -9999.0    25.1
54796 200208  1.002  -71.5413   41.4911    27.0    15.9    21.5    21.5 -9999.0    18.8 R -9999.0 -9999.0    23.9
54796 200209  1.002  -71.5413   41.4911    23.3    12.6    18.0    18.1 -9999.0    14.8 R -9999.0 -9999.0    19.2
54796 200210  1.002  -71.5413   41.4911 -9999.0 -9999.0 -9999.0 -9999.0 -9999.0    10.5 R -9999.0 -9999.0    11.3
54796 200211  1.003  -71.5413   41.4911 -9999.0 -9999.0 -9999.0 -9999.0 -9999.0 -9999.0 U -9999.0 -9999.0 -9999.0
54796 200212  1.003  -71.5413   41.4911     4.4    -4.9    -0.2     0.2 -9999.0     6.0 R -9999.0 -9999.0    -1.0
54796 200301  1.003  -71.5413   41.4911    -0.2    -8.4    -4.3    -4.0 -9999.0     7.1 R -9999.0 -9999.0    -3.3
54796 200302  1.003  -71.5413   41.4911     0.9    -9.1    -4.1    -3.7   113.1     9.0 R -9999.0 -9999.0    -5.3
54796 200303  1.003  -71.5413   41.4911     8.1    -3.3     2.4     2.7   158.3    14.0 R -9999.0 -9999.0     3.4
54796 200304  1.003  -71.5413   41.4911    11.2     2.0     6.6     6.6   130.6    15.6 R -9999.0 -9999.0     7.8
54796 200305  1.003  -71.5413   41.4911    16.9     6.8    11.8    11.8    71.3    15.3 R -9999.0 -9999.0    13.4
54796 200306  1.003  -71.5413   41.4911    21.8    13.1    17.5    17.6   137.7    17.0 R -9999.0 -9999.0    18.9
54796 200307  1.003  -71.5413   41.4911    26.3    16.7    21.5    21.7    87.2    20.3 R -9999.0 -9999.0    22.6
54796 200308  1.003  -71.5413   41.4911    26.7    18.2    22.4    22.4   181.0    18.3 R -9999.0 -9999.0    23.2
54796 200309  1.003  -71.5413   41.4911    22.8    12.7    17.8    17.9    90.2    14.7 R -9999.0 -9999.0    18.1
54796 200310  1.200  -71.5413   41.4911    15.7     4.8    10.3    10.6 -9999.0     9.8 R -9999.0 -9999.0    10.4
54796 200311  1.200  -71.5413   41.4911    12.3     1.8     7.0     7.0    51.2     7.0 R -9999.0 -9999.0     6.2
54796 200312  1.200  -71.5413   41.4911     5.9    -3.8     1.1     1.4   147.6     5.8 R -9999.0 -9999.0     0.2
54796 200401  1.200  -71.5413   41.4911    -2.7   -10.9    -6.8    -6.5    51.6     7.5 R -9999.0 -9999.0    -7.2
54796 200402  1.200  -71.5413   41.4911     4.2    -6.0    -0.9    -0.7    72.5    11.3 R -9999.0 -9999.0    -1.1
54796 200403  1.200  -71.5413   41.4911     7.1    -2.0     2.6     2.8   117.8    11.0 R -9999.0 -9999.0     3.2
54796 200404  1.200  -71.5413   41.4911    13.4     3.2     8.3     8.2   187.4    15.7 R -9999.0 -9999.0     9.4
54796 200405  1.200  -71.5413   41.4911    19.4     8.3    13.9    13.9    66.8    18.7 R -9999.0 -9999.0    15.7
54796 200406  1.200  -71.5413   41.4911    22.7    11.7    17.2    17.6    54.7    22.2 R -9999.0 -9999.0    19.0
54796 200407  1.200  -71.5413   41.4911    24.6    15.8    20.2    20.3    67.4    18.3 R -9999.0 -9999.0    22.4
54796 200408  1.200  -71.5413   41.4911    24.4    15.7    20.1    20.1   160.5    16.4 R -9999.0 -9999.0    21.8
54796 200409  1.200  -71.5413   41.4911    22.3    11.6    16.9    17.2   196.2    15.8 R -9999.0 -9999.0    18.6
54796 200410  1.201  -71.5413   41.4911    15.5     5.2    10.3    10.7    72.9    10.5 R -9999.0 -9999.0    11.1
54796 200411  1.201  -71.5413   41.4911    11.0    -0.2     5.4     5.9   124.6     7.6 R -9999.0 -9999.0     4.8
54796 200412  1.201  -71.5413   41.4911     5.6    -4.1     0.8     1.1   143.7     5.5 R -9999.0 -9999.0    -0.2
54796 200501  1.201  -71.5413   41.4911     1.5    -6.7    -2.6    -2.2 -9999.0     5.9 R -9999.0 -9999.0    -3.2
54796 200502  1.201  -71.5413   41.4911     3.2    -6.7    -1.8    -1.3    90.1    10.1 R -9999.0 -9999.0    -2.3
54796 200503  1.201  -71.5413   41.4911     5.1    -4.8     0.1     0.6   159.7    14.3 R -9999.0 -9999.0    -0.3
54796 200504  1.201  -71.5413   41.4911    13.8     2.0     7.9     8.1   144.3    19.0 R -9999.0 -9999.0     9.5
54796 200505  1.201  -71.5413   41.4911    15.0     5.9    10.4    10.4   104.6    17.4 R -9999.0 -9999.0    12.0
54796 200506  1.201  -71.5413   41.4911    23.2    13.6    18.4    18.3    42.2    21.4 R -9999.0 -9999.0    20.4
54796 200507  1.201  -71.5413   41.4911    25.3    15.9    20.6    20.8    28.5    20.0 R -9999.0 -9999.0    22.7
54796 200508  1.201  -71.5413   41.4911    27.1    17.3    22.2    22.2   161.2    18.6 R -9999.0 -9999.0    24.7
54796 200509  1.201  -71.5413   41.4911    23.2    12.1    17.6    18.1    78.2    16.8 R -9999.0 -9999.0    18.7
54796 200510  1.201  -71.5413   41.4911    15.4     7.1    11.3    11.3   368.5     8.7 R -9999.0 -9999.0    12.1
54796 200511  1.301  -71.5413   41.4911    12.0     0.4     6.2     7.0 -9999.0     7.8 R -9999.0 -9999.0     6.3
54796 200512  1.301  -71.5413   41.4911     4.4    -5.1    -0.3    -0.2   127.2     6.4 R     7.9    -8.5    -1.4
54796 200601  1.301  -71.5413   41.4911     6.8    -2.5     2.1     2.2   164.8     6.0 R    10.4    -4.5     1.8
54796 200602  1.301  -71.5413   41.4911     4.0    -5.8    -0.9    -0.7    65.5    10.9 R    12.5    -8.5    -0.5
54796 200603  1.301  -71.5413   41.4911     7.9    -3.3     2.3     2.5    21.0    15.0 R    18.6    -7.9     2.2
54796 200604  1.301  -71.5413   41.4911    14.4     1.9     8.1     8.7    84.4    18.3 R    24.6    -2.3     8.7
54796 200605  1.301  -71.5413   41.4911    18.3     8.7    13.5    13.4   186.9    17.6 R    26.7     6.7    14.3
54796 200606  1.301  -71.5413   41.4911    23.1    14.6    18.8    18.5   242.0    17.3 R    30.8    13.5    19.9
54796 200607  1.301  -71.5413   41.4911    27.0    18.4    22.7    22.6    95.8    20.2 R    35.1    16.9    23.6
54796 200608  1.301  -71.5413   41.4911    25.5    15.0    20.2    20.5   119.1    18.7 R    33.1    12.6    20.6
54796 200609  1.301  -71.5413   41.4911    21.4    10.2    15.8    16.1    95.7    14.7 R    29.1     7.9    16.5
54796 200610  1.301  -71.5413   41.4911    16.3     4.5    10.4    10.9   209.6    11.5 R    22.4     2.2    10.6
54796 200611  1.301  -71.5413   41.4911    12.9     3.5     8.2     8.5   148.2     6.5 R    16.8     1.9     8.1
54796 200612  1.301  -71.5413   41.4911     8.8    -1.5     3.7     4.2    62.7     5.8 R    12.1    -4.5     2.9
54796 200701  1.301  -71.5413   41.4911     5.0    -4.3     0.3     0.7   151.4     6.7 R     9.9    -6.1     1.0
54796 200702  1.301  -71.5413   41.4911     0.9    -8.4    -3.7    -3.4    76.5    11.5 R     9.1    -9.6    -2.7
54796 200703  1.301  -71.5413   41.4911     7.8    -3.5     2.1     2.4   164.2    14.5 R    17.8    -6.0     3.1
54796 200704  1.301  -71.5413   41.4911    11.7     1.9     6.8     6.8   216.7    15.5 R    20.5    -0.3     7.7
54796 200705  1.301  -71.5413   41.4911    20.2     7.2    13.7    14.2    56.5    23.3 R    27.7     5.0    14.7
54796 200706  1.301  -71.5413   41.4911    23.6    13.1    18.4    18.4    60.3    22.9 R    30.8    11.4    19.4
54796 200707  1.301  -71.5413   41.4911    26.0    15.8    20.9    21.1    69.6    22.1 R    35.6    14.1    22.7
54796 200708  1.301  -71.5413   41.4911    26.2    15.4    20.8    20.7    47.5    19.4 R    38.2    13.8    22.8
54796 200709  1.301  -71.5413   41.4911    23.4    10.9    17.1    17.4    43.8    17.9 R    37.7     8.7    19.5
54796 200710  1.302  -71.5413   41.4911    19.5     8.4    13.9    14.0    58.2    10.2 R    28.5     7.1    15.1
54796 200711  1.302  -71.5413   41.4911     9.9    -1.1     4.4     5.0    89.3     7.5 R    14.6    -2.6     5.1
54796 200712  1.302  -71.5413   41.4911 -9999.0 -9999.0 -9999.0 -9999.0 -9999.0 -9999.0 U -9999.0 -9999.0 -9999.0
54796 200801  1.302  -71.5413   41.4911     4.6    -5.6    -0.5    -0.2    66.5     7.0 R     9.0    -6.8    -0.1
54796 200802  1.302  -71.5413   41.4911     4.7    -5.5    -0.4     0.0   163.4     9.0 R     9.1    -6.6     0.6
54796 200803  1.302  -71.5413   41.4911     8.1    -1.8     3.1     3.2   165.5    13.8 R    15.0    -3.2     4.1
54796 200804  1.302  -71.5413   41.4911    14.5     2.8     8.6     9.0   113.5    17.7 R    21.7     1.5    10.4
54796 200805  1.302  -71.5413   41.4911    17.5     6.3    11.9    12.1    71.7    19.8 R    24.5     5.2    13.4
54796 200806  1.302  -71.5413   41.4911    25.0    14.2    19.6    19.7    75.3    21.6 R    32.4    13.6    21.5
54796 200807  1.302  -71.5413   41.4911    26.9    17.5    22.2    22.3    91.8    22.3 R    35.4    16.9    24.4
54796 200808  1.302  -71.5413   41.4911    24.6    13.6    19.1    19.2   101.7    20.8 R    34.1    12.9    21.3
54796 200809  1.302  -71.5413   41.4911    21.8    12.1    17.0    17.2   261.5    14.4 R    28.7    11.4    18.4
54796 200810  1.302  -71.5413   41.4911    15.6     3.5     9.5     9.9    55.6    12.5 R    21.5     2.4    10.7
54796 200811  1.302  -71.5413   41.4911    10.1    -0.1     5.0     5.2 -9999.0     7.2 R    14.4    -1.5     5.1
54796 200812  1.302  -71.5413   41.4911     6.3    -3.6     1.4     1.7   199.9     4.9 R     7.9    -5.3     0.9
54796 200901  1.302  -71.5413   41.4911    -0.3   -10.4    -5.3    -4.8   109.1     7.6 R     0.5   -12.8    -6.0
54796 200902  1.302  -71.5413   41.4911     5.1    -5.5    -0.2    -0.1    61.0    11.8 R    10.0    -7.5    -0.5
54796 200903  1.302  -71.5413   41.4911     7.2    -3.3     2.0     2.1    77.7    14.4 R    15.4    -5.4     2.6
54796 200904  1.302  -71.5413   41.4911    14.4     2.9     8.6     9.0   171.6    17.8 R    22.6     0.7     9.8
54796 200905  1.302  -71.5413   41.4911    18.3     8.6    13.4    13.4    97.2    17.5 R    27.6     7.5    15.0
54796 200906  1.302  -71.5413   41.4911    20.8    12.7    16.7    16.4   116.8    16.6 R    29.9    12.0    18.4
54796 200907  1.302  -71.5413   41.4911    24.1    14.7    19.4    19.5 -9999.0    20.9 R    33.0    13.5    21.2
54796 200908  1.302  -71.5413   41.4911    26.1    17.1    21.6    21.7    54.0    18.6 R    35.5    15.9    23.3
54796 200909  1.302  -71.5413   41.4911    21.2     9.8    15.5    15.8    51.6    16.8 R    30.4     7.8    16.5
54796 200910  1.302  -71.5413   41.4911    15.1     4.3     9.7    10.2   176.6     9.5 R    20.9     2.7    10.3
54796 200911  1.302  -71.5413   41.4911    12.7     3.8     8.3     8.5    92.7     6.1 R    16.0     1.9     7.7
54796 200912  1.302  -71.5413   41.4911     4.4    -5.0    -0.3     0.0   200.3     6.3 R     6.8    -7.8    -1.1
54796 201001  1.302  -71.5413   41.4911     2.1    -7.1    -2.5    -2.3    87.1     7.3 R     3.9   -10.6    -3.8
54796 201002  1.302  -71.5413   41.4911     3.2    -4.6    -0.7    -0.7   149.7     9.7 R     7.6    -7.4    -1.4
54796 201003  1.302  -71.5413   41.4911    11.2     0.7     5.9     6.0   481.1    11.9 R    16.6    -1.0     6.2
54796 201004  1.302  -71.5413   41.4911    16.5     3.7    10.1    10.3    46.8    18.5 R    23.0     2.4    11.1
54796 201005  1.302  -71.5413   41.4911    20.9     9.1    15.0    15.0    48.2    22.7 R    27.3     7.7    16.3
54796 201006  2.402  -71.5413   41.4911    24.6    14.6    19.6    19.8   106.3    21.8 R    31.2    13.5    21.4
54796 201007  2.402  -71.5413   41.4911    28.1    17.7    22.9    23.0    92.4    22.6 R    35.1    16.7    25.0
54796 201008  2.402  -71.5413   41.4911    26.2    15.5    20.8    21.1    79.5    19.5 R    32.2    13.8    22.3
54796 201009  2.402  -71.5413   41.4911    23.1    12.6    17.9    18.3    68.2    15.6 R    27.9    10.8    18.5
54796 201010  2.402  -71.5413   41.4911    16.6     5.3    11.0    11.3    91.7    10.8 R    20.1     3.4    10.8
54796 201011  2.402  -71.5413   41.4911    10.7     0.7     5.7     6.1   112.5     7.2 R    12.5    -1.1     5.2
54796 201012  2.402  -71.5413   41.4911     3.3    -5.8    -1.3    -1.1   124.9     6.5 R     6.2    -7.1    -1.5
54796 201101  2.402  -71.5413   41.4911     0.9   -10.3    -4.7    -4.1   119.5     7.7 R     7.1   -12.0    -4.2
54796 201102  2.402  -71.5413   41.4911     3.9    -7.9    -2.0    -1.5   125.8    10.1 R     8.5   -10.4    -1.9
54796 201103  2.402  -71.5413   41.4911     7.9    -2.0     2.9     3.1    71.5    14.6 R    12.1    -4.3     3.3
54796 201104  2.402  -71.5413   41.4911    13.5     3.8     8.6     8.8   134.4    14.8 R    17.6     2.5     9.4
54796 201105  2.402  -71.5413   41.4911    19.1     9.4    14.3    14.2    80.7    18.2 R    23.8     8.7    15.4
54796 201106  2.402  -71.5413   41.4911    23.4    12.9    18.1    18.3   107.1    22.4 R    31.0    12.2    20.3
54796 201107  2.402  -71.5413   41.4911    28.0    17.0    22.5    22.7    46.1    25.9 R    38.2    15.9    24.5
54796 201108  2.402  -71.5413   41.4911    26.1    16.0    21.0    21.3   186.5    21.5 R    36.3    14.6    22.9
54796 201109  2.402  -71.5413   41.4911    23.3    14.1    18.7    18.4   188.6    17.4 R    32.0    12.9    19.8
54796 201110  2.402  -71.5413   41.4911    17.2     6.6    11.9    12.0   189.8    13.1 R    24.3     5.0    12.5
54796 201111  2.402  -71.5413   41.4911    13.8     2.1     7.9     8.2   135.2     9.6 R    17.7     0.3     7.6
54796 201112  2.402  -71.5413   41.4911     8.9    -2.6     3.2     3.7   100.3     7.0 R    12.0    -4.3     3.1
54796 201201  2.402  -71.5413   41.4911     6.0    -4.4     0.8     0.9   103.6     9.2 R    10.0    -6.2     0.6
54796 201202  2.402  -71.5413   41.4911     7.0    -4.0     1.5     1.8    45.6    12.7 R    14.4    -6.0     1.8
54796 201203  2.402  -71.5413   41.4911    12.2     1.5     6.9     6.8    35.6    16.0 R    20.3    -0.2     7.6
54796 201204  2.402  -71.5413   41.4911    15.6     2.8     9.2     9.6    82.7    24.1 R    25.8     0.9    10.7
54796 201205  2.402  -71.5413   41.4911    19.8    10.6    15.2    15.2   124.9    19.5 R    28.2     9.8    16.8
54796 201206  2.412  -71.5413   41.4911    23.3    12.9    18.1    18.3   107.3    25.7 R    33.3    11.9    20.2
54796 201207  2.412  -71.5413   41.4911    27.6    16.9    22.2    22.2   107.7    25.4 C    35.9    15.8    24.0
54796 201208  2.412  -71.5413   41.4911    26.8    16.3    21.5    21.7   143.6    23.5 C    34.9    15.2    23.3
54796 201209  2.412  -71.5413   41.4911    21.9    11.5    16.7    17.0    72.8    17.4 C    29.4    10.0    18.0
54796 201210  2.412  -71.5413   41.4911    17.5     7.3    12.4    12.8    57.2    11.4 C    23.0     5.9    13.3
54796 201211  2.412  -71.5413   41.4911     9.3    -0.9     4.2     4.4    24.5     9.5 C    13.7    -2.9     4.3
54796 201212  2.412  -71.5413   41.4911     7.5    -1.4     3.0     3.4   193.7     6.1 C    10.3    -2.6     3.4
54796 201301  2.412  -71.5413   41.4911     3.7    -6.5    -1.4    -0.6    56.5     9.0 C     5.3    -8.4    -1.5
54796 201302  2.412  -71.5413   41.4911     2.7    -5.3    -1.3    -0.9   170.2    10.5 C     6.4    -6.8    -0.9
54796 201303  2.412  -71.5413   41.4911     7.1    -1.9     2.6     2.8    70.2    15.9 C    15.6    -3.5     3.9
54796 201304  2.412  -71.5413   41.4911    13.6     2.2     7.9     8.0    49.1    23.8 C    22.1     1.0     9.7
54796 201305  2.412  -71.5413   41.4911    20.0     7.6    13.8    13.9   102.6    25.1 C    26.9     7.0    15.5
54796 201306  2.412  -71.5413   41.4911    23.9    14.3    19.1    19.1   255.0    24.9 C    29.9    13.7    20.5
54796 201307  2.412  -71.5413   41.4911    28.1    20.0    24.0    23.7    44.0    24.0 C    35.1    19.6    25.5
54796 201308  2.412  -71.5413   41.4911    25.1    14.3    19.7    19.9   114.6    22.6 C    32.9    13.2    21.5
54796 201309  2.422  -71.5413   41.4911    21.8     9.7    15.7    16.0   110.0    18.9 C    29.5     8.5    17.3
54796 201310  2.422  -71.5413   41.4911    17.7     5.1    11.4    11.8    28.5    11.6 C    24.6     2.2    11.4
54796 201311  2.422  -71.5413   41.4911    10.1    -0.9     4.6     4.9   116.4     7.6 C    14.9    -4.4     3.9
54796 201312  2.422  -71.5413   41.4911     5.1    -4.5     0.3     0.7   123.0     4.7 C     6.8    -7.5    -0.7
54796 201401  2.422  -71.5413   41.4911     1.7    -8.8    -3.5    -3.1    91.9     6.2 C     3.6   -12.4    -4.4
54796 201402  2.422  -71.5413   41.4911     2.1    -8.5    -3.2    -2.5   123.8     9.7 C     3.3   -13.4    -5.3
54796 201403  2.422  -71.5413   41.4911     5.9    -4.9     0.5     0.6   196.5    12.9 C    15.8    -8.4     1.3
54796 201404  2.422  -71.5413   41.4911    12.9     2.8     7.9     7.9   131.9    17.1 C    22.9    -0.5     8.8
54796 201405  2.422  -71.5413   41.4911    19.3     8.1    13.7    14.0    73.2    18.7 C    28.5     5.8    15.0
54796 201406  2.422  -71.5413   41.4911    23.7    12.1    17.9    18.3    78.6    21.9 C    34.8    10.0    20.1
54796 201407  2.422  -71.5413   41.4911 -9999.0 -9999.0 -9999.0 -9999.0 -9999.0 -9999.0 U -9999.0 -9999.0 -9999.0
54796 201408  2.422  -71.5413   41.4911    25.0    13.6    19.3    19.4    45.7    20.2 C    36.6    11.2    21.1
54796 201409  2.422  -71.5413   41.4911    22.9    11.1    17.0    17.3    15.0    16.6 C    33.6     8.3    18.2
54796 201410  2.422  -71.5413   41.4911    17.3     6.9    12.1    12.8    88.5    10.0 C    24.6     4.4    12.7
54796 201411  2.422  -71.5413   41.4911    10.1    -0.7     4.7     5.3   128.6     7.2 C    15.6    -3.9     4.6
54796 201412  2.422  -71.5413   41.4911     6.5    -1.2     2.6     2.9   172.2     4.4 C    10.3    -3.6     2.3
54796 201501  2.422  -71.5413   41.4911     1.3    -8.9    -3.8    -3.4    96.3     6.3 C     4.1   -12.1    -4.5
54796 201502  2.422  -71.5413   41.4911    -2.0   -14.8    -8.4    -7.4    55.3     9.4 C    -2.9   -19.1   -10.0
54796 201503  2.422  -71.5413   41.4911     4.8    -6.2    -0.7    -0.2   139.6    13.5 C     8.8   -10.4    -1.8
54796 201504  2.422  -71.5413   41.4911    13.6     2.0     7.8     8.2    48.2    17.4 C    25.1    -1.2     9.2
54796 201505  2.422  -71.5413   41.4911    21.3     8.9    15.1    15.2    22.2    22.7 C    35.6     6.3    17.7
54796 201506  2.422  -71.5413   41.4911    22.4    12.4    17.4    17.7   140.0    19.9 C    34.6    10.9    20.2
54796 201507  2.422  -71.5413   41.4911    27.0    16.5    21.8    21.8    85.9    21.4 C    39.6    14.9    24.1
54796 201508  2.422  -71.5413   41.4911    27.2    16.3    21.8    21.9    74.5    21.7 C    37.5    14.2    23.4
54796 201509  2.422  -71.5413   41.4911    25.0    12.9    18.9    18.9    97.5    16.9 C    34.5    10.0    19.7
54796 201510  2.422  -71.5413   41.4911    16.1     4.8    10.5    10.8   101.0    11.6 C    24.8     2.1    10.7
54796 201511  2.422  -71.5413   41.4911    13.2     2.3     7.7     8.1    69.0     7.4 C    18.4    -0.4     7.1
54796 201512  2.422  -71.5413   41.4911    12.1     2.6     7.3     7.3   149.7     4.7 C    14.7     0.1     6.5
54796 201601  2.422  -71.5413   41.4911     4.3    -5.5    -0.6    -0.6    81.5     7.6 C     7.9    -9.1    -2.1
54796 201602  2.422  -71.5413   41.4911     5.7    -5.4     0.2     0.8   155.4     9.3 C     9.5    -8.9    -0.6
54796 201603  2.422  -71.5413   41.4911    10.6     0.3     5.4     5.6    86.9    14.1 C    20.6    -2.7     6.3
54796 201604  2.422  -71.5413   41.4911    12.6     1.5     7.0     7.4   102.1    18.5 C    22.5    -1.8     8.4
54796 201605  2.422  -71.5413   41.4911    19.4     7.8    13.6    13.9    76.1    18.8 C    30.9     5.5    15.7
54796 201606  2.422  -71.5413   41.4911    24.2    12.6    18.4    18.4    39.8    23.9 C    37.9    10.2    21.1
54796 201607  2.422  -71.5413   41.4911    27.8    16.8    22.3    22.5    44.9    22.3 C    41.1    14.8    25.0
54796 201608  2.422  -71.5413   41.4911    28.2    16.4    22.3    22.7    36.1    21.4 C    43.6    14.0    25.4
54796 201609  2.422  -71.5413   41.4911    23.4    13.3    18.3    18.3    95.3    13.8 C    33.5    11.0    19.4
54796 201610  2.422  -71.5413   41.4911    17.9     6.1    12.0    12.0   134.5    12.0 C    26.0     3.4    12.4
54796 201611  2.422  -71.5413   41.4911    12.6     0.8     6.7     6.9   103.8     7.9 C    18.3    -2.6     5.8
54796 201612  2.422  -71.5413   41.4911     5.9    -3.9     1.0     1.1    98.4     5.6 C     9.9    -7.0    -0.1
54796 201701  2.422  -71.5413   41.4911     4.9    -3.3     0.8     1.2   137.3     5.7 C     8.9    -7.0     0.0
54796 201702  2.422  -71.5413   41.4911     6.9    -4.2     1.3     1.7    57.4    10.2 C    10.9    -8.0     0.2
54796 201703  2.422  -71.5413   41.4911     5.8    -4.0     0.9     1.1   133.1    13.2 C    15.1    -7.3     1.4
54796 201704  2.422  -71.5413   41.4911    15.4     5.1    10.3    10.1   193.5    15.7 C    25.9     3.0    11.5
54796 201705  2.422  -71.5413   41.4911    17.6     8.4    13.0    13.2   159.3    16.1 C    29.7     6.7    15.3
54796 201706  2.422  -71.5413   41.4911    24.0    12.9    18.4    18.7    67.9    21.6 C    35.7    11.3    21.0
54796 201707  2.422  -71.5413   41.4911    26.0    16.3    21.2    21.1    74.0    20.0 C    36.2    14.7    23.1
