63869 200607  1.301  -87.8757   30.5485 -9999.0 -9999.0 -9999.0 -9999.0 -9999.0 -9999.0 U -9999.0 -9999.0 -9999.0
63869 200608  1.301  -87.8757   30.5485    32.5    22.5    27.5    27.1   142.1    21.1 R    37.3    22.9    28.2
63869 200609  1.301  -87.8757   30.5485    29.3    17.7    23.5    23.5   119.5    18.4 R    34.0    17.6    23.9
63869 200610  1.301  -87.8757   30.5485    25.5    11.8    18.7    19.0    86.3    15.5 R    30.3    11.4    19.4
63869 200611  1.301  -87.8757   30.5485    20.2     6.0    13.1    13.1    94.3    13.3 R    24.8     5.1    13.0
63869 200612  1.301  -87.8757   30.5485    18.4     5.0    11.7    11.6   113.3     9.5 R    22.6     4.2    11.7
63869 200701  1.301  -87.8757   30.5485    16.1     4.8    10.5    10.8   101.1     9.0 R    21.5     4.3    11.3
63869 200702  1.301  -87.8757   30.5485    17.1     1.8     9.5    10.0    48.3    14.4 R    25.2     0.7    10.6
63869 200703  1.301  -87.8757   30.5485    22.9     7.7    15.3    15.4    13.5    18.7 R    33.4     6.5    16.3
63869 200704  1.302  -87.8757   30.5485    24.0    10.3    17.1    17.7    81.7    21.6 R    35.4     8.3    18.8
63869 200705  1.302  -87.8757   30.5485    28.5    14.2    21.4    21.8    40.5    23.5 R    36.5    12.4    22.2
63869 200706  1.302  -87.8757   30.5485    31.6    19.8    25.7    25.7   166.0    23.0 R    40.6    18.8    26.8
63869 200707  1.302  -87.8757   30.5485    31.2    21.4    26.3    26.0   166.0    22.1 R    38.6    20.8    27.0
63869 200708  1.302  -87.8757   30.5485    33.0    22.5    27.8    27.3   145.3    20.3 R    41.0    22.0    28.2
63869 200709  1.302  -87.8757   30.5485    30.4    19.7    25.0    24.6   142.5    18.4 R    36.9    18.5    25.0
63869 200710  1.302  -87.8757   30.5485    26.4    14.7    20.5    20.3   208.8    15.2 R    34.2    13.1    20.6
63869 200711  1.302  -87.8757   30.5485    21.2     6.2    13.7    13.8    96.0    13.7 R    28.1     4.4    13.6
63869 200712  1.302  -87.8757   30.5485    19.8     7.4    13.6    13.5   137.9     9.8 R    25.5     5.5    13.5
63869 200801  1.302  -87.8757   30.5485    15.1     3.1     9.1     9.2   200.0    10.7 R    21.8     1.2     9.3
63869 200802  1.302  -87.8757   30.5485    19.1     4.5    11.8    12.4    95.2    15.2 R    26.7     2.4    12.6
63869 200803  1.302  -87.8757   30.5485    20.6     5.7    13.2    13.8   108.2    19.3 R    29.1     3.3    14.0
63869 200804  1.302  -87.8757   30.5485    24.3    11.0    17.7    18.1   133.7    20.1 R    34.0     8.7    18.7
63869 200805  1.302  -87.8757   30.5485    27.8    16.1    21.9    22.6   230.6    22.7 R    40.0    13.9    24.0
63869 200806  1.302  -87.8757   30.5485    31.0    19.7    25.3    25.6   112.7    22.7 R    39.3    18.5    26.2
63869 200807  1.302  -87.8757   30.5485    31.6    20.9    26.2    26.1    99.4    22.7 R    35.3    20.4    26.3
63869 200808  1.302  -87.8757   30.5485    30.4    21.2    25.8    25.7   352.5    19.4 R    34.7    20.5    25.9
63869 200809  1.302  -87.8757   30.5485    29.2    19.3    24.3    24.0   162.3    17.8 R    31.6    17.9    23.3
63869 200810  1.302  -87.8757   30.5485    24.6    10.9    17.8    17.7    97.2    16.4 R    28.0     9.2    17.0
63869 200811  1.302  -87.8757   30.5485    20.3     4.8    12.5    12.8    84.7    14.0 R    26.2     2.9    12.4
63869 200812  1.302  -87.8757   30.5485    18.8     7.7    13.3    13.4    81.0     9.5 R    24.8     6.1    13.5
63869 200901  1.302  -87.8757   30.5485    16.9     4.0    10.4    10.6    53.9    11.7 R    22.4     1.8    10.3
63869 200902  1.302  -87.8757   30.5485    18.4     3.2    10.8    11.3   124.0    14.3 R    24.7     0.6    10.8
63869 200903  1.302  -87.8757   30.5485    21.8     8.7    15.2    15.5   334.6    16.6 R    26.2     6.8    14.9
63869 200904  2.402  -87.8757   30.5485    23.3    10.9    17.1    17.9    38.0    21.7 R    28.9     8.5    17.7
63869 200905  2.402  -87.8757   30.5485    28.0    18.5    23.3    23.1   176.3    20.0 R    48.3    17.6    26.8
63869 200906  2.402  -87.8757   30.5485    31.9    21.7    26.8    26.9    89.7    25.4 R    38.7    20.8    28.0
63869 200907  2.402  -87.8757   30.5485    31.5    20.9    26.2    26.3   134.1    20.8 R    41.1    20.6    28.0
63869 200908  2.402  -87.8757   30.5485    30.5    20.3    25.4    25.0   132.8    17.9 R    37.6    20.0    25.9
63869 200909  2.402  -87.8757   30.5485    29.7    20.3    25.0    24.6   178.5    15.3 R    37.8    19.8    25.4
63869 200910  2.402  -87.8757   30.5485    25.5    14.9    20.2    20.1   177.5    13.5 R    27.7    13.8    19.7
63869 200911  2.402  -87.8757   30.5485    20.0     5.9    13.0    12.8   101.5    12.2 R    21.8     4.1    11.7
63869 200912  2.402  -87.8757   30.5485    15.2     4.7    10.0    10.1   310.5     7.4 R    17.7     3.4     9.7
63869 201001  2.402  -87.8757   30.5485    13.0     0.2     6.6     6.8 -9999.0    10.8 R    20.3    -1.4     7.1
63869 201002  2.402  -87.8757   30.5485    13.0     0.9     6.9     7.2   126.1    13.4 R    25.3    -0.9     8.4
63869 201003  2.402  -87.8757   30.5485    18.1     4.9    11.5    12.0   127.1    18.0 R    31.1     3.0    13.3
63869 201004  2.402  -87.8757   30.5485    24.9     9.9    17.4    18.0    48.9    21.7 R    35.1     8.0    18.9
63869 201005  2.402  -87.8757   30.5485    29.0    18.2    23.6    23.8   177.5    21.2 R    37.4    17.7    25.1
63869 201006  2.402  -87.8757   30.5485    31.7    21.2    26.5    26.4   122.4    21.8 R    34.8    21.0    26.5
63869 201007  2.402  -87.8757   30.5485    32.6    23.0    27.8    27.5    41.6    21.2 R    41.9    22.5    29.0
63869 201008  2.402  -87.8757   30.5485    32.2    23.7    27.9    27.3   261.3    17.3 R    45.6    23.7    29.7
63869 201009  2.402  -87.8757   30.5485    31.0    18.2    24.6    24.4   127.5    19.8 R    43.8    17.6    26.4
63869 201010  2.402  -87.8757   30.5485    26.3    10.6    18.4    18.8    38.8    17.5 R    29.6     8.6    17.7
63869 201011  2.402  -87.8757   30.5485    21.8     7.5    14.7    14.7   148.9    11.6 R    24.0     5.9    13.7
63869 201012  2.402  -87.8757   30.5485    13.9     0.7     7.3     7.5    37.0    10.6 R    17.6    -1.2     6.9
63869 201101  2.402  -87.8757   30.5485    13.9     1.2     7.5     7.9    75.7    10.9 R    19.7    -0.7     7.8
63869 201102  2.402  -87.8757   30.5485    17.5     4.2    10.8    10.9    64.9    12.9 R    26.6     3.0    11.9
63869 201103  2.402  -87.8757   30.5485    22.2     8.7    15.5    16.0   101.7    17.8 R    32.7     7.8    17.7
63869 201104  2.402  -87.8757   30.5485    26.4    13.0    19.7    20.4    24.6    22.3 R    37.1    12.2    22.4
63869 201105  2.402  -87.8757   30.5485    29.0    13.3    21.2    21.8    22.0    25.1 R    44.1    12.7    25.0
63869 201106  2.402  -87.8757   30.5485    33.4    21.8    27.6    27.6    99.0    23.3 R    47.7    21.4    30.8
63869 201107  2.402  -87.8757   30.5485    32.0    22.3    27.2    27.0   245.7    20.2 R    41.5    22.3    28.9
63869 201108  2.402  -87.8757   30.5485 -9999.0 -9999.0 -9999.0 -9999.0 -9999.0 -9999.0 U -9999.0 -9999.0 -9999.0
63869 201109  2.402  -87.8757   30.5485    28.6    17.8    23.2    23.1   257.3    17.2 R    32.9    17.2    23.4
63869 201110  2.402  -87.8757   30.5485    24.7     8.6    16.6    16.5     7.9    18.0 R    29.2     7.5    16.5
63869 201111  2.402  -87.8757   30.5485    21.6     8.7    15.2    15.3    85.2    11.5 R    29.5     7.1    15.9
63869 201112  2.402  -87.8757   30.5485    18.3     6.1    12.2    12.2    57.3     9.1 R    25.0     5.0    12.6
63869 201201  2.402  -87.8757   30.5485    19.1     5.6    12.4    12.9    69.6    11.0 R    24.6     3.9    12.9
63869 201202  2.402  -87.8757   30.5485    18.7     9.2    13.9    13.9   126.1     9.5 R    24.2     8.2    14.3
63869 201203  2.402  -87.8757   30.5485    24.6    12.9    18.8    18.8    53.6    16.3 R    30.9    11.8    19.4
63869 201204  2.402  -87.8757   30.5485    25.1    12.5    18.8    19.3    57.8    22.4 R    33.3    11.4    20.5
63869 201205  2.402  -87.8757   30.5485    29.8    16.4    23.1    23.5   192.2    23.0 R    36.3    15.8    24.5
63869 201206  2.402  -87.8757   30.5485    30.6    20.0    25.3    25.2   247.5    22.4 R    34.6    19.4    25.8
63869 201207  2.402  -87.8757   30.5485    31.4    22.0    26.7    26.4   188.3    18.9 R    35.2    21.9    27.0
63869 201208  2.402  -87.8757   30.5485    30.8    21.7    26.2    25.9   239.3    17.3 R    38.2    21.4    27.1
63869 201209  2.402  -87.8757   30.5485    29.1    18.5    23.8    23.6   146.3    18.1 R    33.9    17.4    23.9
63869 201210  2.402  -87.8757   30.5485    25.3    11.0    18.2    18.1    10.3    17.6 R    29.7     9.9    18.2
63869 201211  2.402  -87.8757   30.5485    20.2     4.4    12.3    12.4    44.4    13.3 R    25.6     3.5    12.8
63869 201212  2.402  -87.8757   30.5485    19.2     6.1    12.7    12.7   105.7     9.1 R    25.4     5.1    13.3
63869 201301  2.402  -87.8757   30.5485    18.9     7.5    13.2    13.1    55.9     9.6 R    25.4     6.5    13.7
63869 201302  2.402  -87.8757   30.5485    18.2     5.6    11.9    12.5   209.8    11.9 R    23.5     4.4    12.8
63869 201303  2.412  -87.8757   30.5485    19.0     3.6    11.3    11.9    40.9    18.7 R    27.1     1.8    12.6
63869 201304  2.412  -87.8757   30.5485    24.3    11.2    17.7    17.9    94.4    18.0 C    28.7    10.3    18.6
63869 201305  2.412  -87.8757   30.5485    26.3    13.9    20.1    20.7   227.3    21.5 C    30.9    13.6    21.6
63869 201306  2.412  -87.8757   30.5485    30.4    21.1    25.8    25.9   215.5    20.8 C    33.8    21.1    26.6
63869 201307  2.412  -87.8757   30.5485    30.0    21.4    25.7    25.2   384.5    17.4 C    37.2    19.5    26.8
63869 201308  2.412  -87.8757   30.5485    30.5    21.3    25.9    25.4   216.5    17.6 C    36.9    21.5    27.0
63869 201309  2.412  -87.8757   30.5485    30.3    19.9    25.1    24.6    48.6    17.5 C    33.9    19.8    25.4
63869 201310  2.412  -87.8757   30.5485    25.6    14.3    20.0    19.6    35.9    14.3 C    29.5    13.9    20.2
63869 201311  2.422  -87.8757   30.5485    19.6     6.4    13.0    12.9 -9999.0    11.3 C    24.2     4.8    13.3
63869 201312  2.422  -87.8757   30.5485    17.5     5.7    11.6    11.6 -9999.0     8.3 C    22.3     4.1    11.8
63869 201401  2.422  -87.8757   30.5485    12.7    -0.5     6.1     6.5 -9999.0    11.1 C    18.8    -3.4     6.3
63869 201402  2.422  -87.8757   30.5485    17.8     4.8    11.3    11.4 -9999.0    12.2 C    23.2     3.2    11.8
63869 201403  2.422  -87.8757   30.5485    19.2     6.2    12.7    13.1 -9999.0    15.1 C    25.0     4.0    13.3
63869 201404  2.422  -87.8757   30.5485    23.6    12.3    18.0    18.1 -9999.0    18.5 C    31.2    10.7    19.1
63869 201405  2.422  -87.8757   30.5485    27.4    15.4    21.4    21.7 -9999.0    21.7 C    40.2    14.6    24.2
63869 201406  2.422  -87.8757   30.5485    30.4    21.3    25.8    25.7 -9999.0    21.7 C    34.9    21.0    26.4
63869 201407  2.422  -87.8757   30.5485    31.1    21.1    26.1    25.9   150.0    21.8 C    34.5    20.6    26.3
63869 201408  2.422  -87.8757   30.5485    32.5    21.5    27.0    26.7    61.2    19.5 C    37.0    21.2    27.3
63869 201409  2.422  -87.8757   30.5485    30.4    20.1    25.2    24.5   125.9    16.1 C    35.2    19.7    25.1
63869 201410  2.422  -87.8757   30.5485    26.3    11.5    18.9    19.0    62.5    17.0 C    30.3    10.7    19.2
63869 201411  2.422  -87.8757   30.5485    18.7     3.8    11.2    11.1    40.7    11.9 C    22.1     2.6    11.0
63869 201412  2.422  -87.8757   30.5485    18.7     6.5    12.6    12.7   123.9     9.0 C    24.9     4.4    12.7
63869 201501  2.422  -87.8757   30.5485    15.5     3.0     9.2     9.3    97.2    10.9 C    23.6     0.6     9.3
63869 201502  2.422  -87.8757   30.5485    14.9     2.5     8.7     8.8    74.7    13.7 C    23.2    -0.7     9.1
63869 201503  2.422  -87.8757   30.5485    22.4    12.3    17.3    17.3   176.5    14.9 C    28.8    10.3    17.7
63869 201504  2.422  -87.8757   30.5485    25.6    15.8    20.7    20.8   263.8    15.8 C    31.8    14.2    21.4
63869 201505  2.422  -87.8757   30.5485    29.1    17.0    23.1    23.1    65.8    22.9 C    40.1    16.0    24.9
63869 201506  2.422  -87.8757   30.5485    30.7    21.5    26.1    25.9   116.8    20.9 C    35.3    20.9    26.3
63869 201507  2.422  -87.8757   30.5485    32.8    23.1    28.0    27.5   188.2    22.5 C    35.7    22.4    27.5
63869 201508  2.422  -87.8757   30.5485    32.2    21.7    26.9    26.6   101.6    21.4 C    35.2    21.0    26.6
63869 201509  2.422  -87.8757   30.5485    30.0    19.1    24.5    23.9    84.4    16.9 C    34.7    18.1    24.2
63869 201510  2.422  -87.8757   30.5485    25.8    13.9    19.9    19.7   139.8    14.4 C    34.8    11.6    20.0
63869 201511  2.422  -87.8757   30.5485    22.4    12.0    17.2    17.0   140.4    10.7 C    24.6    10.0    16.1
63869 201512  2.422  -87.8757   30.5485    21.3    11.0    16.2    16.3   268.8     8.2 C    23.6     8.7    15.4
63869 201601  2.422  -87.8757   30.5485    14.8     3.2     9.0     8.8    83.3    10.2 C    20.6     0.7     8.5
63869 201602  2.422  -87.8757   30.5485    18.1     5.8    12.0    12.2   105.3    15.5 C    29.3     2.0    12.6
63869 201603  2.422  -87.8757   30.5485    22.2    11.6    16.9    17.1   252.1    15.2 C    31.2     9.1    18.0
63869 201604  2.422  -87.8757   30.5485    24.5    13.3    18.9    19.2   187.2    19.5 C    34.1    10.8    20.0
63869 201605  2.422  -87.8757   30.5485    28.2    16.6    22.4    22.5    51.7    23.2 C    37.8    14.9    23.7
63869 201606  2.422  -87.8757   30.5485    31.6    21.0    26.3    26.1    98.3    22.2 C    42.9    19.9    27.7
63869 201607  2.422  -87.8757   30.5485    32.4    23.2    27.8    27.3   116.8    21.3 C    36.4    22.3    27.3
63869 201608  2.422  -87.8757   30.5485    32.0    23.1    27.5    26.8   184.8    18.9 C    34.1    22.5    26.7
63869 201609  2.422  -87.8757   30.5485    30.9    20.8    25.9    25.1   161.0    17.1 C    45.5    19.7    27.4
63869 201610  2.422  -87.8757   30.5485    28.0    13.8    20.9    20.4     1.1    17.7 C    35.8    11.2    20.1
63869 201611  2.422  -87.8757   30.5485    23.5     8.7    16.1    16.0    18.1    12.6 C    29.5     5.8    15.1
63869 201612  2.422  -87.8757   30.5485    19.0     8.3    13.7    13.6   255.4     8.3 C    22.6     6.7    13.5
63869 201701  2.422  -87.8757   30.5485    19.5     8.8    14.2    14.2   285.3    10.6 C    23.7     6.5    13.8
63869 201702  2.422  -87.8757   30.5485    21.4     9.2    15.3    15.4    79.7    13.1 C    27.5     6.4    15.3
63869 201703  2.422  -87.8757   30.5485    22.4    10.9    16.6    16.7    52.6    17.3 C    31.3     8.0    17.3
63869 201704  2.422  -87.8757   30.5485    26.0    13.1    19.5    19.8   126.3    21.2 C    32.9    10.9    20.1
63869 201705  2.622  -87.8757   30.5485    27.5    16.6    22.1    22.3   218.9    21.0 C    33.5    15.3    22.9
63869 201706  2.622  -87.8757   30.5485    29.1    21.3    25.2    24.9   295.6    17.5 C    34.0    20.3    25.3
63869 201707  2.622  -87.8757   30.5485 -9999.0 -9999.0 -9999.0 -9999.0 -9999.0 -9999.0 U -9999.0 -9999.0 -9999.0
