53877 200011 -9.000  -82.6142   35.4945 -9999.0 -9999.0 -9999.0 -9999.0 -9999.0 -9999.0 U -9999.0 -9999.0 -9999.0
53877 200012 -9.000  -82.6142   35.4945 -9999.0 -9999.0 -9999.0 -9999.0 -9999.0 -9999.0 R -9999.0 -9999.0    -0.8
53877 200101 -9.000  -82.6142   35.4945 -9999.0 -9999.0 -9999.0 -9999.0 -9999.0 -9999.0 R -9999.0 -9999.0     1.1
53877 200102 -9.000  -82.6142   35.4945 -9999.0 -9999.0 -9999.0 -9999.0 -9999.0 -9999.0 R -9999.0 -9999.0     5.1
53877 200103 -9.000  -82.6142   35.4945 -9999.0 -9999.0 -9999.0 -9999.0 -9999.0 -9999.0 R -9999.0 -9999.0     7.0
53877 200104 -9.000  -82.6142   35.4945 -9999.0 -9999.0 -9999.0 -9999.0 -9999.0 -9999.0 U -9999.0 -9999.0 -9999.0
53877 200105 -9.000  -82.6142   35.4945 -9999.0 -9999.0 -9999.0 -9999.0 -9999.0 -9999.0 U -9999.0 -9999.0 -9999.0
53877 200106  1.002  -82.6142   35.4945 -9999.0 -9999.0 -9999.0 -9999.0 -9999.0 -9999.0 U -9999.0 -9999.0 -9999.0
53877 200107  1.003  -82.6142   35.4945    26.7    15.5    21.1    20.7 -9999.0 -9999.0 R -9999.0 -9999.0    23.4
53877 200108  1.004  -82.6142   35.4945    27.7    15.9    21.8    21.1 -9999.0 -9999.0 R -9999.0 -9999.0    23.6
53877 200109  1.004  -82.6142   35.4945    22.9     9.8    16.3    15.8 -9999.0 -9999.0 R -9999.0 -9999.0    18.2
53877 200110  1.005  -82.6142   35.4945    19.2     2.6    10.9    10.3 -9999.0 -9999.0 R -9999.0 -9999.0    11.6
53877 200111  1.005  -82.6142   35.4945    18.3    -0.2     9.1     8.2 -9999.0    10.0 R -9999.0 -9999.0     8.2
53877 200112  1.006  -82.6142   35.4945    12.1    -1.4     5.4     4.6 -9999.0     7.5 R -9999.0 -9999.0     5.0
53877 200201  1.006  -82.6142   35.4945    10.8    -4.3     3.2     2.7 -9999.0     8.3 R -9999.0 -9999.0     2.6
53877 200202  1.006  -82.6142   35.4945    10.5    -3.5     3.5     3.3 -9999.0    12.3 R -9999.0 -9999.0     4.4
53877 200203  1.006  -82.6142   35.4945    15.0     0.0     7.5     7.6 -9999.0    13.9 R -9999.0 -9999.0     9.1
53877 200204  1.006  -82.6142   35.4945    21.3     7.4    14.4    14.3 -9999.0    18.5 R -9999.0 -9999.0    15.5
53877 200205  1.006  -82.6142   35.4945    23.1     8.0    15.6    15.3 -9999.0    21.2 R -9999.0 -9999.0    18.5
53877 200206  1.006  -82.6142   35.4945    27.2    13.2    20.2    20.0 -9999.0    22.0 R -9999.0 -9999.0    23.6
53877 200207  1.006  -82.6142   35.4945    29.3    16.2    22.7    22.0 -9999.0    21.2 R -9999.0 -9999.0    23.4
53877 200208  1.006  -82.6142   35.4945    29.6    14.6    22.1    21.3 -9999.0    19.3 R -9999.0 -9999.0    23.8
53877 200209  1.006  -82.6142   35.4945    25.4    14.3    19.9    19.3 -9999.0    13.6 R -9999.0 -9999.0    21.5
53877 200210  1.006  -82.6142   35.4945    19.2     9.8    14.5    13.9 -9999.0     9.5 R -9999.0 -9999.0    15.2
53877 200211  1.006  -82.6142   35.4945    12.4    -0.1     6.1     5.5 -9999.0     8.3 R -9999.0 -9999.0     5.8
53877 200212  1.006  -82.6142   35.4945     8.5    -3.3     2.6     2.0 -9999.0     6.4 R -9999.0 -9999.0     1.6
53877 200301  1.006  -82.6142   35.4945     6.5    -6.1     0.2    -0.3 -9999.0     8.6 R -9999.0 -9999.0    -0.4
53877 200302  1.006  -82.6142   35.4945     9.8    -2.0     3.9     3.3 -9999.0     9.6 R -9999.0 -9999.0     3.6
53877 200303  1.006  -82.6142   35.4945    16.0     2.6     9.3     9.0 -9999.0    12.8 R -9999.0 -9999.0     9.1
53877 200304  1.006  -82.6142   35.4945    19.4     4.7    12.1    12.1 -9999.0    17.4 R -9999.0 -9999.0    12.3
53877 200305  1.006  -82.6142   35.4945    22.1    10.7    16.4    15.9 -9999.0    16.8 R -9999.0 -9999.0    16.8
53877 200306  1.006  -82.6142   35.4945    25.3    13.0    19.2    19.0 -9999.0    21.3 R -9999.0 -9999.0    20.7
53877 200307  1.006  -82.6142   35.4945    26.9    15.2    21.0    20.3 -9999.0    19.0 R -9999.0 -9999.0    21.9
53877 200308  1.006  -82.6142   35.4945    25.5    15.5    20.5    19.6 -9999.0    18.4 R -9999.0 -9999.0    20.5
53877 200309  1.006  -82.6142   35.4945    23.7    10.8    17.2    16.7 -9999.0    16.9 R -9999.0 -9999.0    18.0
53877 200310  1.201  -82.6142   35.4945    18.8     4.4    11.6    11.2 -9999.0    11.0 R -9999.0 -9999.0    12.6
53877 200311  1.201  -82.6142   35.4945    17.8     2.7    10.2     9.7   158.7     8.9 R -9999.0 -9999.0    10.1
53877 200312  1.201  -82.6142   35.4945     8.2    -4.7     1.8     1.1    86.3     7.1 R -9999.0 -9999.0     1.0
53877 200401  1.201  -82.6142   35.4945     8.6    -5.8     1.4     0.8    26.0     8.1 R -9999.0 -9999.0     0.7
53877 200402  1.201  -82.6142   35.4945     8.6    -2.6     3.0     2.5    97.9     8.8 R -9999.0 -9999.0     2.9
53877 200403  1.201  -82.6142   35.4945    16.1     1.6     8.9     9.0    56.3    15.1 R -9999.0 -9999.0     9.9
53877 200404  1.201  -82.6142   35.4945    19.6     4.2    11.9    12.2   115.1    18.1 R -9999.0 -9999.0    13.6
53877 200405  1.201  -82.6142   35.4945    24.7    11.1    17.9    17.5   142.3    19.1 R -9999.0 -9999.0    20.4
53877 200406  1.201  -82.6142   35.4945    25.4    15.2    20.3    19.9   147.9    18.1 R -9999.0 -9999.0    22.6
53877 200407  1.201  -82.6142   35.4945    27.4    15.8    21.6    21.0    84.7    19.1 R -9999.0 -9999.0    23.2
53877 200408  1.201  -82.6142   35.4945    25.9    14.6    20.3    19.6    89.0    17.9 R -9999.0 -9999.0    21.6
53877 200409  1.201  -82.6142   35.4945    23.4    12.6    18.0    17.4   428.3    13.4 R -9999.0 -9999.0    18.5
53877 200410  1.201  -82.6142   35.4945    21.0     8.8    14.9    14.2    33.5    11.6 R -9999.0 -9999.0    15.2
53877 200411  1.201  -82.6142   35.4945    15.6     3.4     9.5     9.2   142.3     7.3 R -9999.0 -9999.0     9.1
53877 200412  1.201  -82.6142   35.4945     9.6    -4.0     2.8     2.1    77.1     7.0 R -9999.0 -9999.0     1.9
53877 200501  1.201  -82.6142   35.4945    10.4    -2.4     4.0     3.5    50.9     6.8 R -9999.0 -9999.0     3.5
53877 200502  1.201  -82.6142   35.4945    10.8    -1.5     4.6     4.2    59.5     8.8 R -9999.0 -9999.0     4.3
53877 200503  1.201  -82.6142   35.4945    13.8    -0.2     6.8     6.5    97.2    13.6 R -9999.0 -9999.0     7.1
53877 200504  1.201  -82.6142   35.4945    19.1     3.9    11.5    11.6    87.8    15.8 R -9999.0 -9999.0    11.8
53877 200505  1.201  -82.6142   35.4945    21.9     7.4    14.6    14.7    76.8    19.7 R -9999.0 -9999.0    16.0
53877 200506  1.201  -82.6142   35.4945    25.4    14.4    19.9    19.4   257.5    17.7 R -9999.0 -9999.0    21.4
53877 200507  1.201  -82.6142   35.4945    27.7    17.3    22.5    21.8   272.2    17.0 R -9999.0 -9999.0    23.5
53877 200508  1.201  -82.6142   35.4945    27.6    17.2    22.4    21.6   184.3    17.0 R -9999.0 -9999.0    23.6
53877 200509  1.201  -82.6142   35.4945    26.0    11.8    18.9    18.2    17.3    17.3 R -9999.0 -9999.0    20.4
53877 200510  1.201  -82.6142   35.4945    20.4     7.3    13.9    13.1    47.7    11.7 R -9999.0 -9999.0    14.4
53877 200511  1.201  -82.6142   35.4945    16.1     0.6     8.4     8.0   143.4     8.2 R -9999.0 -9999.0     7.8
53877 200512  1.201  -82.6142   35.4945     7.7    -4.3     1.7     1.0    80.7     6.7 R -9999.0 -9999.0     1.0
53877 200601  1.201  -82.6142   35.4945    12.3    -1.1     5.6     5.1   119.9     7.4 R -9999.0 -9999.0     5.0
53877 200602  1.201  -82.6142   35.4945     9.6    -3.5     3.1     2.7    34.7    11.0 R -9999.0 -9999.0     3.5
53877 200603  1.201  -82.6142   35.4945    15.2     0.3     7.8     7.6    28.5    15.2 R -9999.0 -9999.0     8.8
53877 200604  1.201  -82.6142   35.4945    22.1     5.6    13.8    14.0   161.7    17.4 R -9999.0 -9999.0    15.0
53877 200605  1.201  -82.6142   35.4945    22.2     7.7    14.9    14.7    71.7    19.7 R -9999.0 -9999.0    17.6
53877 200606  1.201  -82.6142   35.4945    25.4    12.4    18.9    18.7   136.5    21.4 R -9999.0 -9999.0    21.8
53877 200607  1.201  -82.6142   35.4945    26.2    15.1    20.6    20.1   151.1    19.5 R -9999.0 -9999.0    23.8
53877 200608  1.201  -82.6142   35.4945    25.4    16.0    20.7    20.1   135.1    16.9 R -9999.0 -9999.0    24.2
53877 200609  1.201  -82.6142   35.4945    19.2    10.3    14.8    14.3   159.2    12.8 R -9999.0 -9999.0    18.7
53877 200610  1.201  -82.6142   35.4945    18.2     4.5    11.4    10.8    60.9    12.4 R -9999.0 -9999.0    12.1
53877 200611  1.201  -82.6142   35.4945    15.0     0.4     7.7     7.1   125.7     8.4 R -9999.0 -9999.0     7.1
53877 200612  1.201  -82.6142   35.4945    12.7    -2.4     5.1     4.2   159.7     6.9 R -9999.0 -9999.0     3.5
53877 200701  1.201  -82.6142   35.4945     9.6    -2.8     3.4     3.1    66.2     7.1 R -9999.0 -9999.0     2.6
53877 200702  1.303  -82.6142   35.4945     8.4    -5.9     1.2     1.1    33.2    11.5 R -9999.0 -9999.0     0.9
53877 200703  1.303  -82.6142   35.4945    18.1     2.6    10.4    10.2   109.1    14.6 R    30.7     0.7     9.9
53877 200704  1.303  -82.6142   35.4945    18.7     3.5    11.1    11.0    50.1    18.6 R    29.3     2.1    11.6
53877 200705  1.303  -82.6142   35.4945    25.0     7.9    16.5    16.5    24.5    21.8 R    40.4     7.7    19.7
53877 200706  1.303  -82.6142   35.4945    28.4    12.9    20.6    19.7    47.4    20.8 R    47.0    13.1    24.0
53877 200707  1.303  -82.6142   35.4945    27.3    14.6    21.0    20.1   123.4    16.8 R    41.4    14.9    23.4
53877 200708  1.303  -82.6142   35.4945    31.1    16.2    23.6    22.4    65.7    18.8 R    40.0    16.2    24.3
53877 200709  1.303  -82.6142   35.4945    26.5    11.3    18.9    18.1    60.3    16.5 R    38.0    11.2    20.5
53877 200710  1.303  -82.6142   35.4945    21.4     7.4    14.4    13.9    74.0    12.1 R    34.2     7.2    15.6
53877 200711  1.303  -82.6142   35.4945    14.7    -1.4     6.7     6.1    34.2     9.4 R    26.6    -1.8     6.7
53877 200712  1.303  -82.6142   35.4945    12.2    -0.5     5.9     5.3    95.8     6.2 R    19.1    -1.3     5.4
53877 200801  1.303  -82.6142   35.4945     8.2    -5.3     1.5     1.1    68.9     8.5 R    18.1    -5.7     1.6
53877 200802  1.303  -82.6142   35.4945    12.4    -2.1     5.2     4.6   113.9    10.0 R    20.0    -2.7     4.9
53877 200803  1.303  -82.6142   35.4945    14.9    -0.8     7.1     7.0   135.0    13.5 R    24.1    -0.8     8.0
53877 200804  1.303  -82.6142   35.4945    19.4     5.3    12.3    12.4    72.6    17.3 R    31.5     5.2    14.3
53877 200805  1.303  -82.6142   35.4945    23.8     8.4    16.1    16.1    26.2    20.5 R    40.4     8.3    19.2
53877 200806  1.303  -82.6142   35.4945    28.7    13.0    20.9    20.3   167.9    22.2 R    50.0    13.5    24.9
53877 200807  1.303  -82.6142   35.4945    28.6    14.2    21.4    20.8    43.8    20.6 R    47.2    14.9    24.5
53877 200808  1.303  -82.6142   35.4945    28.5    14.7    21.6    21.0   149.2    18.5 R    51.2    14.8    25.2
53877 200809  1.303  -82.6142   35.4945    24.6    12.5    18.6    17.9    33.1    15.9 R    40.8    13.1    20.7
53877 200810  1.303  -82.6142   35.4945    18.6     4.7    11.6    11.1    39.1    12.7 R    33.7     4.6    12.8
53877 200811  1.303  -82.6142   35.4945    12.7    -2.1     5.3     4.5    38.6     9.1 R    36.1    -2.4     5.3
53877 200812  1.303  -82.6142   35.4945    10.6    -0.8     4.9     5.0   120.8     5.5 R    28.0    -0.9     5.3
53877 200901  1.303  -82.6142   35.4945     8.5    -4.8     1.8     1.1    52.6     7.6 R    21.2    -5.1     1.9
53877 200902  1.303  -82.6142   35.4945    10.8    -3.9     3.5     3.1    56.1    11.2 R    25.0    -4.1     4.1
53877 200903  1.303  -82.6142   35.4945    14.8     1.0     7.9     7.6   102.9    12.4 R    27.6     0.9     9.0
53877 200904  1.303  -82.6142   35.4945    19.4     4.5    12.0    12.2    77.1    17.4 R    35.2     4.3    14.2
53877 200905  1.303  -82.6142   35.4945    22.7    11.0    16.9    16.3   262.1    17.0 R    36.4    11.7    19.3
53877 200906  1.303  -82.6142   35.4945    27.4    14.0    20.7    20.3   123.7    22.0 R    38.7    14.5    22.8
53877 200907  1.303  -82.6142   35.4945    25.9    14.3    20.1    19.6   149.1    17.6 R    37.5    14.3    21.8
53877 200908  1.303  -82.6142   35.4945    26.7    15.4    21.1    20.2    83.3    17.0 R    37.7    15.0    22.0
53877 200909  1.303  -82.6142   35.4945    23.4    13.7    18.5    17.6   253.2    12.8 R    33.8    13.3    19.0
53877 200910  1.303  -82.6142   35.4945    17.9     6.0    12.0    11.5   148.9     9.6 R    31.0     5.6    12.9
53877 200911  2.402  -82.6142   35.4945    15.5     1.5     8.5     7.6   163.1     8.0 R    31.1     1.1     8.0
53877 200912  2.402  -82.6142   35.4945 -9999.0 -9999.0 -9999.0 -9999.0 -9999.0 -9999.0 U -9999.0 -9999.0 -9999.0
53877 201001  2.402  -82.6142   35.4945     5.2    -6.0    -0.4    -1.0   160.9     6.6 R    20.0    -6.0    -0.4
53877 201002  2.402  -82.6142   35.4945     4.5    -4.3     0.1    -0.3    86.5     9.6 R    20.4    -5.0     0.6
53877 201003  2.402  -82.6142   35.4945    12.6     0.3     6.4     6.1   120.6    11.2 R    27.5     0.1     7.0
53877 201004  2.402  -82.6142   35.4945    22.8     4.6    13.7    13.5    42.6    19.4 R    32.7     4.4    15.2
53877 201005  2.402  -82.6142   35.4945    24.5    11.5    18.0    17.8   111.2    18.8 R    33.9    11.3    19.8
53877 201006  2.402  -82.6142   35.4945    29.0    15.6    22.3    21.5    64.2    20.0 R    36.6    15.1    23.5
53877 201007  2.402  -82.6142   35.4945    29.6    16.9    23.3    22.4   221.5    20.3 R    41.4    18.6    27.1
53877 201008  2.402  -82.6142   35.4945    28.8    17.6    23.2    22.3    70.9    17.9 R    40.0    17.9    25.9
53877 201009  2.402  -82.6142   35.4945    26.1    11.6    18.9    18.0    94.3    15.8 R    35.7    11.5    20.6
53877 201010  2.402  -82.6142   35.4945    21.0     3.7    12.4    11.8    32.4    13.4 R    29.5     3.3    13.6
53877 201011  2.402  -82.6142   35.4945    15.2    -0.1     7.5     6.6   133.9     7.7 R    23.6    -1.1     6.7
53877 201012  2.402  -82.6142   35.4945     3.5    -6.4    -1.5    -1.9    37.8     6.2 R     8.6    -7.9    -2.0
53877 201101  2.402  -82.6142   35.4945     5.8    -5.7     0.1    -0.4    43.0     7.0 R    12.2    -7.5    -0.7
53877 201102  2.402  -82.6142   35.4945    13.2    -2.6     5.3     5.0    72.2    11.3 R    26.1    -3.7     5.7
53877 201103  2.402  -82.6142   35.4945    14.3     2.2     8.3     8.2   201.8    11.5 R    24.9     2.2     9.7
53877 201104  2.402  -82.6142   35.4945    22.5     6.6    14.6    14.6   174.7    18.9 R    32.6     6.7    15.9
53877 201105  2.402  -82.6142   35.4945    23.8     9.5    16.7    16.4    95.5    19.9 R    40.7    10.0    20.2
53877 201106  2.402  -82.6142   35.4945    28.6    14.2    21.4    20.4 -9999.0    20.0 R    48.2    14.8    24.9
53877 201107  2.402  -82.6142   35.4945    29.6    17.3    23.5    22.6 -9999.0    19.0 R    42.1    17.4    25.3
53877 201108  2.402  -82.6142   35.4945    29.7    15.6    22.6    21.8    28.0    19.4 R    45.7    15.0    24.9
53877 201109  2.402  -82.6142   35.4945    24.0    12.7    18.4    17.5   129.1    13.7 R    33.9    12.7    19.4
53877 201110  2.402  -82.6142   35.4945    19.0     3.9    11.4    10.7    61.7    13.0 R    30.4     3.6    12.2
53877 201111  2.402  -82.6142   35.4945    15.7     0.9     8.3     7.8   155.8     8.0 R    22.9     0.2     8.0
53877 201112  2.402  -82.6142   35.4945    12.5    -0.7     5.9     5.1   114.8     6.6 R    17.9    -1.2     5.2
53877 201201  2.402  -82.6142   35.4945    10.9    -2.7     4.1     3.5   118.0     7.3 R    16.8    -3.1     3.7
53877 201202  2.412  -82.6142   35.4945    12.8    -1.6     5.6     5.4    37.9    10.8 R    20.9    -1.8     6.0
53877 201203  2.412  -82.6142   35.4945    19.5     5.1    12.3    12.1    79.5    13.1 C    26.4     4.7    12.5
53877 201204  2.412  -82.6142   35.4945    21.1     6.3    13.7    13.4   143.2    18.2 C    28.1     6.0    14.2
53877 201205  2.412  -82.6142   35.4945    24.7    11.6    18.2    17.7    92.9    18.9 C    33.8    11.4    19.6
53877 201206  2.412  -82.6142   35.4945    27.2    13.2    20.2    19.9    17.9    21.3 C    40.9    12.5    22.8
53877 201207  2.412  -82.6142   35.4945    29.5    17.4    23.4    22.5   165.9    17.8 C    41.8    17.5    25.2
53877 201208  2.412  -82.6142   35.4945    27.0    15.1    21.1    20.1    59.8    16.7 C    36.3    14.6    21.9
53877 201209  2.412  -82.6142   35.4945    24.6    11.7    18.1    17.5   140.1    14.2 C    34.6    10.9    18.9
53877 201210  2.422  -82.6142   35.4945    18.2     5.7    12.0    11.2    82.9    11.1 C    24.7     5.1    11.8
53877 201211  2.422  -82.6142   35.4945    14.1    -2.1     6.0     5.1    15.4     9.0 C    20.5    -3.1     4.7
53877 201212  2.422  -82.6142   35.4945    11.5    -0.8     5.3     5.0   126.7     5.8 C    17.5    -1.1     5.2
53877 201301  2.422  -82.6142   35.4945    10.7    -0.6     5.0     4.6   222.5     6.5 C    16.1    -0.9     4.9
53877 201302  2.422  -82.6142   35.4945     9.8    -2.3     3.8     3.0    90.8     9.6 C    17.8    -2.8     3.9
53877 201303  2.422  -82.6142   35.4945    10.7    -1.1     4.8     4.3    98.9    13.6 C    21.8    -1.0     6.3
53877 201304  2.422  -82.6142   35.4945    19.3     4.5    11.9    12.1   145.0    17.7 C    26.8     4.6    13.3
53877 201305  2.422  -82.6142   35.4945    22.2     9.0    15.6    15.3   218.9    18.2 C    27.1     8.8    15.9
53877 201306  2.422  -82.6142   35.4945    26.5    14.6    20.6    20.0   207.8    19.3 C    35.2    14.2    21.7
53877 201307  2.422  -82.6142   35.4945    26.8    17.0    21.9    21.0   361.0    16.9 C    31.8    16.5    21.9
53877 201308  2.422  -82.6142   35.4945    25.8    15.8    20.8    20.1   157.6    15.3 C    35.0    15.1    21.8
53877 201309  2.422  -82.6142   35.4945    24.0    12.4    18.2    17.4   106.0    15.2 C    34.5    11.6    19.3
53877 201310  2.422  -82.6142   35.4945    19.7     7.2    13.4    12.7    39.6    11.1 C    26.5     6.1    13.4
53877 201311  2.422  -82.6142   35.4945    12.1    -0.9     5.6     5.2    87.6     7.7 C    18.1    -2.1     4.9
53877 201312  2.422  -82.6142   35.4945    10.8    -1.7     4.5     4.1   159.8     6.0 C    15.1    -2.5     3.9
53877 201401  2.422  -82.6142   35.4945     5.7    -9.1    -1.7    -2.3    49.9     8.0 C    12.3    -9.1    -1.9
53877 201402  2.422  -82.6142   35.4945    10.6    -3.3     3.6     3.1    79.7    10.7 C    17.1    -4.7     3.1
53877 201403  2.422  -82.6142   35.4945    13.5    -1.3     6.1     5.8    65.5    13.9 C    23.1    -2.2     6.9
53877 201404  2.422  -82.6142   35.4945    20.3     4.7    12.5    12.5   163.6    16.9 C    26.6     4.0    12.8
53877 201405  2.422  -82.6142   35.4945    24.5     8.9    16.7    16.6    95.7    20.8 C    30.1     8.4    17.0
53877 201406  2.422  -82.6142   35.4945    27.1    14.9    21.0    20.3   112.9    19.6 C    38.3    14.0    22.3
53877 201407  2.422  -82.6142   35.4945    26.1    14.9    20.5    20.1   109.7    18.9 C    32.7    14.2    21.2
53877 201408  2.422  -82.6142   35.4945    26.9    15.1    21.0    20.3    79.9    17.9 C    34.9    14.1    21.6
53877 201409  2.422  -82.6142   35.4945    24.5    14.6    19.5    18.7   162.9    14.3 C    35.7    14.0    20.8
53877 201410  2.422  -82.6142   35.4945    20.0     5.7    12.8    12.0   107.1    11.2 C    26.4     4.7    12.2
53877 201411  2.422  -82.6142   35.4945    12.2    -2.7     4.7     3.7    83.2     8.5 C    17.5    -3.7     3.2
53877 201412  2.422  -82.6142   35.4945    11.1     0.3     5.7     5.0    52.5     5.5 C    15.5    -0.9     4.6
53877 201501  2.422  -82.6142   35.4945     8.1    -4.2     2.0     1.4    59.0     7.1 C    13.9    -5.1     1.3
53877 201502  2.422  -82.6142   35.4945     6.1    -6.5    -0.2    -0.9    52.4     9.3 C    13.3    -7.1    -0.3
53877 201503  2.422  -82.6142   35.4945    16.7     2.4     9.5     9.0    46.4    12.4 C    24.1     1.5     9.4
53877 201504  2.422  -82.6142   35.4945    20.2     7.0    13.6    13.7   144.5    14.6 C    26.4     5.6    13.6
53877 201505  2.422  -82.6142   35.4945    25.4    10.3    17.8    17.5    41.7    20.4 C    36.3     8.8    18.7
53877 201506  2.422  -82.6142   35.4945    28.2    14.7    21.5    20.6   111.2    20.4 C    36.9    14.1    22.3
53877 201507  2.422  -82.6142   35.4945    28.9    16.7    22.8    22.0    88.4    18.3 C    37.0    16.1    23.4
53877 201508  2.422  -82.6142   35.4945    28.2    15.4    21.8    20.8    51.4    17.1 C    37.9    14.5    22.2
53877 201509  2.422  -82.6142   35.4945    25.4    12.7    19.1    18.1   125.3    12.8 C    39.0    11.4    20.1
53877 201510  2.422  -82.6142   35.4945    19.4     6.3    12.9    12.1   222.5    10.6 C    25.4     6.1    12.6
53877 201511  2.422  -82.6142   35.4945    15.5     4.3     9.9     9.7   234.1     6.7 C    18.6     3.4     9.1
53877 201512  2.422  -82.6142   35.4945    16.0     3.5     9.7     9.3   238.6     5.7 C    18.2     2.3     8.2
53877 201601  2.422  -82.6142   35.4945     6.8    -5.3     0.8     0.0    91.1     7.2 C     8.9    -6.7    -1.0
53877 201602  2.422  -82.6142   35.4945     9.1    -2.3     3.4     2.9   177.6     9.0 C    15.7    -3.0     3.1
53877 201603  2.422  -82.6142   35.4945    18.2     2.5    10.3    10.3    31.2    15.0 C    25.0     1.2    10.1
53877 201604  2.422  -82.6142   35.4945    20.5     4.8    12.7    12.9    64.8    19.7 C    31.1     3.3    13.6
53877 201605  2.422  -82.6142   35.4945    22.7     9.8    16.2    16.0    52.0    18.0 C    32.3     9.2    17.5
53877 201606  2.422  -82.6142   35.4945    29.7    14.2    22.0    21.4    32.8    21.2 C    47.6    13.3    24.9
53877 201607  2.422  -82.6142   35.4945    30.4    16.8    23.6    22.3   147.8    19.4 C    40.9    16.9    24.5
53877 201608  2.422  -82.6142   35.4945    28.6    17.9    23.2    22.2   112.2    17.3 C    37.1    17.5    23.7
53877 201609  2.422  -82.6142   35.4945    27.6    13.4    20.5    19.5    25.9    15.6 C    38.5    12.4    20.9
53877 201610  2.422  -82.6142   35.4945    22.7     6.8    14.7    13.7    20.4    12.7 C    35.2     5.5    14.7
53877 201611  2.422  -82.6142   35.4945    17.5     0.5     9.0     8.2    56.7     8.9 C    27.4    -1.4     7.6
53877 201612  2.422  -82.6142   35.4945    10.2    -1.5     4.3     4.2    54.4     5.9 C    16.5    -2.4     4.3
53877 201701  2.422  -82.6142   35.4945    11.5     0.1     5.8     5.5    90.3     6.4 C    16.3    -1.6     4.9
53877 201702  2.422  -82.6142   35.4945    15.5    -0.6     7.5     7.0    20.4     9.8 C    22.8    -2.0     6.7
53877 201703  2.422  -82.6142   35.4945    15.0     1.0     8.0     7.8   106.0    13.8 C    24.7    -0.2     8.5
53877 201704  2.422  -82.6142   35.4945    21.7     7.9    14.8    14.7   183.8    15.7 C    30.1     7.1    15.4
53877 201705  2.422  -82.6142   35.4945    23.4    10.5    17.0    16.7   209.4    17.7 C    32.7    10.1    18.1
53877 201706  2.422  -82.6142   35.4945    25.9    13.6    19.7    19.5    53.6    18.5 C    34.5    13.4    21.1
53877 201707  2.422  -82.6142   35.4945    29.2    16.0    22.6    21.8    87.2    19.4 C    36.7    15.6    23.0
