25380 201207  2.514 -135.6900   58.4292 -9999.0 -9999.0 -9999.0 -9999.0 -9999.0 -9999.0 U -9999.0 -9999.0 -9999.0
25380 201208  2.514 -135.6900   58.4292    15.8     7.7    11.8    11.8   173.7    10.2 C    20.3     8.5    13.4
25380 201209  2.514 -135.6900   58.4292    12.5     6.9     9.7     9.8   254.0     4.7 C    13.7     7.5    10.2
25380 201210  2.514 -135.6900   58.4292     7.6    -0.6     3.5     3.6    76.8     4.4 C     8.3     0.0     3.2
25380 201211  2.514 -135.6900   58.4292     1.8    -4.1    -1.1    -0.8    95.7     0.9 C     0.6    -4.5    -1.6
25380 201212  2.514 -135.6900   58.4292    -1.1    -7.7    -4.4    -4.1   102.4     0.4 C    -3.3   -10.3    -6.1
25380 201301  2.514 -135.6900   58.4292     1.8    -2.2    -0.2     0.0   187.8     0.5 C    -0.1    -3.3    -1.3
25380 201302  2.514 -135.6900   58.4292     4.4     0.0     2.2     2.3   109.4     1.9 C     2.4    -0.4     0.8
25380 201303  2.514 -135.6900   58.4292     3.0    -6.7    -1.9    -1.3    51.9     7.8 C     5.9    -7.1    -1.4
25380 201304  2.514 -135.6900   58.4292     5.8    -3.0     1.4     1.9   122.4    11.8 C    11.5    -3.7     2.6
25380 201305  2.514 -135.6900   58.4292    13.1     2.1     7.6     8.1   132.5    15.6 C    19.9     3.0    10.5
25380 201306  2.514 -135.6900   58.4292    18.8     6.5    12.6    12.9    55.8    18.5 C    29.6     6.7    16.3
25380 201307  2.514 -135.6900   58.4292    17.3     8.5    12.9    13.2    75.9    14.9 C    27.0     8.3    15.7
25380 201308  2.514 -135.6900   58.4292    17.8     7.4    12.6    13.0    91.1    12.7 C    24.7     7.1    14.7
25380 201309  2.514 -135.6900   58.4292    14.4     6.9    10.6    10.8   147.0     6.1 C    17.4     6.3    11.0
25380 201310  2.514 -135.6900   58.4292     9.8     3.5     6.6     6.9   216.9     2.5 C    10.1     3.8     6.9
25380 201311  2.514 -135.6900   58.4292     2.3    -4.8    -1.2    -0.8   157.3     1.4 C     1.2    -3.3    -0.9
25380 201312  2.514 -135.6900   58.4292     0.0    -6.0    -3.0    -3.0   250.4     0.4 C    -2.0    -7.8    -4.8
25380 201401  2.514 -135.6900   58.4292     3.9    -0.1     1.9     2.0   226.7     0.7 C     1.3    -0.7     0.4
25380 201402  2.514 -135.6900   58.4292     1.1   -12.3    -5.6    -5.5    27.7     5.1 C    -1.0   -13.0    -7.2
25380 201403  2.514 -135.6900   58.4292     4.5    -6.5    -1.0    -0.5    60.4     9.6 C     5.4    -7.2    -2.1
25380 201404  2.514 -135.6900   58.4292     9.7    -2.0     3.9     4.3    63.5    13.0 C    16.8    -2.9     5.1
25380 201405  2.514 -135.6900   58.4292    15.4     2.1     8.7     9.8    29.8    18.1 C    26.7     0.5    12.1
25380 201406  2.514 -135.6900   58.4292    15.3     5.2    10.3    10.8   113.7    14.9 C    24.7     4.0    12.8
25380 201407  2.514 -135.6900   58.4292    17.0     9.1    13.1    13.2   174.0    13.9 C    22.9     8.8    14.6
25380 201408  2.514 -135.6900   58.4292    17.2     8.3    12.7    13.0   189.4    11.3 C    20.9     8.2    13.9
25380 201409  2.514 -135.6900   58.4292    14.2     6.5    10.3    10.3   178.4     6.1 C    15.7     7.2    11.0
25380 201410  2.514 -135.6900   58.4292     9.4     1.9     5.7     5.9   182.9     2.9 C     9.1     2.6     5.8
25380 201411  2.514 -135.6900   58.4292     4.1    -2.5     0.8     0.9    97.3     1.5 C     3.2    -2.6     0.4
25380 201412  2.514 -135.6900   58.4292     3.1    -3.1     0.0     0.2    94.0     0.4 C     1.3    -3.7    -1.0
25380 201501  2.514 -135.6900   58.4292     3.7    -1.4     1.2     1.4   251.3     0.7 C     1.3    -2.1    -0.1
25380 201502  2.514 -135.6900   58.4292     2.8    -5.0    -1.1    -1.0    86.2     2.6 C     1.0    -4.5    -1.9
25380 201503  2.514 -135.6900   58.4292     6.3    -2.6     1.9     2.0   102.8     6.3 C     7.9    -2.9     1.7
25380 201504  2.514 -135.6900   58.4292     9.1    -0.4     4.4     4.9   105.3    10.1 C    14.2    -0.8     5.4
25380 201505  2.514 -135.6900   58.4292    15.9     1.4     8.6     9.5    18.8    19.8 C    27.8     0.1    12.2
25380 201506  2.514 -135.6900   58.4292    17.4     7.3    12.4    12.8    65.2    15.7 C    26.2     5.8    14.6
25380 201507  2.514 -135.6900   58.4292    16.7     9.6    13.1    13.3   230.3    12.9 C    22.4     9.3    14.6
25380 201508  2.514 -135.6900   58.4292    17.4     7.6    12.5    12.8   186.8    12.8 C    20.9     7.6    13.5
25380 201509  2.514 -135.6900   58.4292    13.1     5.3     9.2     9.6   219.3     7.2 C    14.5     5.9     9.7
25380 201510  2.514 -135.6900   58.4292    10.1     2.7     6.4     6.3   191.0     4.0 C    10.0     3.3     6.4
25380 201511  2.514 -135.6900   58.4292     4.5    -0.2     2.1     2.4   207.3     1.2 C     3.4    -0.7     1.7
25380 201512  2.514 -135.6900   58.4292     2.8    -2.3     0.3     0.5    59.3     0.7 C     1.5    -3.1    -0.5
25380 201601  2.514 -135.6900   58.4292     4.3    -1.5     1.4     1.4   109.5     1.1 C     3.1    -2.1     0.3
25380 201602  2.514 -135.6900   58.4292     6.2    -0.9     2.6     2.6    81.2     3.1 C     6.1    -1.8     1.6
25380 201603  2.514 -135.6900   58.4292     8.6    -2.1     3.3     3.5    56.8     7.6 C    12.3    -3.6     3.2
25380 201604  2.514 -135.6900   58.4292    10.6     1.3     6.0     6.4    98.3     9.9 C    16.6     0.1     7.2
25380 201605  2.514 -135.6900   58.4292    15.1     2.9     9.0     9.8    98.1    16.0 C    22.2     2.2    11.1
25380 201606  2.514 -135.6900   58.4292    17.3     6.5    11.9    12.4    92.1    16.9 C    24.4     5.3    13.9
25380 201607  2.514 -135.6900   58.4292    18.2    10.2    14.2    14.4    95.2    12.3 C    23.5     9.1    15.4
25380 201608  2.514 -135.6900   58.4292    18.0    10.1    14.0    14.1   121.5     9.5 C    21.9     9.1    14.4
25380 201609  2.514 -135.6900   58.4292    14.8     5.5    10.1    10.4   217.4     7.2 C    16.7     4.9    10.2
25380 201610  2.514 -135.6900   58.4292     9.6    -2.7     3.5     3.4    75.0     5.1 C    10.7    -4.3     2.0
25380 201611  2.514 -135.6900   58.4292     6.3    -1.4     2.4     2.2   146.8     1.4 C     4.6    -2.3     0.9
25380 201612  2.514 -135.6900   58.4292     0.4    -7.7    -3.6    -3.2   166.9     0.6 C    -2.0    -8.7    -5.1
25380 201701  2.514 -135.6900   58.4292     2.1    -4.9    -1.4    -1.2   132.7     1.2 C    -0.4    -5.7    -2.8
25380 201702  2.514 -135.6900   58.4292     3.6    -6.8    -1.6    -1.1    83.1     3.6 C     2.0    -8.0    -3.0
25380 201703  2.514 -135.6900   58.4292     1.4    -6.4    -2.5    -2.1    66.5     7.0 C    -0.3   -10.1    -4.7
25380 201704  2.514 -135.6900   58.4292    11.6    -2.4     4.6     5.3    34.5    13.2 C    17.8    -5.3     5.0
25380 201705  2.514 -135.6900   58.4292    13.4     1.5     7.4     8.2    58.4    13.8 C    21.7    -1.2     9.3
25380 201706  2.514 -135.6900   58.4292    14.8     6.4    10.6    10.9    81.3    11.9 C    20.9     4.7    12.0
25380 201707  2.514 -135.6900   58.4292 -9999.0 -9999.0 -9999.0 -9999.0   107.8    11.1 C    21.3     8.2    13.8
