53167 201007  6.101 -111.4137   40.5467 -9999.0 -9999.0 -9999.0 -9999.0 -9999.0 -9999.0 U -9999.0 -9999.0 -9999.0
53167 201008  6.101 -111.4137   40.5467    28.5    10.6    19.6    19.7    25.2 -9999.0 U -9999.0 -9999.0 -9999.0
53167 201009  6.101 -111.4137   40.5467    26.1     4.9    15.5    15.6     3.8 -9999.0 U -9999.0 -9999.0 -9999.0
53167 201010  6.101 -111.4137   40.5467    17.3     2.2     9.7     9.0    94.9 -9999.0 U -9999.0 -9999.0 -9999.0
53167 201011  6.101 -111.4137   40.5467     5.9    -5.5     0.2     0.2    40.5 -9999.0 U -9999.0 -9999.0 -9999.0
53167 201012  6.101 -111.4137   40.5467     2.9    -5.7    -1.4    -1.5   141.7 -9999.0 U -9999.0 -9999.0 -9999.0
53167 201101  6.101 -111.4137   40.5467    -2.2   -12.0    -7.1    -6.8    21.3 -9999.0 U -9999.0 -9999.0 -9999.0
53167 201102  6.101 -111.4137   40.5467     0.9    -9.9    -4.5    -4.3    47.6 -9999.0 U -9999.0 -9999.0 -9999.0
53167 201103  6.101 -111.4137   40.5467     7.4    -3.1     2.1     2.3    37.7 -9999.0 U -9999.0 -9999.0 -9999.0
53167 201104  6.101 -111.4137   40.5467    10.3    -1.7     4.3     4.2    64.5 -9999.0 U -9999.0 -9999.0 -9999.0
53167 201105  6.101 -111.4137   40.5467    15.2     2.2     8.7     8.7    89.0 -9999.0 U -9999.0 -9999.0 -9999.0
53167 201106  6.101 -111.4137   40.5467    23.9     5.6    14.8    15.2    13.9 -9999.0 U -9999.0 -9999.0 -9999.0
53167 201107  6.101 -111.4137   40.5467    29.3    11.5    20.4    19.8    34.7 -9999.0 U -9999.0 -9999.0 -9999.0
53167 201108  6.101 -111.4137   40.5467    30.5    10.8    20.6    20.6    24.2 -9999.0 U -9999.0 -9999.0 -9999.0
53167 201109  6.101 -111.4137   40.5467    25.5     5.4    15.5    14.9    19.2 -9999.0 U -9999.0 -9999.0 -9999.0
53167 201110  6.101 -111.4137   40.5467    16.9     0.2     8.6     8.0    31.4 -9999.0 U -9999.0 -9999.0 -9999.0
53167 201111  6.101 -111.4137   40.5467     8.1    -5.4     1.3     1.1    16.0 -9999.0 U -9999.0 -9999.0 -9999.0
53167 201112  6.101 -111.4137   40.5467     3.4   -10.4    -3.5    -4.1     2.6 -9999.0 U -9999.0 -9999.0 -9999.0
53167 201201  6.101 -111.4137   40.5467     4.7    -8.6    -2.0    -2.0    36.9 -9999.0 U -9999.0 -9999.0 -9999.0
53167 201202  6.101 -111.4137   40.5467     2.9    -7.4    -2.3    -2.3    35.2 -9999.0 U -9999.0 -9999.0 -9999.0
53167 201203  6.101 -111.4137   40.5467    11.9    -1.8     5.0     5.1    25.1 -9999.0 U -9999.0 -9999.0 -9999.0
53167 201204  6.101 -111.4137   40.5467    16.4     0.2     8.3     8.5    18.9 -9999.0 U -9999.0 -9999.0 -9999.0
53167 201205  6.101 -111.4137   40.5467    21.4     3.4    12.4    12.9    16.7 -9999.0 U -9999.0 -9999.0 -9999.0
53167 201206  6.101 -111.4137   40.5467    28.4     7.5    17.9    18.9     0.0 -9999.0 U -9999.0 -9999.0 -9999.0
53167 201207  6.101 -111.4137   40.5467    30.4    12.5    21.4    21.2    15.0 -9999.0 U -9999.0 -9999.0 -9999.0
53167 201208  6.101 -111.4137   40.5467    31.4    12.2    21.8    21.6     7.9 -9999.0 U -9999.0 -9999.0 -9999.0
53167 201209  6.101 -111.4137   40.5467    25.7     6.7    16.2    15.5    34.4 -9999.0 U -9999.0 -9999.0 -9999.0
53167 201210  6.101 -111.4137   40.5467    17.1     0.8     8.9     8.5    24.2 -9999.0 U -9999.0 -9999.0 -9999.0
53167 201211  6.101 -111.4137   40.5467    10.3    -3.2     3.6     3.3    71.4 -9999.0 U -9999.0 -9999.0 -9999.0
53167 201212  6.101 -111.4137   40.5467     1.6    -6.6    -2.5    -2.3    27.2 -9999.0 U -9999.0 -9999.0 -9999.0
53167 201301  6.101 -111.4137   40.5467    -3.0   -13.6    -8.3    -8.1    21.3 -9999.0 U -9999.0 -9999.0 -9999.0
53167 201302  6.101 -111.4137   40.5467     2.3    -9.2    -3.5    -3.6     6.0 -9999.0 U -9999.0 -9999.0 -9999.0
53167 201303  6.101 -111.4137   40.5467    10.6    -3.6     3.5     3.4    11.2 -9999.0 U -9999.0 -9999.0 -9999.0
53167 201304  6.101 -111.4137   40.5467    12.0    -2.1     4.9     5.2    44.2 -9999.0 U -9999.0 -9999.0 -9999.0
53167 201305  6.101 -111.4137   40.5467    20.0     3.5    11.8    12.1    16.7 -9999.0 U -9999.0 -9999.0 -9999.0
53167 201306  6.101 -111.4137   40.5467    28.5     7.3    17.9    18.8     0.0 -9999.0 U -9999.0 -9999.0 -9999.0
53167 201307  6.101 -111.4137   40.5467    31.6    13.1    22.3    21.8    48.8 -9999.0 U -9999.0 -9999.0 -9999.0
53167 201308  6.101 -111.4137   40.5467    29.4    11.7    20.6    20.3    31.2 -9999.0 U -9999.0 -9999.0 -9999.0
53167 201309  6.101 -111.4137   40.5467    22.8     8.1    15.5    15.1    70.1 -9999.0 U -9999.0 -9999.0 -9999.0
53167 201310  6.101 -111.4137   40.5467    14.5    -1.0     6.8     6.4    19.2 -9999.0 U -9999.0 -9999.0 -9999.0
53167 201311  6.101 -111.4137   40.5467     8.9    -4.6     2.1     1.9    17.2 -9999.0 U -9999.0 -9999.0 -9999.0
53167 201312  6.101 -111.4137   40.5467    -2.0   -12.6    -7.3    -7.1    35.5 -9999.0 U -9999.0 -9999.0 -9999.0
53167 201401  6.101 -111.4137   40.5467     2.4   -10.1    -3.8    -4.0    23.2 -9999.0 U -9999.0 -9999.0 -9999.0
53167 201402  6.101 -111.4137   40.5467     5.3    -4.9     0.2     0.2    56.1 -9999.0 U -9999.0 -9999.0 -9999.0
53167 201403  6.101 -111.4137   40.5467    10.8    -3.7     3.6     3.5    22.1 -9999.0 U -9999.0 -9999.0 -9999.0
53167 201404  6.101 -111.4137   40.5467    13.9    -1.0     6.4     6.8    24.4 -9999.0 U -9999.0 -9999.0 -9999.0
53167 201405  6.101 -111.4137   40.5467    20.9     4.1    12.5    12.8    15.2 -9999.0 U -9999.0 -9999.0 -9999.0
53167 201406  6.101 -111.4137   40.5467 -9999.0 -9999.0 -9999.0 -9999.0 -9999.0 -9999.0 U -9999.0 -9999.0 -9999.0
