53166 201008  6.101 -113.3794   37.2157 -9999.0 -9999.0 -9999.0 -9999.0 -9999.0 -9999.0 U -9999.0 -9999.0 -9999.0
53166 201009  6.101 -113.3794   37.2157    34.0    18.2    26.1    26.5     0.0 -9999.0 U -9999.0 -9999.0 -9999.0
53166 201010  6.101 -113.3794   37.2157    22.8    12.1    17.5    17.3    73.0 -9999.0 U -9999.0 -9999.0 -9999.0
53166 201011  6.101 -113.3794   37.2157    14.3     3.6     8.9     8.9    18.9 -9999.0 U -9999.0 -9999.0 -9999.0
53166 201012  6.101 -113.3794   37.2157    10.5     3.3     6.9     6.7   131.2 -9999.0 U -9999.0 -9999.0 -9999.0
53166 201101  6.101 -113.3794   37.2157     9.9    -0.4     4.8     4.6     1.9 -9999.0 U -9999.0 -9999.0 -9999.0
53166 201102  6.101 -113.3794   37.2157    11.3     0.5     5.9     5.6    56.7 -9999.0 U -9999.0 -9999.0 -9999.0
53166 201103  6.101 -113.3794   37.2157    17.0     5.3    11.1    11.2    27.7 -9999.0 U -9999.0 -9999.0 -9999.0
53166 201104  6.101 -113.3794   37.2157    20.4     7.5    13.9    14.0    22.2 -9999.0 U -9999.0 -9999.0 -9999.0
53166 201105  6.101 -113.3794   37.2157    24.5    10.7    17.6    17.9    13.0 -9999.0 U -9999.0 -9999.0 -9999.0
53166 201106  6.101 -113.3794   37.2157    33.2    18.0    25.6    26.2     0.0 -9999.0 U -9999.0 -9999.0 -9999.0
53166 201107  6.101 -113.3794   37.2157    36.3    21.8    29.1    29.3    10.9 -9999.0 U -9999.0 -9999.0 -9999.0
53166 201108  6.101 -113.3794   37.2157    38.1    23.0    30.6    31.0     0.3 -9999.0 U -9999.0 -9999.0 -9999.0
53166 201109  6.101 -113.3794   37.2157    32.6    18.3    25.5    25.4    17.9 -9999.0 U -9999.0 -9999.0 -9999.0
53166 201110  6.101 -113.3794   37.2157    23.9    10.7    17.3    17.2    35.8 -9999.0 U -9999.0 -9999.0 -9999.0
53166 201111  6.101 -113.3794   37.2157    15.0     4.7     9.8     9.5     9.3 -9999.0 U -9999.0 -9999.0 -9999.0
53166 201112  6.101 -113.3794   37.2157     9.2    -0.3     4.4     4.2     7.7 -9999.0 U -9999.0 -9999.0 -9999.0
53166 201201  6.101 -113.3794   37.2157    12.1     0.9     6.5     6.3    18.2 -9999.0 U -9999.0 -9999.0 -9999.0
53166 201202  6.101 -113.3794   37.2157    12.6     2.3     7.5     7.3    30.2 -9999.0 U -9999.0 -9999.0 -9999.0
53166 201203  6.101 -113.3794   37.2157    18.6     5.3    12.0    12.2    15.1 -9999.0 U -9999.0 -9999.0 -9999.0
53166 201204  6.101 -113.3794   37.2157    23.8     9.9    16.8    16.9    24.1 -9999.0 U -9999.0 -9999.0 -9999.0
53166 201205  6.101 -113.3794   37.2157    30.4    15.8    23.1    23.7     0.0 -9999.0 U -9999.0 -9999.0 -9999.0
53166 201206  6.101 -113.3794   37.2157    36.3    20.1    28.2    29.0     0.0 -9999.0 U -9999.0 -9999.0 -9999.0
53166 201207  6.101 -113.3794   37.2157    35.8    22.3    29.1    29.1    35.9 -9999.0 U -9999.0 -9999.0 -9999.0
53166 201208  6.101 -113.3794   37.2157    36.2    22.9    29.5    29.2    30.9 -9999.0 U -9999.0 -9999.0 -9999.0
53166 201209  6.101 -113.3794   37.2157 -9999.0 -9999.0 -9999.0 -9999.0 -9999.0 -9999.0 U -9999.0 -9999.0 -9999.0
