26565 201406  2.514 -148.4644   70.1618 -9999.0 -9999.0 -9999.0 -9999.0 -9999.0 -9999.0 U -9999.0 -9999.0 -9999.0
26565 201407  2.514 -148.4644   70.1618    10.5     3.6     7.1     7.0    36.1    14.0 C    16.9     3.2     8.8
26565 201408  2.514 -148.4644   70.1618     8.6     2.3     5.5     5.2    21.0     8.6 C    12.9     1.7     6.1
26565 201409  2.514 -148.4644   70.1618     3.6    -0.8     1.4     1.2    19.9     4.3 C     5.6    -1.3     1.2
26565 201410  2.514 -148.4644   70.1618    -3.4    -7.7    -5.6    -5.4    15.5     1.3 C    -3.5    -9.1    -6.0
26565 201411  2.514 -148.4644   70.1618   -10.9   -18.5   -14.7   -14.6     8.1     0.1 C   -11.9   -19.5   -15.6
26565 201412  2.514 -148.4644   70.1618   -19.4   -26.6   -23.0   -22.7    10.4     0.0 C   -19.6   -27.3   -22.9
26565 201501  2.514 -148.4644   70.1618 -9999.0 -9999.0 -9999.0 -9999.0 -9999.0 -9999.0 U -9999.0 -9999.0 -9999.0
26565 201502  2.514 -148.4644   70.1618 -9999.0 -9999.0 -9999.0 -9999.0 -9999.0 -9999.0 U -9999.0 -9999.0 -9999.0
26565 201503  2.514 -148.4644   70.1618 -9999.0 -9999.0 -9999.0 -9999.0 -9999.0 -9999.0 U -9999.0 -9999.0 -9999.0
26565 201504  2.514 -148.4644   70.1618   -10.4   -16.9   -13.7   -13.1    44.7    14.0 C    -9.4   -18.7   -13.2
26565 201505  2.514 -148.4644   70.1618     1.4    -3.2    -0.9    -0.9    21.2    16.6 C     2.1    -3.4    -0.7
26565 201506  2.514 -148.4644   70.1618    13.9     3.1     8.5     8.6    15.6    19.7 C    20.6     2.4    10.1
26565 201507  2.514 -148.4644   70.1618    10.4     3.0     6.7     6.4     3.4    16.7 C    19.7     2.7     9.4
26565 201508  2.514 -148.4644   70.1618     8.2     2.0     5.1     4.9 -9999.0     8.2 C    11.6     1.7     5.8
26565 201509  2.514 -148.4644   70.1618 -9999.0 -9999.0 -9999.0 -9999.0 -9999.0 -9999.0 U -9999.0 -9999.0 -9999.0
26565 201510  2.514 -148.4644   70.1618    -4.5   -10.0    -7.2    -7.0    12.9     2.0 C    -4.5   -10.7    -7.3
26565 201511  2.514 -148.4644   70.1618 -9999.0 -9999.0 -9999.0 -9999.0     5.3     0.3 C   -13.7   -22.0   -17.7
26565 201512  2.514 -148.4644   70.1618 -9999.0 -9999.0 -9999.0 -9999.0 -9999.0 -9999.0 U -9999.0 -9999.0 -9999.0
26565 201601 -9.000 -148.4644   70.1618 -9999.0 -9999.0 -9999.0 -9999.0 -9999.0 -9999.0 U -9999.0 -9999.0 -9999.0
26565 201602 -9.000 -148.4644   70.1618 -9999.0 -9999.0 -9999.0 -9999.0 -9999.0 -9999.0 U -9999.0 -9999.0 -9999.0
26565 201603 -9.000 -148.4644   70.1618 -9999.0 -9999.0 -9999.0 -9999.0 -9999.0 -9999.0 U -9999.0 -9999.0 -9999.0
26565 201604  2.514 -148.4644   70.1618 -9999.0 -9999.0 -9999.0 -9999.0 -9999.0 -9999.0 U -9999.0 -9999.0 -9999.0
26565 201605  2.514 -148.4644   70.1618     1.0    -3.5    -1.3    -1.2    38.7    16.7 C     1.2    -3.6    -1.2
26565 201606  2.514 -148.4644   70.1618     9.8     1.0     5.4     5.1    52.2    18.5 C    14.3     1.0     6.7
26565 201607  2.514 -148.4644   70.1618    13.9     4.2     9.0     8.9    24.2    18.9 C    19.2     4.0    10.6
26565 201608  2.514 -148.4644   70.1618    11.1     3.5     7.3     7.0    45.4     9.7 C    13.3     3.1     7.6
26565 201609  2.514 -148.4644   70.1618     4.4    -1.1     1.7     1.7    36.8     4.1 C     4.1    -1.0     1.4
26565 201610  2.514 -148.4644   70.1618    -2.0    -7.8    -4.9    -4.5     3.6     1.9 C    -2.6    -8.7    -5.1
26565 201611  2.514 -148.4644   70.1618   -10.7   -17.4   -14.0   -13.6    12.3     0.1 C   -10.7   -17.9   -13.7
26565 201612  2.514 -148.4644   70.1618 -9999.0 -9999.0 -9999.0 -9999.0 -9999.0 -9999.0 U -9999.0 -9999.0 -9999.0
26565 201701  2.514 -148.4644   70.1618 -9999.0 -9999.0 -9999.0 -9999.0 -9999.0 -9999.0 U -9999.0 -9999.0 -9999.0
26565 201702  2.514 -148.4644   70.1618   -21.3   -28.9   -25.1   -24.9 -9999.0     1.4 C   -21.9   -30.0   -25.7
26565 201703  2.514 -148.4644   70.1618   -19.9   -28.0   -24.0   -23.3 -9999.0     7.0 C   -20.5   -29.8   -24.5
26565 201704  2.514 -148.4644   70.1618   -11.9   -19.5   -15.7   -15.4 -9999.0    15.5 C   -11.3   -20.8   -15.5
26565 201705  2.514 -148.4644   70.1618    -1.3    -4.5    -2.9    -2.9 -9999.0    17.8 C    -0.9    -4.7    -2.7
26565 201706  2.514 -148.4644   70.1618     6.8     0.3     3.5     3.4    16.5    21.0 C     8.6     0.4     4.1
26565 201707  2.514 -148.4644   70.1618    15.7     5.4    10.5    10.5    22.8    17.9 C    18.7     5.1    11.5
