03067 200510  1.301 -100.9627   38.8701 -9999.0 -9999.0 -9999.0 -9999.0 -9999.0 -9999.0 U -9999.0 -9999.0 -9999.0
03067 200511  1.301 -100.9627   38.8701    15.5    -2.3     6.6     6.0     3.2    10.8 R    20.9    -3.3     5.3
03067 200512  1.301 -100.9627   38.8701     7.2    -8.4    -0.6    -1.4     3.2     8.6 R    10.7    -9.9    -2.6
03067 200601  1.301 -100.9627   38.8701    13.0    -5.7     3.7     3.0     5.3    10.3 R    18.1    -7.3     1.8
03067 200602  1.301 -100.9627   38.8701     9.5    -9.5     0.0    -0.3     0.0    14.0 R    21.3   -10.6     0.8
03067 200603  1.301 -100.9627   38.8701    13.4    -1.2     6.1     5.8    15.3    16.4 R    24.1    -2.8     6.9
03067 200604  1.301 -100.9627   38.8701    23.2     3.7    13.5    13.4    10.0    21.7 R    38.7     2.5    16.1
03067 200605  1.301 -100.9627   38.8701    26.6     9.3    18.0    18.2    78.5    24.7 R    45.7     8.6    22.7
03067 200606  1.301 -100.9627   38.8701    31.7    15.5    23.6    23.6   136.3    26.6 R    48.2    14.8    27.5
03067 200607  1.301 -100.9627   38.8701    34.0    18.6    26.3    26.4    41.9    25.0 R    55.7    18.0    31.9
03067 200608  1.301 -100.9627   38.8701    32.1    17.0    24.6    23.8    56.6    20.4 R    52.1    16.3    28.0
03067 200609  1.301 -100.9627   38.8701    25.2     8.7    17.0    16.7    23.9    19.9 R    41.6     7.7    19.7
03067 200610  1.301 -100.9627   38.8701    18.8     3.1    11.0    10.5    69.2    12.9 R    26.5     2.0    11.0
03067 200611  1.301 -100.9627   38.8701    14.1    -3.9     5.1     4.7     0.6    11.2 R    20.4    -4.8     4.1
03067 200612  1.301 -100.9627   38.8701     7.1    -6.9     0.1    -0.2    85.2     8.5 R    10.5    -7.9    -1.2
03067 200701  1.301 -100.9627   38.8701    -2.3   -12.7    -7.5    -7.3    23.6    11.1 R    -1.8   -14.9    -9.0
03067 200702  1.301 -100.9627   38.8701     1.5    -7.8    -3.2    -3.1     4.5    13.0 R     2.2    -8.8    -4.0
03067 200703  1.301 -100.9627   38.8701    17.0     2.5     9.8     9.2    40.4    17.3 R    24.5     1.5     9.7
03067 200704  1.301 -100.9627   38.8701    15.9     2.6     9.3     9.3    75.2    20.1 R    26.1     1.9    11.0
03067 200705  1.301 -100.9627   38.8701    24.6    10.2    17.4    17.3    50.2    25.9 R    39.2     9.5    20.6
03067 200706  1.301 -100.9627   38.8701    29.1    14.0    21.5    21.3    66.0    26.3 R    47.6    13.7    26.0
03067 200707  1.301 -100.9627   38.8701    32.7    17.8    25.2    25.1    48.6    25.9 R    53.4    17.3    30.4
03067 200708  1.302 -100.9627   38.8701    34.3    19.5    26.9    26.5    30.2    23.0 R    48.7    19.4    30.2
03067 200709  1.302 -100.9627   38.8701    29.1    12.8    20.9    20.5    84.7    19.4 R    39.3    12.6    22.9
03067 200710  1.302 -100.9627   38.8701    22.0     4.6    13.3    13.1     0.5    14.4 R    29.8     3.9    14.4
03067 200711  1.302 -100.9627   38.8701    14.9    -4.7     5.1     4.9     3.3    11.6 R    20.6    -5.4     5.2
03067 200712  1.302 -100.9627   38.8701     4.7    -8.2    -1.7    -2.2    14.9     7.6 R     5.5    -9.0    -2.6
03067 200801  1.302 -100.9627   38.8701     6.3    -9.1    -1.4    -2.1     3.1    10.6 R     8.4    -9.3    -2.3
03067 200802  1.302 -100.9627   38.8701     8.8    -7.8     0.5     0.3     2.1    13.3 R    16.2    -8.1     1.5
03067 200803  1.302 -100.9627   38.8701    13.8    -3.4     5.2     5.2    14.2    17.2 R    27.3    -4.0     7.7
03067 200804  1.302 -100.9627   38.8701    17.6     1.4     9.5     9.3    39.4    21.0 R    30.1     0.8    12.0
03067 200805  1.302 -100.9627   38.8701    23.9     7.7    15.8    15.8    67.2    22.9 R    38.6     7.0    18.8
03067 200806  1.302 -100.9627   38.8701    30.0    13.6    21.8    21.9    56.2    26.9 R    45.5    13.3    26.0
03067 200807  1.302 -100.9627   38.8701    34.5    17.8    26.1    26.0    61.4    25.9 R    50.8    17.7    30.4
03067 200808  2.302 -100.9627   38.8701    30.0    17.2    23.6    23.1    97.6    19.7 R    39.6    17.3    25.4
03067 200809  2.302 -100.9627   38.8701    26.4    11.3    18.8    18.5    30.0    18.2 R    35.7    11.0    20.6
03067 200810  2.302 -100.9627   38.8701    19.9     4.5    12.2    11.8    79.7    13.2 R    24.9     4.3    12.5
03067 200811  2.302 -100.9627   38.8701    13.9    -1.6     6.2     5.6    16.9    10.2 R    18.1    -2.0     5.4
03067 200812  2.302 -100.9627   38.8701     7.1    -9.0    -1.0    -1.9     9.5     8.4 R     8.9    -9.2    -2.0
03067 200901  2.302 -100.9627   38.8701     9.3    -8.7     0.3    -0.4     1.5    10.3 R    13.7    -9.3    -0.6
03067 200902  2.302 -100.9627   38.8701    12.8    -6.3     3.3     2.7     3.4    14.2 R    22.6    -7.0     4.0
03067 200903  2.302 -100.9627   38.8701    15.3    -3.7     5.8     5.4     3.2    17.1 R    27.7    -4.5     7.5
03067 200904  2.302 -100.9627   38.8701    17.6     2.2     9.9     9.6    95.6    18.7 R    28.6     2.0    11.7
03067 200905  2.302 -100.9627   38.8701    23.4     9.3    16.3    16.3    71.8    23.1 R    34.8     9.1    19.3
03067 200906  2.402 -100.9627   38.8701    28.4    14.8    21.6    21.8    50.8    23.3 R    39.5    14.6    24.3
03067 200907  2.402 -100.9627   38.8701    31.5    16.3    23.9    23.7    67.5    25.6 R    46.2    16.4    27.5
03067 200908  2.402 -100.9627   38.8701    31.3    15.8    23.5    23.2    48.1    23.5 R    46.3    15.5    26.9
03067 200909  2.402 -100.9627   38.8701    24.8    11.0    17.9    17.2   132.3    16.9 R    36.4    10.7    19.4
03067 200910  2.402 -100.9627   38.8701    13.9     1.3     7.6     7.2    38.7    10.5 R    19.8     1.0     8.1
03067 200911  2.402 -100.9627   38.8701    14.5    -0.4     7.0     6.0     8.4    10.4 R    19.5    -1.3     6.0
03067 200912  2.402 -100.9627   38.8701     1.0   -10.9    -4.9    -5.1    14.2     8.4 R     4.5   -11.2    -5.2
03067 201001  2.402 -100.9627   38.8701     4.8    -7.9    -1.5    -2.2     4.0     8.5 R     8.0    -7.8    -2.0
03067 201002  2.402 -100.9627   38.8701     4.6    -7.0    -1.2    -1.6    13.5    11.4 R    10.2    -7.4    -0.8
03067 201003  2.402 -100.9627   38.8701    13.7    -1.6     6.1     5.7    75.1    15.7 R    23.2    -2.1     7.0
03067 201004  2.402 -100.9627   38.8701    19.3     3.7    11.5    11.6    38.1    20.8 R    31.1     3.0    13.7
03067 201005  2.402 -100.9627   38.8701    22.1     7.6    14.9    15.0   165.5    21.8 R    30.9     6.9    16.7
03067 201006  2.402 -100.9627   38.8701    31.3    16.3    23.8    23.7    32.3    25.1 R    40.1    15.6    25.5
03067 201007  2.402 -100.9627   38.8701    32.8    19.0    25.9    25.6    89.8    23.7 R    42.4    18.6    27.6
03067 201008  2.402 -100.9627   38.8701    34.1    17.2    25.6    25.5    30.6    22.9 R    47.1    16.6    28.2
03067 201009  2.402 -100.9627   38.8701    30.5    11.7    21.1    20.9     4.4    19.2 R    43.3    10.8    23.6
03067 201010  2.402 -100.9627   38.8701    23.4     4.9    14.2    13.7     3.5    14.9 R    34.8     3.6    15.2
03067 201011  2.402 -100.9627   38.8701    13.6    -4.5     4.6     3.9     3.1    10.5 R    21.2    -6.1     4.5
03067 201012  2.402 -100.9627   38.8701     7.9    -8.3    -0.2    -0.7     5.2     8.0 R    14.7    -9.9    -0.4
03067 201101  2.402 -100.9627   38.8701     6.2   -10.4    -2.1    -2.9     8.2     9.7 R     9.1   -11.6    -3.4
03067 201102  2.402 -100.9627   38.8701     7.6   -10.3    -1.4    -1.6     5.0    13.3 R    12.4   -11.7    -1.7
03067 201103  2.402 -100.9627   38.8701    12.7    -3.2     4.7     4.4    23.9    14.2 R    22.4    -3.9     5.6
03067 201104  2.402 -100.9627   38.8701    20.1     3.0    11.5    11.2    32.8    20.4 R    35.7     2.5    13.9
03067 201105  2.402 -100.9627   38.8701    24.7     6.9    15.8    16.0    42.1    23.7 R    40.3     6.2    19.2
03067 201106  2.402 -100.9627   38.8701    32.3    15.2    23.8    23.6    54.5    25.7 R    47.2    14.8    27.4
03067 201107  2.402 -100.9627   38.8701    36.2    19.9    28.0    27.8   170.6    25.4 R    48.8    19.6    30.9
03067 201108  2.402 -100.9627   38.8701    33.7    17.9    25.8    25.4    57.9    23.0 R    41.1    17.5    26.7
03067 201109  2.402 -100.9627   38.8701    26.5     9.5    18.0    17.9    24.9    18.0 R    37.7     8.5    19.7
03067 201110  2.402 -100.9627   38.8701    21.6     4.2    12.9    12.3   140.9    14.3 R    27.8     3.4    12.9
03067 201111  2.402 -100.9627   38.8701    13.1    -3.8     4.7     4.0    16.3    10.1 R    18.1    -5.0     4.1
03067 201112  2.402 -100.9627   38.8701     3.9    -8.7    -2.4    -2.5    29.2     8.2 R     5.0   -10.8    -3.6
03067 201201  2.402 -100.9627   38.8701    10.0    -7.0     1.5     0.6     0.2     9.5 R    16.0    -8.9     0.2
03067 201202  2.402 -100.9627   38.8701     9.1    -6.5     1.3     0.9    11.2    11.7 R    17.3    -8.4     1.6
03067 201203  2.412 -100.9627   38.8701    20.8     1.1    11.0    11.0    27.8    18.1 R    31.3    -2.3    11.3
03067 201204  2.412 -100.9627   38.8701    20.6     5.7    13.2    13.3    47.7    19.1 C    27.7     3.4    13.7
03067 201205  2.412 -100.9627   38.8701    27.8     9.6    18.7    19.0     8.0    25.2 C    37.3     7.3    20.2
03067 201206  2.412 -100.9627   38.8701    35.4    15.9    25.7    26.1    38.2    27.1 C    45.0    13.9    27.9
03067 201207  2.412 -100.9627   38.8701    36.5    19.4    28.0    28.4    91.8    26.5 C    44.1    17.3    29.2
03067 201208  2.412 -100.9627   38.8701    33.1    15.3    24.2    24.0    78.1    22.3 C    42.7    13.1    25.2
03067 201209  2.412 -100.9627   38.8701    28.2     9.7    19.0    18.5    27.2    17.2 C    37.2     7.1    18.8
03067 201210  2.412 -100.9627   38.8701    19.6     1.7    10.6    10.2    15.6    13.2 C    26.5    -1.0    10.3
03067 201211  2.412 -100.9627   38.8701    17.3    -3.5     6.9     6.1     0.0    10.7 C    23.4    -6.9     5.1
03067 201212  2.412 -100.9627   38.8701     7.1    -8.5    -0.7    -1.1    15.0     7.6 C    10.1   -11.8    -2.3
03067 201301  2.412 -100.9627   38.8701     7.7    -8.8    -0.6    -1.5     2.2     9.7 C    12.6   -11.6    -2.2
03067 201302  2.412 -100.9627   38.8701     8.0    -8.1    -0.1    -0.2    13.6    12.5 C    13.0   -11.1    -0.8
03067 201303  2.412 -100.9627   38.8701    13.8    -4.6     4.6     4.6    11.5    17.6 C    24.4    -6.9     5.8
03067 201304  2.422 -100.9627   38.8701    16.7    -1.2     7.7     7.8    14.7    18.4 C    27.5    -3.8     9.1
03067 201305  2.422 -100.9627   38.8701    26.1     8.2    17.1    17.0    43.3    23.1 C    39.1     5.4    19.0
03067 201306  2.422 -100.9627   38.8701    33.5    15.2    24.4    24.5    16.8    25.5 C    49.5    12.6    27.8
03067 201307  2.422 -100.9627   38.8701    33.1    17.3    25.2    24.8    45.8    23.3 C    50.0    15.5    28.5
03067 201308  2.422 -100.9627   38.8701    31.2    17.5    24.3    24.0   100.4    19.9 C    43.0    16.0    25.8
03067 201309  2.422 -100.9627   38.8701    29.3    13.7    21.5    21.4    89.8    17.5 C    38.3    11.4    22.3
03067 201310  2.422 -100.9627   38.8701    19.1     3.3    11.2    10.8    25.0    14.6 C    27.2     0.4    11.2
03067 201311  2.422 -100.9627   38.8701    12.7    -4.0     4.3     3.8     7.9    10.0 C    18.4    -6.7     3.1
03067 201312  2.422 -100.9627   38.8701     7.0   -10.5    -1.8    -2.6     0.5     8.9 C    12.9   -13.9    -3.7
03067 201401  2.422 -100.9627   38.8701     7.5    -9.9    -1.2    -1.6     7.7     9.1 C    12.0   -13.4    -2.6
03067 201402  2.422 -100.9627   38.8701     4.5    -9.5    -2.5    -2.7    14.7    12.4 C    10.6   -12.2    -2.5
03067 201403  2.422 -100.9627   38.8701    13.7    -4.7     4.5     4.3     4.7    16.7 C    25.2    -8.1     5.4
03067 201404  2.422 -100.9627   38.8701    19.6     2.2    10.9    10.8    15.0    20.9 C    34.0    -1.1    12.9
03067 201405  2.422 -100.9627   38.8701    26.0     8.5    17.2    17.3    23.7    24.0 C    46.7     5.6    21.2
03067 201406  2.422 -100.9627   38.8701    29.4    14.7    22.1    22.0   255.7    24.4 C    44.0    13.5    25.0
03067 201407  2.422 -100.9627   38.8701    30.8    16.9    23.9    23.8    43.9    23.4 C    36.5    15.6    24.4
03067 201408  2.422 -100.9627   38.8701    32.3    16.8    24.6    24.2   115.7    23.8 C    37.9    15.6    24.7
03067 201409  2.422 -100.9627   38.8701    27.4    11.8    19.6    19.3    38.7    18.2 C    33.7    10.6    20.1
03067 201410  2.422 -100.9627   38.8701    22.2     5.0    13.6    12.9    43.0    14.7 C    29.2     2.7    13.0
03067 201411  2.422 -100.9627   38.8701    12.7    -6.2     3.2     2.7     1.3    11.0 C    17.9    -8.7     2.1
03067 201412  2.422 -100.9627   38.8701     6.7    -6.9    -0.1    -0.6    17.2     7.2 C    10.3    -9.0    -1.0
03067 201501  2.422 -100.9627   38.8701     7.9    -7.6     0.1    -0.3     6.7     9.6 C    11.3   -10.2    -1.4
03067 201502  2.422 -100.9627   38.8701     9.0    -8.2     0.4    -0.4    12.7    12.8 C    15.0   -10.7    -0.4
03067 201503  2.422 -100.9627   38.8701    18.3    -1.4     8.4     8.2     1.8    18.6 C    30.0    -4.6     9.2
03067 201504  2.422 -100.9627   38.8701    20.7     3.4    12.0    12.1    20.8    20.5 C    34.7     0.5    14.3
03067 201505  2.422 -100.9627   38.8701    21.7     8.7    15.2    14.8   174.1    19.6 C    32.7     7.1    16.8
03067 201506  2.422 -100.9627   38.8701    31.2    16.4    23.8    23.7    31.4    24.4 C    37.9    14.7    24.5
03067 201507  2.422 -100.9627   38.8701    33.3    17.5    25.4    25.3    72.8    23.8 C    43.4    16.1    27.2
03067 201508  2.422 -100.9627   38.8701    32.9    16.0    24.4    23.8 -9999.0    22.0 C    47.7    14.3    26.9
03067 201509  2.422 -100.9627   38.8701    31.6    14.5    23.0    22.5 -9999.0    17.5 C    45.9    12.2    25.1
03067 201510  2.422 -100.9627   38.8701    22.5     6.6    14.6    14.0 -9999.0    12.2 C    31.9     4.6    14.8
03067 201511  2.422 -100.9627   38.8701    12.3    -2.6     4.9     4.2    37.1     9.5 C    16.3    -4.5     3.7
03067 201512  2.422 -100.9627   38.8701     8.6    -5.7     1.4     0.8     0.0     7.1 C    13.8    -8.3     0.1
03067 201601  2.422 -100.9627   38.8701     8.2    -8.2     0.0    -0.7     2.0     8.0 C    14.6   -10.9    -1.2
03067 201602  2.422 -100.9627   38.8701    12.5    -4.7     3.9     3.6    17.0    13.2 C    19.8    -8.5     2.7
03067 201603  2.422 -100.9627   38.8701    18.0    -1.7     8.2     8.1     8.8    16.8 C    29.5    -5.3     8.8
03067 201604  2.422 -100.9627   38.8701    19.6     3.3    11.4    11.4   115.3    18.9 C    31.0     0.6    13.1
03067 201605  2.422 -100.9627   38.8701    22.5     8.1    15.3    15.2    46.3    20.4 C    31.0     6.6    16.4
03067 201606  2.422 -100.9627   38.8701    32.7    16.1    24.4    24.5    58.9    26.1 C    42.5    14.4    26.2
03067 201607  2.422 -100.9627   38.8701    34.5    18.6    26.6    26.3    57.3    23.3 C    47.4    17.7    29.4
03067 201608  2.422 -100.9627   38.8701    31.4    16.0    23.7    23.4    52.6    18.5 C    44.0    14.8    25.9
03067 201609  2.422 -100.9627   38.8701    29.0    12.5    20.7    20.2    65.2    16.7 C    38.1    11.4    21.4
03067 201610  2.422 -100.9627   38.8701    25.6     5.4    15.5    14.9     0.0    14.1 C    35.9     3.2    15.8
03067 201611  2.422 -100.9627   38.8701    17.2    -2.0     7.6     7.3     1.2     9.5 C    24.3    -4.7     7.0
03067 201612  2.422 -100.9627   38.8701     5.0   -11.8    -3.4    -3.6    10.1     7.4 C     9.7   -14.7    -4.5
03067 201701  2.422 -100.9627   38.8701     5.6    -7.9    -1.2    -1.7    23.3     7.8 C    11.1   -10.5    -2.0
03067 201702  2.422 -100.9627   38.8701    14.2    -4.4     4.9     4.4     6.8    11.9 C    25.9    -7.5     4.8
03067 201703  2.422 -100.9627   38.8701    17.5    -1.3     8.1     7.9    45.5    14.7 C    30.1    -3.8     9.4
03067 201704  2.422 -100.9627   38.8701    19.1     4.6    11.9    11.7   105.0    17.5 C    30.7     2.6    13.6
03067 201705  2.422 -100.9627   38.8701    23.1     7.0    15.0    15.1    89.5    22.4 C    33.3     4.9    16.4
03067 201706  2.422 -100.9627   38.8701    31.0    15.1    23.1    22.8    57.5    24.9 C    38.9    13.1    23.7
03067 201707  2.422 -100.9627   38.8701    33.6    18.0    25.8    25.9    40.3    23.7 C    45.8    16.9    28.1
