53136 200403  1.201 -116.0225   36.6240 -9999.0 -9999.0 -9999.0 -9999.0 -9999.0 -9999.0 U -9999.0 -9999.0 -9999.0
53136 200404  1.201 -116.0225   36.6240    23.1     8.7    15.9    16.4     8.5    23.9 R -9999.0 -9999.0    19.4
53136 200405  1.201 -116.0225   36.6240    29.1    13.4    21.2    22.4     0.0    28.3 R -9999.0 -9999.0    25.9
53136 200406  1.201 -116.0225   36.6240    34.8    18.0    26.4    27.5     1.8    29.2 R -9999.0 -9999.0    31.3
53136 200407  1.201 -116.0225   36.6240    37.2    21.5    29.3    30.5     0.6    27.8 R -9999.0 -9999.0    33.9
53136 200408  1.201 -116.0225   36.6240    35.2    20.6    27.9    28.3    49.6    24.7 R -9999.0 -9999.0    31.0
53136 200409  1.201 -116.0225   36.6240    30.8    14.8    22.8    23.2    12.8    22.3 R -9999.0 -9999.0    25.5
53136 200410  1.201 -116.0225   36.6240    22.0     9.7    15.8    15.9    65.1    14.4 R -9999.0 -9999.0    16.8
53136 200411  1.201 -116.0225   36.6240    14.6     2.9     8.7     8.5    17.0    11.9 R -9999.0 -9999.0     8.7
53136 200412  1.201 -116.0225   36.6240    12.3     1.5     6.9     6.7    39.0     9.5 R -9999.0 -9999.0     6.2
53136 200501  1.201 -116.0225   36.6240    12.7     2.9     7.8     7.6    49.2     9.4 R -9999.0 -9999.0     7.1
53136 200502  1.201 -116.0225   36.6240    12.9     3.3     8.1     7.9    61.5    11.8 R -9999.0 -9999.0     8.4
53136 200503  1.201 -116.0225   36.6240    17.5     4.1    10.8    11.3    24.5    19.6 R -9999.0 -9999.0    12.8
53136 200504  1.201 -116.0225   36.6240    21.3     6.3    13.8    14.4    29.5    23.9 R -9999.0 -9999.0    17.7
53136 200505  1.201 -116.0225   36.6240    28.6    12.9    20.7    21.7    20.3    27.7 R -9999.0 -9999.0    26.5
53136 200506  1.201 -116.0225   36.6240    32.2    16.5    24.4    25.3     2.8    29.9 R -9999.0 -9999.0    30.4
53136 200507  1.201 -116.0225   36.6240    39.0    22.1    30.5    31.3    31.7    27.6 R -9999.0 -9999.0    35.5
53136 200508  1.201 -116.0225   36.6240    35.5    20.2    27.8    28.4     7.6    24.8 R -9999.0 -9999.0    32.4
53136 200509  1.201 -116.0225   36.6240    30.4    14.1    22.3    22.6    11.7    22.4 R -9999.0 -9999.0    25.6
53136 200510  1.201 -116.0225   36.6240    24.1    10.2    17.1    17.3    14.5    16.2 R -9999.0 -9999.0    18.8
53136 200511  1.201 -116.0225   36.6240    18.9     4.5    11.7    11.8     3.3    12.3 R -9999.0 -9999.0    12.3
53136 200512  1.201 -116.0225   36.6240    13.4     0.3     6.9     6.8     2.4     9.0 R -9999.0 -9999.0     6.7
53136 200601  1.201 -116.0225   36.6240    13.7    -0.1     6.8     6.7     9.0    11.7 R -9999.0 -9999.0     6.9
53136 200602  1.201 -116.0225   36.6240    16.6     2.3     9.5     9.5    18.3    15.6 R -9999.0 -9999.0    10.5
53136 200603  1.201 -116.0225   36.6240    14.7     2.2     8.5     8.7    41.3    17.6 R -9999.0 -9999.0    10.7
53136 200604  1.201 -116.0225   36.6240    21.8     7.6    14.7    15.1    15.8    23.2 R -9999.0 -9999.0    17.6
53136 200605  1.301 -116.0225   36.6240    30.5    14.2    22.3    23.3     0.0    27.4 R -9999.0 -9999.0    27.5
53136 200606  1.301 -116.0225   36.6240    36.1    18.9    27.5    28.6     3.7    28.6 R    52.8    18.5    32.9
53136 200607  1.301 -116.0225   36.6240    38.6    23.8    31.2    31.8     3.3    26.1 R    55.7    23.8    36.5
53136 200608  1.301 -116.0225   36.6240    36.3    19.5    27.9    28.9     0.4    27.5 R    53.6    19.1    33.2
53136 200609  1.301 -116.0225   36.6240    31.3    15.1    23.2    23.6     5.2    23.0 R    47.2    14.5    27.2
53136 200610  1.301 -116.0225   36.6240    23.5     9.3    16.4    16.3     4.6    17.1 R    35.7     8.6    18.4
53136 200611  1.301 -116.0225   36.6240    18.7     3.7    11.2    11.2     0.0    12.7 R    27.7     3.0    12.0
53136 200612  1.301 -116.0225   36.6240    12.6    -1.1     5.7     5.4     9.7    10.5 R    18.5    -2.1     5.5
53136 200701  1.301 -116.0225   36.6240    11.9    -1.7     5.1     5.1     0.9    12.6 R    19.7    -2.8     5.5
53136 200702  1.301 -116.0225   36.6240    16.1     1.6     8.9     9.1     7.1    14.9 R    26.2     0.8    10.3
53136 200703  1.301 -116.0225   36.6240    22.3     6.0    14.1    14.4     0.6    20.1 R    36.6     5.1    17.0
53136 200704  1.301 -116.0225   36.6240    24.6     9.2    16.9    17.6     9.7    23.8 R    41.6     8.5    21.3
53136 200705  1.301 -116.0225   36.6240    30.1    13.7    21.9    23.0     0.0    29.7 R    49.3    12.9    27.8
53136 200706  1.302 -116.0225   36.6240    35.6    18.4    27.0    28.3     0.0    31.3 R    54.5    17.1    33.0
53136 200707  1.302 -116.0225   36.6240    39.1    22.8    30.9    31.8     0.5    28.6 R    58.7    21.7    36.4
53136 200708  1.302 -116.0225   36.6240    37.0    22.3    29.6    30.3     7.0    25.8 R    53.9    20.9    33.9
53136 200709  1.302 -116.0225   36.6240    30.3    16.7    23.5    23.9    57.8    22.3 R    44.8    15.5    26.6
53136 200710  1.302 -116.0225   36.6240    24.0     9.4    16.7    16.8     0.0    17.6 R    34.1     8.4    18.1
53136 200711  1.302 -116.0225   36.6240    19.7     4.7    12.2    12.0     6.5    12.7 R    27.5     3.7    12.5
53136 200712  1.302 -116.0225   36.6240     9.5    -1.5     4.0     3.8    14.3    10.2 R    14.0    -2.4     3.7
53136 200801  1.302 -116.0225   36.6240    10.1    -1.2     4.4     4.5    19.8    10.7 R    15.8    -2.2     4.4
53136 200802  1.302 -116.0225   36.6240    15.2     0.7     8.0     8.0     4.6    15.2 R    23.9    -0.3     8.9
53136 200803  1.302 -116.0225   36.6240    19.5     4.1    11.8    12.0     0.0    21.7 R    34.6     3.1    14.9
53136 200804  1.302 -116.0225   36.6240    23.6     7.3    15.5    16.2     0.0    27.1 R    40.8     6.3    20.2
53136 200805  1.302 -116.0225   36.6240    27.0    12.0    19.5    20.2     2.0    27.4 R    44.6    11.2    24.5
53136 200806  1.302 -116.0225   36.6240    35.2    17.2    26.2    27.5     0.0    32.1 R    54.0    16.0    32.2
53136 200807  1.302 -116.0225   36.6240    37.9    22.4    30.2    30.9     4.7    27.5 R    55.8    21.4    35.1
53136 200808  1.302 -116.0225   36.6240    37.8    21.9    29.8    30.7     0.3    27.3 R    55.8    20.9    35.0
53136 200809  1.302 -116.0225   36.6240    33.2    16.6    24.9    25.3     0.4    22.3 R    50.3    15.6    28.7
53136 200810  1.302 -116.0225   36.6240    26.0     9.3    17.7    17.9     5.3    17.4 R    38.0     8.2    19.6
53136 200811  1.302 -116.0225   36.6240    19.9     6.2    13.0    13.0    29.1    11.9 R    26.8     5.0    13.2
53136 200812  1.302 -116.0225   36.6240    10.6    -0.3     5.1     4.8    11.4     9.3 R    16.3    -1.3     5.0
53136 200901  1.302 -116.0225   36.6240    15.0     1.6     8.3     8.1     7.6    12.1 R    22.2     0.0     8.1
53136 200902  1.302 -116.0225   36.6240    13.3     1.6     7.5     7.5    17.8    13.1 R    21.7     0.5     8.1
53136 200903  1.302 -116.0225   36.6240    18.8     3.4    11.1    11.5     0.4    20.5 R    33.7     2.3    14.3
53136 200904  1.302 -116.0225   36.6240    22.9     6.6    14.8    15.6     1.2    24.3 R    39.9     5.7    19.4
53136 200905  1.302 -116.0225   36.6240    31.9    16.2    24.0    24.8     1.6    26.7 R    51.7    15.1    29.4
53136 200906  1.302 -116.0225   36.6240    31.3    17.0    24.1    25.0     0.0    26.8 R    51.0    16.3    30.0
53136 200907  1.302 -116.0225   36.6240    38.7    22.9    30.8    31.6     4.2    26.7 R    58.8    21.8    36.2
53136 200908  1.302 -116.0225   36.6240    36.2    19.3    27.7    28.5     2.3    26.2 R    55.5    18.2    33.1
53136 200909  1.302 -116.0225   36.6240    34.1    17.9    26.0    26.5     0.0    22.5 R    52.0    16.6    30.2
53136 200910  1.302 -116.0225   36.6240    23.3     8.5    15.9    16.2     0.0    16.8 R    37.2     7.2    18.2
53136 200911  1.302 -116.0225   36.6240    19.2     3.6    11.4    11.5     2.4    12.7 R    28.8     2.1    11.9
53136 200912  1.302 -116.0225   36.6240    10.3    -1.4     4.5     4.4     7.1     9.6 R    17.4    -2.8     4.5
53136 201001  1.302 -116.0225   36.6240    12.4     0.7     6.5     6.4    37.4     9.6 R    19.1    -0.7     6.2
53136 201002  2.402 -116.0225   36.6240    13.7     2.5     8.1     7.9    37.9    13.7 R    23.0     1.8     9.2
53136 201003  2.402 -116.0225   36.6240    17.4     3.8    10.6    10.9     7.4    19.3 R    30.0     2.9    13.1
53136 201004  2.402 -116.0225   36.6240    20.6     5.5    13.1    13.8    10.9    23.9 R    36.6     5.2    17.6
53136 201005  2.402 -116.0225   36.6240    24.7    10.0    17.3    18.0     2.4    27.9 R    43.5     9.5    23.0
53136 201006  2.402 -116.0225   36.6240    34.1    17.9    26.0    27.1     0.0    29.8 R    53.1    17.3    32.2
53136 201007  2.402 -116.0225   36.6240    38.5    23.6    31.0    31.9     2.4    28.0 R    58.4    22.7    37.0
53136 201008  2.402 -116.0225   36.6240    35.9    20.1    28.0    28.8     0.0    26.9 R    54.9    19.4    33.5
53136 201009  2.402 -116.0225   36.6240    33.7    15.0    24.3    25.0     0.0    23.0 R    51.2    14.2    28.6
53136 201010  2.402 -116.0225   36.6240    23.9    11.0    17.4    17.4    10.7    14.8 R    36.8    10.2    19.4
53136 201011  2.402 -116.0225   36.6240    16.2     3.0     9.6     9.7     3.6    12.8 R    25.6     1.7    10.7
53136 201012  2.402 -116.0225   36.6240    12.6     2.4     7.5     7.4   124.7     8.1 R    17.5     1.6     7.4
53136 201101  2.402 -116.0225   36.6240    13.3     0.1     6.7     6.3     4.7    11.7 R    21.0    -0.9     6.5
53136 201102  2.402 -116.0225   36.6240    13.4    -0.2     6.6     6.7     7.1    15.7 R    23.8    -1.2     8.0
53136 201103  2.402 -116.0225   36.6240    18.5     4.4    11.4    11.6     9.4    18.3 R    30.3     3.6    13.7
53136 201104  2.402 -116.0225   36.6240    21.9     6.7    14.3    15.0     0.0    24.4 R    39.2     6.4    19.5
53136 201105  2.402 -116.0225   36.6240    24.7     9.3    17.0    17.9     6.8    25.9 R    41.9     9.2    22.3
53136 201106  2.402 -116.0225   36.6240    32.6    16.0    24.3    25.2     0.0    30.1 R    50.7    15.7    30.4
53136 201107  2.402 -116.0225   36.6240    36.2    20.3    28.2    29.0    27.4    26.0 R    51.6    20.2    32.9
53136 201108  2.402 -116.0225   36.6240    37.6    19.9    28.8    29.5     0.0    26.5 R    53.1    19.6    33.5
53136 201109  2.402 -116.0225   36.6240    33.1    16.3    24.7    25.0     1.8    20.4 R    48.6    16.0    28.6
53136 201110  2.402 -116.0225   36.6240    26.0    10.0    18.0    18.0     7.2    16.7 R    37.4     9.4    20.0
53136 201111  2.402 -116.0225   36.6240    15.8     1.2     8.5     8.4     0.2    11.4 R    24.1     0.7     9.6
53136 201112  2.402 -116.0225   36.6240    12.6    -1.3     5.6     5.3     2.4    10.1 R    19.7    -2.2     5.8
53136 201201  2.402 -116.0225   36.6240    15.1     0.1     7.6     7.3     1.5    11.2 R    22.7    -1.0     7.8
53136 201202  2.412 -116.0225   36.6240    15.3     1.8     8.5     8.5     5.5    13.4 R    26.7     0.5    10.0
53136 201203  2.412 -116.0225   36.6240    19.6     4.6    12.1    12.5    23.2    16.5 C    31.4     2.9    14.1
53136 201204  2.412 -116.0225   36.6240    24.1     8.9    16.5    17.0     7.6    21.0 C    38.3     7.7    20.1
53136 201205  2.412 -116.0225   36.6240    30.5    14.4    22.4    23.3     0.0    25.7 C    46.6    12.9    27.3
53136 201206  2.412 -116.0225   36.6240    35.2    18.7    26.9    28.0     0.0    27.3 C    50.8    17.0    31.9
53136 201207  2.412 -116.0225   36.6240    36.6    20.2    28.4    29.3     7.2    23.0 C    52.0    19.4    33.2
53136 201208  2.412 -116.0225   36.6240    37.4    22.9    30.1    30.5    19.1    20.9 C    53.3    22.2    34.5
53136 201209  2.412 -116.0225   36.6240    33.7    17.9    25.8    26.2     0.0    18.4 C    48.9    16.8    29.4
53136 201210  2.412 -116.0225   36.6240    25.7    10.7    18.2    18.3    12.5    14.4 C    36.3     9.3    19.7
53136 201211  2.412 -116.0225   36.6240    19.8     4.7    12.2    12.2     3.0    10.6 C    28.1     3.3    12.6
53136 201212  2.412 -116.0225   36.6240    11.6     0.8     6.2     6.0    13.5     7.7 C    17.9    -0.4     6.1
53136 201301  2.412 -116.0225   36.6240    11.9    -0.6     5.7     5.5     8.8     9.7 C    19.3    -2.5     5.4
53136 201302  2.422 -116.0225   36.6240    14.6     0.6     7.6     7.6     1.8    13.5 C    25.6    -1.0     8.9
53136 201303  2.422 -116.0225   36.6240    21.6     6.7    14.2    14.5     6.1    19.4 C    36.3     4.6    16.7
53136 201304  2.422 -116.0225   36.6240    25.1     9.3    17.2    17.8     1.2    25.0 C    44.1     7.1    21.8
53136 201305  2.422 -116.0225   36.6240    28.9    13.8    21.4    21.9     4.3    27.6 C    47.4    11.6    26.1
53136 201306  2.422 -116.0225   36.6240    36.6    19.8    28.2    29.3     0.0    29.7 C    54.7    17.4    33.6
53136 201307  2.422 -116.0225   36.6240    38.2    23.1    30.7    31.3     9.9    25.5 C    56.2    21.8    35.6
53136 201308  2.422 -116.0225   36.6240    35.7    20.3    28.0    28.6     1.5    24.4 C    52.7    18.6    32.2
53136 201309  2.422 -116.0225   36.6240    31.1    17.0    24.1    24.2    13.1    20.7 C    46.0    15.5    27.1
53136 201310  2.422 -116.0225   36.6240    23.0     7.9    15.4    15.4     6.6    17.0 C    35.3     6.0    17.0
53136 201311  2.422 -116.0225   36.6240    17.6     4.2    10.9    10.8    23.5    11.3 C    26.3     2.2    11.0
53136 201312  2.422 -116.0225   36.6240    13.0    -0.2     6.4     6.1     0.7    10.6 C    19.9    -2.4     5.5
53136 201401  2.422 -116.0225   36.6240    16.9     1.9     9.4     9.2     2.0    11.0 C    25.1    -0.6     8.6
53136 201402  2.422 -116.0225   36.6240    17.4     2.2     9.8     9.7    10.8    13.9 C    28.6     0.1    10.7
53136 201403  2.422 -116.0225   36.6240    20.4     5.8    13.1    13.4     1.0    19.6 C    34.2     3.7    15.5
53136 201404  2.422 -116.0225   36.6240    24.2     9.1    16.7    17.4     3.0    23.6 C    40.1     7.3    20.6
53136 201405  2.422 -116.0225   36.6240    29.1    14.1    21.6    22.5     6.6    27.3 C    45.3    12.2    25.9
53136 201406  2.422 -116.0225   36.6240    35.4    18.6    27.0    28.1     0.0    29.8 C    52.5    16.6    32.2
53136 201407  2.422 -116.0225   36.6240    37.9    23.6    30.7    31.3     4.8    25.9 C    55.6    22.1    35.4
53136 201408  2.422 -116.0225   36.6240    34.3    19.8    27.0    27.4    28.3    23.7 C    48.1    18.3    30.3
53136 201409  2.422 -116.0225   36.6240    33.0    17.5    25.2    25.6     8.8    21.3 C    47.1    16.4    28.7
53136 201410  2.422 -116.0225   36.6240    27.8    11.5    19.7    19.9     0.0    16.8 C    40.2     9.7    21.5
53136 201411  2.422 -116.0225   36.6240    18.8     3.7    11.3    11.2 -9999.0    11.9 C    28.2     1.9    11.7
53136 201412  2.422 -116.0225   36.6240    12.0     1.9     6.9     6.7    29.5     8.0 C    17.3     0.6     6.4
53136 201501  2.422 -116.0225   36.6240    15.5     2.8     9.2     8.7     9.6     9.6 C    21.9     0.7     8.4
53136 201502  2.422 -116.0225   36.6240    19.7     4.5    12.1    12.1     7.7    14.8 C    29.1     3.0    12.9
53136 201503  2.422 -116.0225   36.6240    22.7     7.0    14.8    15.1    15.4    19.5 C    35.2     5.2    16.9
53136 201504  2.422 -116.0225   36.6240    23.8     7.8    15.8    16.4     2.6    25.4 C    40.2     6.3    20.1
53136 201505  2.422 -116.0225   36.6240    26.7    12.3    19.5    20.1     6.2    26.2 C    43.1    11.1    24.2
53136 201506  2.422 -116.0225   36.6240    36.4    20.2    28.3    29.4     0.0    28.6 C    53.1    18.7    33.3
53136 201507  2.422 -116.0225   36.6240    34.9    21.3    28.1    28.6    33.1    26.9 C    48.3    19.9    31.7
53136 201508  2.422 -116.0225   36.6240    37.3    22.1    29.7    30.3    21.5    24.8 C    49.5    20.5    32.4
53136 201509  2.422 -116.0225   36.6240    34.0    18.0    26.0    26.5     0.0    22.4 C    46.8    17.0    29.3
53136 201510  2.422 -116.0225   36.6240    24.7    12.9    18.8    18.7    53.7    14.4 C    32.0    11.6    19.3
53136 201511  2.422 -116.0225   36.6240    15.1     2.2     8.6     8.5     4.3    12.9 C    22.7     0.7     9.0
53136 201512  2.422 -116.0225   36.6240    11.1    -1.9     4.6     4.5     2.2    10.0 C    18.1    -3.3     4.7
53136 201601  2.422 -116.0225   36.6240    11.7     0.7     6.2     5.8    28.6     9.5 C    17.2    -0.8     5.8
53136 201602  2.422 -116.0225   36.6240    18.3     3.1    10.7    10.5    13.1    16.4 C    26.9     1.4    11.1
53136 201603  2.422 -116.0225   36.6240    20.2     5.2    12.7    13.3     5.9    19.0 C    32.2     4.1    15.4
53136 201604  2.422 -116.0225   36.6240    23.3     9.3    16.3    16.6    29.0    21.3 C    36.4     8.6    19.6
53136 201605  2.422 -116.0225   36.6240    27.0    12.7    19.9    20.3     3.0    25.6 C    41.5    11.8    24.1
53136 201606  2.422 -116.0225   36.6240    37.0    20.7    28.9    29.9    11.5    28.5 C    51.6    19.6    33.7
53136 201607  2.422 -116.0225   36.6240    38.4    22.3    30.3    31.4    12.1    28.6 C    52.0    21.1    34.9
53136 201608  2.422 -116.0225   36.6240    36.9    21.1    29.0    29.8     1.3    25.4 C    52.1    20.3    33.8
53136 201609  2.422 -116.0225   36.6240    31.6    15.5    23.5    24.2     0.0    21.6 C    46.4    14.4    27.6
53136 201610  2.422 -116.0225   36.6240    25.6    11.7    18.6    18.9    17.3    15.4 C    36.0    10.2    20.2
53136 201611  2.422 -116.0225   36.6240    19.0     4.7    11.8    11.5     3.8    11.9 C    27.7     3.3    12.1
53136 201612  2.422 -116.0225   36.6240    11.8    -0.3     5.8     5.7    27.5     8.9 C    18.5    -1.6     5.8
53136 201701  2.422 -116.0225   36.6240    11.3     1.3     6.3     6.1    32.6     9.6 C    17.7    -0.2     6.2
53136 201702  2.422 -116.0225   36.6240    15.6     4.8    10.2    10.2    16.6    12.3 C    24.5     3.2    10.8
53136 201703  2.422 -116.0225   36.6240    22.2     6.2    14.2    14.5     3.5    18.9 C    34.6     4.5    16.3
53136 201704  2.422 -116.0225   36.6240    24.1     8.8    16.4    17.0     0.0    24.2 C    38.5     7.7    20.4
53136 201705  2.422 -116.0225   36.6240    29.2    12.9    21.1    21.8     0.0    27.7 C    45.5    12.1    26.3
53136 201706  2.422 -116.0225   36.6240    36.9    19.6    28.2    29.2     0.0    30.3 C    53.2    18.2    33.6
53136 201707  2.422 -116.0225   36.6240    39.1    23.2    31.1    31.9    21.0    26.2 C    55.4    22.5    36.3
