03739 200403  1.201  -75.9270   37.2907 -9999.0 -9999.0 -9999.0 -9999.0 -9999.0 -9999.0 U -9999.0 -9999.0 -9999.0
03739 200404  1.201  -75.9270   37.2907    18.1     9.1    13.6    13.4    94.9    18.5 R -9999.0 -9999.0    14.0
03739 200405  1.201  -75.9270   37.2907    25.9    17.6    21.7    21.4    86.8    15.2 R -9999.0 -9999.0    19.8
03739 200406  1.201  -75.9270   37.2907    26.6    19.5    23.1    23.0   167.5    21.5 R -9999.0 -9999.0    25.0
03739 200407  1.201  -75.9270   37.2907    28.6    21.8    25.2    25.4   270.8    21.2 R -9999.0 -9999.0    26.7
03739 200408  1.201  -75.9270   37.2907    27.2    19.9    23.5    23.8   275.6    18.9 R -9999.0 -9999.0    25.4
03739 200409  1.201  -75.9270   37.2907    25.0    18.0    21.5    21.7    65.8    15.2 R -9999.0 -9999.0    22.8
03739 200410  1.201  -75.9270   37.2907    19.3    11.1    15.2    15.5   137.4    10.8 R -9999.0 -9999.0    15.8
03739 200411  1.201  -75.9270   37.2907    15.2     6.2    10.7    11.3    98.3     8.8 R -9999.0 -9999.0    10.9
03739 200412  1.201  -75.9270   37.2907    10.2     2.0     6.1     6.4    94.3     7.7 R -9999.0 -9999.0     5.1
03739 200501  1.201  -75.9270   37.2907     8.3     0.0     4.1     3.8    77.7     7.5 R -9999.0 -9999.0     3.6
03739 200502  1.201  -75.9270   37.2907     8.3     0.5     4.4     4.2    51.9    10.8 R -9999.0 -9999.0     4.3
03739 200503  1.201  -75.9270   37.2907    10.0     2.3     6.1     6.1    73.4    14.2 R -9999.0 -9999.0     6.8
03739 200504  1.201  -75.9270   37.2907    17.4     8.6    13.0    12.9    66.8    18.5 R -9999.0 -9999.0    13.4
03739 200505  1.201  -75.9270   37.2907    19.7    12.0    15.8    15.7   116.6    20.2 R -9999.0 -9999.0    17.5
03739 200506  1.201  -75.9270   37.2907    26.2    18.8    22.5    22.7   153.8    22.9 R -9999.0 -9999.0    25.3
03739 200507  1.201  -75.9270   37.2907    29.4    22.3    25.8    25.9   124.9    20.4 R -9999.0 -9999.0    27.7
03739 200508  1.201  -75.9270   37.2907    29.5    22.1    25.8    25.9   124.7    20.5 R -9999.0 -9999.0    27.8
03739 200509  1.201  -75.9270   37.2907    27.0    18.2    22.6    23.1     9.2    19.1 R -9999.0 -9999.0    24.6
03739 200510  1.201  -75.9270   37.2907    20.4    13.4    16.9    17.1   122.7    10.6 R -9999.0 -9999.0    17.4
03739 200511  1.201  -75.9270   37.2907    16.5     6.7    11.6    11.9    66.4    10.9 R -9999.0 -9999.0    11.8
03739 200512  1.301  -75.9270   37.2907     8.6     0.7     4.7     4.5    87.9     7.6 R    12.0    -1.5     4.1
03739 200601  1.301  -75.9270   37.2907    11.0     3.7     7.4     7.4    58.7     7.6 R    15.1     2.1     7.4
03739 200602  1.301  -75.9270   37.2907     9.0     0.9     4.9     4.9    26.4    11.4 R    15.2    -1.4     5.0
03739 200603  1.301  -75.9270   37.2907    13.3     3.1     8.2     8.5     7.4    17.1 R    21.8     1.3     9.2
03739 200604  1.301  -75.9270   37.2907    19.4     9.4    14.4    14.3    87.8    19.8 R    27.7     7.9    15.4
03739 200605  1.301  -75.9270   37.2907    22.3    12.8    17.6    17.8    62.7    24.3 R    31.9    11.5    19.7
03739 200606  1.301  -75.9270   37.2907    26.4    18.5    22.4    22.4   193.8    21.7 R    34.9    18.1    24.4
03739 200607  1.301  -75.9270   37.2907    29.8    21.8    25.8    25.8    35.5    21.9 R    39.2    21.1    27.7
03739 200608  1.301  -75.9270   37.2907    29.9    21.3    25.6    25.8   231.9    20.7 R    40.4    20.4    27.8
03739 200609  1.301  -75.9270   37.2907    24.0    15.5    19.8    20.2   194.2    15.6 R    34.4    16.7    23.3
03739 200610  1.301  -75.9270   37.2907    19.4    10.8    15.1    15.5   209.5    12.8 R    25.6    10.0    16.5
03739 200611  1.301  -75.9270   37.2907    15.5     7.8    11.6    11.6   116.6     8.9 R    21.0     6.7    12.2
03739 200612  1.301  -75.9270   37.2907    13.4     3.1     8.2     8.7    56.1     8.5 R    18.8     2.3     9.3
03739 200701  1.301  -75.9270   37.2907    11.0     2.7     6.8     7.0    50.2     8.5 R    16.3     1.7     7.9
03739 200702  1.301  -75.9270   37.2907     6.1    -1.9     2.1     1.9    68.6    12.5 R    13.2    -3.3     2.6
03739 200703  1.301  -75.9270   37.2907    14.1     4.0     9.0     9.2    42.9    17.0 R    20.6     2.5     9.8
03739 200704  1.301  -75.9270   37.2907    17.2     7.2    12.2    12.4   139.3    18.5 R    23.1     5.7    12.9
03739 200705  1.301  -75.9270   37.2907    21.7    12.8    17.3    17.5    66.3    22.6 R    27.6    12.2    18.8
03739 200706  1.301  -75.9270   37.2907    27.1    18.3    22.7    22.9    63.0    23.0 R    35.9    17.6    24.7
03739 200707  1.301  -75.9270   37.2907    29.5    20.2    24.8    24.9    39.6    24.1 R    47.6    19.7    29.4
03739 200708  1.301  -75.9270   37.2907    29.8    20.6    25.2    25.4    59.4    20.6 R    43.5    20.7    28.9
03739 200709  1.301  -75.9270   37.2907    26.8    17.5    22.2    22.6     2.9    18.1 R    43.4    16.8    26.0
03739 200710  1.301  -75.9270   37.2907    24.0    15.4    19.7    19.9   139.6    13.0 R    37.8    15.0    22.6
03739 200711  1.302  -75.9270   37.2907    14.6     5.6    10.1    10.4    31.2     8.8 R    19.9     4.7    10.7
03739 200712  1.302  -75.9270   37.2907 -9999.0 -9999.0 -9999.0 -9999.0 -9999.0 -9999.0 U -9999.0 -9999.0 -9999.0
03739 200801  1.302  -75.9270   37.2907     8.4     0.1     4.3     4.7    54.3     8.3 R    12.3    -1.3     4.4
03739 200802  1.302  -75.9270   37.2907    11.3     1.7     6.5     6.8    76.6    11.4 R    16.4     0.8     7.2
03739 200803  1.302  -75.9270   37.2907    14.2     4.9     9.5     9.9    73.0    16.7 R    20.3     3.5    10.4
03739 200804  1.302  -75.9270   37.2907    18.3     9.6    14.0    13.9   120.1    16.0 R    23.5     8.7    14.5
03739 200805  1.302  -75.9270   37.2907    22.2    12.1    17.1    17.3    90.5    22.4 R    28.0    10.9    18.2
03739 200806  1.302  -75.9270   37.2907    29.3    19.5    24.4    24.6    50.8    26.1 R    35.5    18.5    25.6
03739 200807  1.302  -75.9270   37.2907    29.2    20.1    24.6    24.7   135.9    23.4 R    37.2    19.7    26.4
03739 200808  1.302  -75.9270   37.2907    27.6    19.7    23.7    23.9    33.5    21.2 R    35.9    19.2    25.5
03739 200809  1.302  -75.9270   37.2907    25.7    18.0    21.8    21.9   129.2    15.1 R    34.8    17.8    23.8
03739 200810  1.302  -75.9270   37.2907    19.2    10.1    14.6    14.8    41.3    13.6 R    23.3     8.9    14.7
03739 200811  1.302  -75.9270   37.2907    12.4     5.8     9.1     9.3   133.1     8.6 R    15.6     4.1     8.6
03739 200812  1.302  -75.9270   37.2907    12.3     3.3     7.8     7.7   102.9     6.8 R    13.4     1.5     6.4
03739 200901  1.302  -75.9270   37.2907     6.1    -1.3     2.4     2.4    38.4     7.7 R     9.0    -2.5     1.9
03739 200902  1.302  -75.9270   37.2907     9.7     0.5     5.1     5.2    32.6    12.6 R    14.4    -1.3     4.9
03739 200903  1.302  -75.9270   37.2907    11.6     3.1     7.4     7.5   139.1    13.7 R    16.0     2.1     7.6
03739 200904  1.302  -75.9270   37.2907    18.8     9.2    14.0    14.0    72.7    19.3 R    22.8     7.2    13.6
03739 200905  1.302  -75.9270   37.2907    23.1    15.0    19.0    18.9   127.0    20.6 R    27.2    13.9    19.1
03739 200906  1.302  -75.9270   37.2907    26.8    19.1    23.0    22.9   100.6    21.1 R    30.6    17.7    22.8
03739 200907  1.302  -75.9270   37.2907    27.9    20.1    24.0    24.2    85.0    22.1 R    34.5    18.9    24.9
03739 200908  1.302  -75.9270   37.2907    29.0    21.5    25.3    25.4   100.6    19.5 R    34.1    20.4    25.6
03739 200909  1.302  -75.9270   37.2907    24.1    16.9    20.5    20.8   109.7    15.0 R    29.8    15.5    21.0
03739 200910  1.302  -75.9270   37.2907    19.9    11.6    15.8    16.1    81.1    11.0 R    28.0    10.3    16.1
03739 200911  1.302  -75.9270   37.2907    15.5     8.5    12.0    12.1   219.8     7.7 R    21.3     7.7    11.8
03739 200912  1.302  -75.9270   37.2907     9.0     1.6     5.3     5.6   207.4     7.1 R    13.3    -0.1     4.5
03739 201001  1.302  -75.9270   37.2907     5.5    -1.3     2.1     2.1    73.7     8.6 R    11.2    -3.0     1.3
03739 201002  1.302  -75.9270   37.2907     5.6    -1.8     1.9     2.0   101.5    11.4 R    12.4    -3.7     1.2
03739 201003  1.302  -75.9270   37.2907    13.8     4.9     9.4     9.3   153.2    14.7 R    20.3     3.0     8.6
03739 201004  1.302  -75.9270   37.2907    20.0     9.8    14.9    15.0    24.6    20.7 R    26.4     7.1    14.4
03739 201005  1.302  -75.9270   37.2907    24.0    15.8    19.9    19.7    82.8    21.1 R    32.6    14.1    20.4
03739 201006  1.302  -75.9270   37.2907    29.8    21.2    25.5    25.7    33.5    24.8 R    42.1    19.9    28.1
03739 201007  1.302  -75.9270   37.2907    32.1    22.3    27.2    26.9    59.2    23.8 R    50.4    21.3    31.1
03739 201008  1.302  -75.9270   37.2907    28.9    21.7    25.3    25.3    88.7    19.5 R    36.4    20.4    26.0
03739 201009  1.302  -75.9270   37.2907    27.3    18.9    23.1    23.2   151.5    16.4 R    37.8    16.9    24.4
03739 201010  2.302  -75.9270   37.2907    21.0    13.1    17.1    17.0    49.7    12.9 R    25.5    10.8    16.3
03739 201011  2.302  -75.9270   37.2907    14.6     6.0    10.3    10.5    12.3    10.4 R    19.5     4.3    10.1
03739 201012  2.302  -75.9270   37.2907     4.2    -2.1     1.1     1.3    56.8     7.6 R     7.2    -3.7     0.7
03739 201101  2.302  -75.9270   37.2907     4.8    -2.1     1.4     1.5    83.6     8.1 R     8.8    -3.2     1.4
03739 201102  2.302  -75.9270   37.2907    10.7     1.1     5.9     6.1    40.8    11.7 R    15.2    -0.4     5.8
03739 201103  2.302  -75.9270   37.2907    12.1     4.1     8.1     8.2    67.0    14.4 R    17.1     2.9     8.7
03739 201104  2.402  -75.9270   37.2907    20.4    11.0    15.7    15.8    11.7    18.7 R    26.0     9.4    15.9
03739 201105  2.402  -75.9270   37.2907    24.0    15.5    19.7    19.6    21.4    22.2 R    35.7    13.7    21.7
03739 201106  2.402  -75.9270   37.2907    29.1    19.5    24.3    24.5    95.2    23.5 R    43.2    19.1    27.8
03739 201107  2.402  -75.9270   37.2907    30.5    22.2    26.3    26.5   121.4    23.9 R    36.4    21.1    27.3
03739 201108  2.402  -75.9270   37.2907    29.4    21.0    25.2    25.4   212.4    20.7 R    38.6    19.8    26.8
03739 201109  2.402  -75.9270   37.2907    25.6    18.9    22.2    22.3   116.3    15.0 R    31.7    17.6    22.8
03739 201110  2.402  -75.9270   37.2907    19.7    11.0    15.3    15.6    37.4    12.9 R    24.3     9.6    15.4
03739 201111  2.402  -75.9270   37.2907    16.8     7.4    12.1    12.3    65.1     9.6 R    20.3     5.5    11.4
03739 201112  2.402  -75.9270   37.2907    12.8     2.7     7.7     8.5    26.2     7.7 R    15.6     0.7     7.4
03739 201201  2.402  -75.9270   37.2907    11.0     1.5     6.3     6.5    42.5     9.1 R    13.6    -0.5     5.9
03739 201202  2.402  -75.9270   37.2907    11.0     1.3     6.2     6.8    74.9    11.3 R    15.0    -0.9     6.3
03739 201203  2.402  -75.9270   37.2907    17.4     8.2    12.8    13.0    46.3    15.1 R    21.6     6.0    12.6
03739 201204  2.402  -75.9270   37.2907    18.5     8.6    13.6    13.8    60.5    19.2 R    25.0     6.6    14.3
03739 201205  2.412  -75.9270   37.2907    24.0    16.1    20.0    19.9    48.4    21.1 R    31.3    14.9    21.2
03739 201206  2.412  -75.9270   37.2907    26.8    17.8    22.3    22.5    90.1    24.8 C    35.2    13.8    20.3
03739 201207  2.412  -75.9270   37.2907    31.3    23.2    27.3    27.3   141.9    21.8 C    40.6    23.3    30.2
03739 201208  2.412  -75.9270   37.2907    28.3    21.9    25.1    25.1   166.3    18.2 C    33.5    21.6    26.4
03739 201209  2.412  -75.9270   37.2907    25.2    16.9    21.1    21.4    42.1    17.3 C    31.7    16.1    22.8
03739 201210  2.412  -75.9270   37.2907    19.8    12.4    16.1    16.2   251.5    10.9 C    24.5    11.2    16.8
03739 201211  2.412  -75.9270   37.2907    12.1     4.5     8.3     8.2    23.4     8.8 C    16.3     3.3     8.4
03739 201212  2.412  -75.9270   37.2907    12.6     3.8     8.2     8.4   106.4     6.4 C    15.7     2.7     8.4
03739 201301  2.412  -75.9270   37.2907     9.3     0.8     5.0     5.3   113.1     7.8 C    11.9    -0.2     5.3
03739 201302  2.412  -75.9270   37.2907     8.1     0.8     4.5     4.6   122.9     9.7 C    11.6     0.0     5.1
03739 201303  2.412  -75.9270   37.2907     9.7     2.0     5.8     5.8    95.4    14.1 C    14.1     1.2     6.5
03739 201304  2.412  -75.9270   37.2907    17.8     9.2    13.5    13.4    94.1    19.2 C    23.4     8.6    14.9
03739 201305  2.412  -75.9270   37.2907    22.0    14.4    18.2    18.0    82.3    21.7 C    27.7    14.2    19.7
03739 201306  2.422  -75.9270   37.2907    27.0    19.7    23.3    23.4   106.0    22.2 C    32.4    18.9    24.3
03739 201307  2.422  -75.9270   37.2907    29.4    22.0    25.7    25.6    58.9    21.9 C    38.2    20.8    27.1
03739 201308  2.422  -75.9270   37.2907    27.0    19.4    23.2    23.5    77.4    18.7 C    35.4    17.9    24.5
03739 201309  2.422  -75.9270   37.2907    24.9    15.5    20.2    20.4    42.6    19.3 C    37.6    13.2    22.2
03739 201310  2.422  -75.9270   37.2907    20.9    12.8    16.8    17.1    68.5    11.6 C    28.5    10.4    17.4
03739 201311  2.422  -75.9270   37.2907    13.7     4.7     9.2     9.3    67.6     9.2 C    19.4     1.3     8.7
03739 201312  2.422  -75.9270   37.2907    11.4     2.2     6.8     6.8   142.5     7.1 C    15.2    -0.1     6.0
03739 201401  2.422  -75.9270   37.2907     6.5    -3.3     1.6     1.9 -9999.0     8.5 C     8.8    -6.6     0.6
03739 201402  2.422  -75.9270   37.2907     8.0    -0.1     3.9     3.8 -9999.0    10.1 C    12.8    -2.4     3.4
03739 201403  2.422  -75.9270   37.2907    11.4     1.5     6.5     6.3 -9999.0    13.4 C    16.3    -0.5     6.2
03739 201404  2.422  -75.9270   37.2907    16.5     8.1    12.3    12.5   121.7    19.3 C    21.3     5.8    12.5
03739 201405  2.422  -75.9270   37.2907    23.5    14.4    18.9    19.1   161.2    22.9 C    28.5    12.8    19.3
03739 201406  2.422  -75.9270   37.2907    26.9    18.3    22.6    23.0    52.1    25.6 C    34.1    17.3    24.1
03739 201407  2.422  -75.9270   37.2907    28.3    20.5    24.4    24.6    98.6    21.9 C    43.0    19.6    28.0
03739 201408  2.422  -75.9270   37.2907    26.4    19.8    23.1    23.5   129.1    19.4 C    33.2    19.0    24.5
03739 201409  2.422  -75.9270   37.2907    24.9    18.7    21.8    21.8   290.9    14.8 C    30.2    17.1    22.2
03739 201410  2.422  -75.9270   37.2907    21.1    12.3    16.7    17.1    66.6    13.4 C    26.9    11.1    17.3
03739 201411  2.422  -75.9270   37.2907    12.8     4.5     8.7     8.9   112.7     7.8 C    16.2     3.1     8.5
03739 201412  2.422  -75.9270   37.2907    10.5     2.8     6.7     6.5    78.6     6.2 C    12.8     1.6     6.0
03739 201501  2.422  -75.9270   37.2907     7.0    -0.8     3.1     3.0    90.6     7.1 C     8.8    -1.9     2.4
03739 201502  2.422  -75.9270   37.2907     3.4    -4.9    -0.8    -0.6    64.6    10.5 C     4.7    -7.3    -1.8
03739 201503  2.422  -75.9270   37.2907    11.5     2.0     6.7     6.6    73.1    13.3 C    14.4     0.6     6.4
03739 201504  2.422  -75.9270   37.2907    18.1     8.3    13.2    13.5   109.0    19.0 C    23.2     7.0    13.9
03739 201505  2.422  -75.9270   37.2907    23.5    15.7    19.6    19.6    61.6    24.4 C    30.7    14.2    20.8
03739 201506  2.422  -75.9270   37.2907    28.3    20.7    24.5    24.5    59.6    23.0 C    39.5    20.0    27.2
03739 201507  2.422  -75.9270   37.2907    29.1    21.8    25.5    25.6    89.7    23.4 C    39.6    20.8    28.0
03739 201508  2.422  -75.9270   37.2907    28.4    19.5    24.0    24.3    66.8    21.3 C    40.7    18.2    26.7
03739 201509  2.422  -75.9270   37.2907    27.1    18.9    23.0    23.0    74.1    15.9 C    39.5    17.5    25.1
03739 201510  2.422  -75.9270   37.2907    19.7    11.3    15.5    15.9    68.9    12.1 C    25.8     9.2    15.7
03739 201511  2.422  -75.9270   37.2907    17.4     8.5    13.0    13.4    70.3     8.4 C    21.4     6.4    12.6
03739 201512  2.422  -75.9270   37.2907    17.0     8.7    12.9    12.8    66.3     6.4 C    19.1     7.4    12.1
03739 201601  2.422  -75.9270   37.2907     7.9    -0.3     3.8     3.9   103.2     8.7 C    10.6    -1.4     3.5
03739 201602  2.422  -75.9270   37.2907     9.5     1.3     5.4     5.4   119.4    10.7 C    13.1     0.1     5.2
03739 201603  2.422  -75.9270   37.2907    15.6     7.1    11.3    11.4    68.6    15.8 C    20.0     5.2    11.3
03739 201604  2.422  -75.9270   37.2907    17.0     7.9    12.5    12.7    91.7    19.9 C    22.2     6.2    13.1
03739 201605  2.422  -75.9270   37.2907    21.2    13.5    17.3    17.4   130.1    17.3 C    29.6    12.8    19.1
03739 201606  2.422  -75.9270   37.2907    26.6    18.8    22.7    22.9    72.5    22.2 C    39.1    18.0    25.5
03739 201607  2.422  -75.9270   37.2907    30.5    22.9    26.7    26.6   141.5    22.3 C    36.8    22.1    27.7
03739 201608  2.422  -75.9270   37.2907    30.4    22.7    26.6    26.5    22.4    21.0 C    39.7    21.0    28.2
03739 201609  2.422  -75.9270   37.2907    26.9    20.2    23.6    23.7   150.9    14.0 C    34.9    18.8    24.7
03739 201610  2.422  -75.9270   37.2907    21.4    12.9    17.1    17.5   238.0    13.3 C    28.2    11.5    18.1
03739 201611  2.422  -75.9270   37.2907    15.1     5.1    10.1    10.6    24.9     9.6 C    21.7     3.1    10.5
03739 201612  2.422  -75.9270   37.2907    10.4     1.8     6.1     6.4    72.1     6.6 C    14.9     0.1     6.3
03739 201701  2.422  -75.9270   37.2907     9.6     2.0     5.8     6.1   126.8     6.0 C    12.9     0.5     5.6
03739 201702  2.422  -75.9270   37.2907    13.9     3.6     8.7     8.8    31.4    11.6 C    19.8     1.7     8.7
03739 201703  2.422  -75.9270   37.2907    13.0     3.5     8.2     8.3    83.5    15.2 C    19.5     1.8     8.9
03739 201704  2.422  -75.9270   37.2907    21.1    12.6    16.8    16.7    75.6    18.3 C    26.8    11.5    17.4
03739 201705  2.422  -75.9270   37.2907    21.5    14.5    18.0    18.1   196.2    18.5 C    28.9    13.9    19.7
03739 201706  2.422  -75.9270   37.2907    27.3    19.4    23.3    23.5   104.6    22.6 C    34.1    18.6    25.0
03739 201707  2.422  -75.9270   37.2907 -9999.0 -9999.0 -9999.0 -9999.0 -9999.0 -9999.0 U -9999.0 -9999.0 -9999.0
