53017 201008  6.101 -107.2189   36.7499 -9999.0 -9999.0 -9999.0 -9999.0 -9999.0 -9999.0 U -9999.0 -9999.0 -9999.0
53017 201009  6.101 -107.2189   36.7499    25.3     2.1    13.7    13.8    30.7 -9999.0 U -9999.0 -9999.0 -9999.0
53017 201010  6.101 -107.2189   36.7499    17.7    -2.2     7.8     7.5    38.0 -9999.0 U -9999.0 -9999.0 -9999.0
53017 201011  6.101 -107.2189   36.7499     8.2   -13.3    -2.6    -2.8     8.3 -9999.0 U -9999.0 -9999.0 -9999.0
53017 201012  6.101 -107.2189   36.7499     5.8    -8.8    -1.5    -1.8    65.4 -9999.0 U -9999.0 -9999.0 -9999.0
53017 201101  6.101 -107.2189   36.7499     1.4   -19.8    -9.2    -9.5     2.9 -9999.0 U -9999.0 -9999.0 -9999.0
53017 201102  6.101 -107.2189   36.7499     3.3   -14.2    -5.5    -5.2    12.6 -9999.0 U -9999.0 -9999.0 -9999.0
53017 201103  6.101 -107.2189   36.7499    12.1    -7.2     2.4     2.7    17.7 -9999.0 U -9999.0 -9999.0 -9999.0
53017 201104  6.101 -107.2189   36.7499    14.6    -4.4     5.1     6.0    55.0 -9999.0 U -9999.0 -9999.0 -9999.0
53017 201105  6.101 -107.2189   36.7499    17.9    -2.4     7.8     9.0    30.1 -9999.0 U -9999.0 -9999.0 -9999.0
53017 201106  6.101 -107.2189   36.7499    27.7     0.8    14.3    16.2     0.5 -9999.0 U -9999.0 -9999.0 -9999.0
53017 201107  6.101 -107.2189   36.7499    30.3     9.1    19.7    20.0    44.1 -9999.0 U -9999.0 -9999.0 -9999.0
53017 201108  6.101 -107.2189   36.7499    29.9     8.7    19.3    19.1    43.1 -9999.0 U -9999.0 -9999.0 -9999.0
53017 201109  6.101 -107.2189   36.7499    23.0     3.3    13.2    13.0    38.4 -9999.0 U -9999.0 -9999.0 -9999.0
53017 201110  6.101 -107.2189   36.7499    16.4    -3.9     6.2     5.7    44.8 -9999.0 U -9999.0 -9999.0 -9999.0
53017 201111  6.101 -107.2189   36.7499     8.6    -8.8    -0.1    -0.7    27.7 -9999.0 U -9999.0 -9999.0 -9999.0
53017 201112  6.101 -107.2189   36.7499     2.2   -16.5    -7.2    -7.6    31.7 -9999.0 U -9999.0 -9999.0 -9999.0
53017 201201  6.101 -107.2189   36.7499     5.0   -12.9    -3.9    -4.5    14.2 -9999.0 U -9999.0 -9999.0 -9999.0
53017 201202  6.101 -107.2189   36.7499     4.8    -9.8    -2.5    -2.6    27.9 -9999.0 U -9999.0 -9999.0 -9999.0
53017 201203  6.101 -107.2189   36.7499    13.0    -9.2     1.9     1.9    13.5 -9999.0 U -9999.0 -9999.0 -9999.0
53017 201204  6.101 -107.2189   36.7499    17.6    -5.2     6.2     7.0    24.1 -9999.0 U -9999.0 -9999.0 -9999.0
53017 201205  6.101 -107.2189   36.7499    23.1    -2.1    10.5    11.8    11.8 -9999.0 U -9999.0 -9999.0 -9999.0
53017 201206  6.101 -107.2189   36.7499    30.2     2.9    16.5    18.7     5.1 -9999.0 U -9999.0 -9999.0 -9999.0
53017 201207  6.101 -107.2189   36.7499    28.5    10.4    19.5    19.1    92.6 -9999.0 U -9999.0 -9999.0 -9999.0
53017 201208  6.101 -107.2189   36.7499    29.1     8.4    18.8    18.8    24.6 -9999.0 U -9999.0 -9999.0 -9999.0
53017 201209  6.101 -107.2189   36.7499    24.8     2.6    13.7    14.1    18.3 -9999.0 U -9999.0 -9999.0 -9999.0
53017 201210  6.101 -107.2189   36.7499    18.5    -6.3     6.1     6.2     9.8 -9999.0 U -9999.0 -9999.0 -9999.0
53017 201211  6.101 -107.2189   36.7499    12.5   -11.5     0.5    -1.1    12.9 -9999.0 U -9999.0 -9999.0 -9999.0
53017 201212  6.101 -107.2189   36.7499     3.3   -17.0    -6.9    -6.9    39.1 -9999.0 U -9999.0 -9999.0 -9999.0
53017 201301  6.101 -107.2189   36.7499     1.1   -23.1   -11.0   -11.4    41.9 -9999.0 U -9999.0 -9999.0 -9999.0
53017 201302  6.101 -107.2189   36.7499     2.6   -15.1    -6.2    -5.9    19.6 -9999.0 U -9999.0 -9999.0 -9999.0
53017 201303  6.101 -107.2189   36.7499    11.6    -8.3     1.7     1.9     7.6 -9999.0 U -9999.0 -9999.0 -9999.0
53017 201304  6.101 -107.2189   36.7499    15.5    -5.9     4.8     6.0    13.9 -9999.0 U -9999.0 -9999.0 -9999.0
53017 201305  6.101 -107.2189   36.7499    20.7    -2.7     9.0    10.4     6.2 -9999.0 U -9999.0 -9999.0 -9999.0
53017 201306  6.101 -107.2189   36.7499    29.6     2.1    15.9    17.7     1.4 -9999.0 U -9999.0 -9999.0 -9999.0
53017 201307  6.101 -107.2189   36.7499    29.0    10.6    19.8    19.2    61.1 -9999.0 U -9999.0 -9999.0 -9999.0
53017 201308  6.101 -107.2189   36.7499    26.9     9.6    18.3    18.0    93.5 -9999.0 U -9999.0 -9999.0 -9999.0
53017 201309  6.101 -107.2189   36.7499    23.1     5.3    14.2    13.9    75.9 -9999.0 U -9999.0 -9999.0 -9999.0
53017 201310  6.101 -107.2189   36.7499    14.8    -6.0     4.4     4.4    18.9 -9999.0 U -9999.0 -9999.0 -9999.0
53017 201311  6.101 -107.2189   36.7499     9.7    -8.7     0.5    -0.3    32.4 -9999.0 U -9999.0 -9999.0 -9999.0
53017 201312  6.101 -107.2189   36.7499     2.5   -15.9    -6.7    -7.1    10.3 -9999.0 U -9999.0 -9999.0 -9999.0
53017 201401  6.101 -107.2189   36.7499     6.3   -15.4    -4.6    -5.3     5.9 -9999.0 U -9999.0 -9999.0 -9999.0
53017 201402  6.101 -107.2189   36.7499     7.5   -10.7    -1.6    -1.3    17.9 -9999.0 U -9999.0 -9999.0 -9999.0
53017 201403  6.101 -107.2189   36.7499    11.4    -8.6     1.4     1.6    24.4 -9999.0 U -9999.0 -9999.0 -9999.0
53017 201404  6.101 -107.2189   36.7499    15.3    -6.9     4.2     5.5     6.5 -9999.0 U -9999.0 -9999.0 -9999.0
53017 201405  6.101 -107.2189   36.7499    20.1    -2.1     9.0    10.4    35.0 -9999.0 U -9999.0 -9999.0 -9999.0
53017 201406  6.101 -107.2189   36.7499 -9999.0 -9999.0 -9999.0 -9999.0 -9999.0 -9999.0 U -9999.0 -9999.0 -9999.0
