54795 200112  1.001  -70.9484   43.1092 -9999.0 -9999.0 -9999.0 -9999.0 -9999.0 -9999.0 U -9999.0 -9999.0 -9999.0
54795 200201  1.001  -70.9484   43.1092     4.0    -4.5    -0.3    -0.3 -9999.0     5.1 R -9999.0 -9999.0    -3.2
54795 200202  1.001  -70.9484   43.1092 -9999.0 -9999.0 -9999.0 -9999.0 -9999.0 -9999.0 U -9999.0 -9999.0 -9999.0
54795 200203  1.001  -70.9484   43.1092 -9999.0 -9999.0 -9999.0 -9999.0 -9999.0 -9999.0 U -9999.0 -9999.0 -9999.0
54795 200204  1.001  -70.9484   43.1092    13.8     1.6     7.7     7.5 -9999.0     8.6 R -9999.0 -9999.0     9.4
54795 200205  1.001  -70.9484   43.1092    18.2     5.0    11.6    12.0 -9999.0     8.7 R -9999.0 -9999.0    14.6
54795 200206  1.002  -70.9484   43.1092    22.5    10.2    16.3    16.6 -9999.0    15.0 R -9999.0 -9999.0    18.6
54795 200207  1.002  -70.9484   43.1092    27.6    14.3    21.0    21.1 -9999.0    21.3 R -9999.0 -9999.0    23.2
54795 200208  1.002  -70.9484   43.1092    29.2    13.6    21.4    21.2 -9999.0    20.3 R -9999.0 -9999.0    24.5
54795 200209  1.002  -70.9484   43.1092    24.1    10.2    17.1    17.4 -9999.0    14.4 R -9999.0 -9999.0    18.8
54795 200210  1.002  -70.9484   43.1092    13.7     1.2     7.4     7.7 -9999.0     9.7 R -9999.0 -9999.0     8.2
54795 200211  1.003  -70.9484   43.1092     7.4    -2.0     2.7     3.0 -9999.0     5.0 R -9999.0 -9999.0     2.2
54795 200212  1.003  -70.9484   43.1092     2.1    -8.0    -2.9    -2.6   108.2     5.1 R -9999.0 -9999.0    -5.0
54795 200301  1.003  -70.9484   43.1092    -3.5   -14.4    -9.0    -8.3    55.7     6.3 R -9999.0 -9999.0   -11.6
54795 200302  1.003  -70.9484   43.1092    -1.1   -11.8    -6.4    -5.9   102.4     9.1 R -9999.0 -9999.0    -8.6
54795 200303  1.003  -70.9484   43.1092     6.2    -6.6    -0.2     0.1   110.2    13.1 R -9999.0 -9999.0    -1.8
54795 200304  1.003  -70.9484   43.1092    10.6    -0.9     4.8     5.2    92.0    15.1 R -9999.0 -9999.0     5.8
54795 200305  1.003  -70.9484   43.1092    16.7     5.9    11.3    11.4    87.1    14.9 R -9999.0 -9999.0    12.8
54795 200306  1.003  -70.9484   43.1092    22.7    11.4    17.1    17.2    71.0    18.6 R -9999.0 -9999.0    17.6
54795 200307  1.003  -70.9484   43.1092    26.8    15.1    21.0    21.0    50.8    20.7 R -9999.0 -9999.0    22.1
54795 200308  1.003  -70.9484   43.1092    26.3    15.5    20.9    20.7    99.8    16.6 R -9999.0 -9999.0    22.4
54795 200309  1.003  -70.9484   43.1092    21.3    10.7    16.0    16.1   138.9    13.2 R -9999.0 -9999.0    17.3
54795 200310  1.200  -70.9484   43.1092    15.4     3.1     9.2     9.2 -9999.0    10.1 R -9999.0 -9999.0     8.9
54795 200311  1.200  -70.9484   43.1092     9.8    -0.1     4.8     4.5    35.8     5.9 R -9999.0 -9999.0     3.7
54795 200312  1.200  -70.9484   43.1092     4.0    -6.8    -1.4    -1.4   127.3     4.9 R -9999.0 -9999.0    -3.9
54795 200401  1.200  -70.9484   43.1092    -5.0   -13.4    -9.2    -9.0    15.1     6.6 R -9999.0 -9999.0   -10.9
54795 200402  1.200  -70.9484   43.1092     3.0    -8.2    -2.6    -2.3    34.6    10.4 R -9999.0 -9999.0    -3.8
54795 200403  1.200  -70.9484   43.1092     6.4    -3.2     1.6     1.7    71.3    11.3 R -9999.0 -9999.0     1.3
54795 200404  1.200  -70.9484   43.1092    13.8     1.4     7.6     7.6   191.4    15.3 R -9999.0 -9999.0     8.7
54795 200405  1.200  -70.9484   43.1092    19.0     7.2    13.1    13.4   151.2    18.4 R -9999.0 -9999.0    15.0
54795 200406  1.200  -70.9484   43.1092    23.0     9.9    16.4    16.6    50.6    20.7 R -9999.0 -9999.0    17.6
54795 200407  1.200  -70.9484   43.1092    25.1    14.4    19.8    19.7    82.2    17.5 R -9999.0 -9999.0    20.8
54795 200408  1.200  -70.9484   43.1092    26.2    14.1    20.1    20.1   161.7    17.7 R -9999.0 -9999.0    20.7
54795 200409  1.200  -70.9484   43.1092    22.1     8.8    15.5    15.5   137.9    14.7 R -9999.0 -9999.0    15.3
54795 200410  1.201  -70.9484   43.1092    15.3     3.5     9.4     9.4    59.2    10.0 R -9999.0 -9999.0     8.4
54795 200411  1.201  -70.9484   43.1092     9.6    -1.9     3.8     4.1    93.3     6.8 R -9999.0 -9999.0     2.7
54795 200412  1.201  -70.9484   43.1092     3.3    -6.8    -1.7    -1.9   117.3     4.5 R -9999.0 -9999.0    -3.3
54795 200501  1.201  -70.9484   43.1092    -2.0   -11.5    -6.7    -6.3   108.0     5.7 R -9999.0 -9999.0    -8.7
54795 200502  1.201  -70.9484   43.1092     2.6    -9.2    -3.3    -3.1    93.8    10.1 R -9999.0 -9999.0    -5.9
54795 200503  1.201  -70.9484   43.1092     4.4    -6.7    -1.1    -0.8   146.0    14.3 R -9999.0 -9999.0    -3.1
54795 200504  1.201  -70.9484   43.1092    14.5     0.9     7.7     7.9   148.2    16.5 R -9999.0 -9999.0     8.4
54795 200505  1.201  -70.9484   43.1092    14.9     4.9     9.9     9.9   170.1    14.4 R -9999.0 -9999.0    11.1
54795 200506  1.201  -70.9484   43.1092    25.2    12.4    18.8    18.7   139.1    19.3 R -9999.0 -9999.0    19.6
54795 200507  1.201  -70.9484   43.1092    26.9    14.9    20.9    21.1    76.7    20.9 R -9999.0 -9999.0    21.9
54795 200508  1.201  -70.9484   43.1092    27.6    14.8    21.2    20.9    90.3    18.2 R -9999.0 -9999.0    22.0
54795 200509  1.201  -70.9484   43.1092    24.1     9.8    17.0    16.9    64.5    15.0 R -9999.0 -9999.0    16.9
54795 200510  1.201  -70.9484   43.1092    15.2     5.6    10.4    10.4   351.1     7.1 R -9999.0 -9999.0     9.8
54795 200511  1.301  -70.9484   43.1092     9.8    -1.6     4.1     4.4   137.3     6.2 R -9999.0 -9999.0     3.3
54795 200512  1.301  -70.9484   43.1092     1.5    -8.1    -3.3    -2.9   126.0     5.3 R     1.4   -12.7    -5.7
54795 200601  1.301  -70.9484   43.1092     3.6    -5.8    -1.1    -1.1   105.7     5.4 R     4.1    -9.1    -2.6
54795 200602  1.301  -70.9484   43.1092     2.0    -8.8    -3.4    -3.3    66.3    10.0 R     7.5   -12.7    -4.5
54795 200603  1.301  -70.9484   43.1092     7.6    -5.1     1.2     1.3    23.8    14.5 R    19.4    -9.5     1.2
54795 200604  1.301  -70.9484   43.1092    15.0     1.0     8.0     8.2    82.0    16.9 R    26.8    -2.9     8.6
54795 200605  1.301  -70.9484   43.1092    17.1     7.2    12.2    12.1 -9999.0    15.6 R    25.7     6.0    13.6
54795 200606  1.301  -70.9484   43.1092 -9999.0 -9999.0 -9999.0 -9999.0 -9999.0    17.1 R    29.4    12.9    19.6
54795 200607  1.301  -70.9484   43.1092    28.0    16.2    22.1    22.3   121.2    20.7 R    34.9    15.4    23.6
54795 200608  1.301  -70.9484   43.1092    24.8    12.0    18.4    18.8   137.7    17.9 R    31.5    11.8    19.9
54795 200609  1.301  -70.9484   43.1092    21.1     8.8    14.9    15.0    72.5    14.4 R    28.8     6.7    15.7
54795 200610  1.301  -70.9484   43.1092    15.3     3.2     9.3     9.3   193.6    10.7 R    20.6     0.8     8.9
54795 200611  1.301  -70.9484   43.1092    11.8     1.4     6.6     6.5   171.3     5.6 R    15.5    -0.8     5.6
54795 200612  1.301  -70.9484   43.1092     6.6    -3.3     1.7     1.7    92.7     4.6 R     9.6    -6.3     0.2
54795 200701  1.301  -70.9484   43.1092     1.7    -7.7    -3.0    -2.7    84.9     6.3 R     4.9    -9.7    -3.3
54795 200702  1.301  -70.9484   43.1092    -1.3   -11.7    -6.5    -6.1    39.0    10.5 R     1.0   -15.2    -7.8
54795 200703  1.301  -70.9484   43.1092     6.8    -5.5     0.6     0.8   112.9    13.9 R    12.5    -8.4     0.1
54795 200704  1.301  -70.9484   43.1092    10.9     0.6     5.8     6.0 -9999.0    13.7 R    18.1    -1.9     6.1
54795 200705  1.301  -70.9484   43.1092    20.6     6.2    13.4    13.7    98.9    20.8 R    29.4     3.8    14.6
54795 200706  1.301  -70.9484   43.1092    23.9    11.1    17.5    17.6    84.7    20.3 R    32.2     9.8    19.1
54795 200707  1.301  -70.9484   43.1092    26.4    14.1    20.2    19.8   110.8    19.6 R    34.7    13.1    21.4
54795 200708  1.301  -70.9484   43.1092    27.0    12.4    19.7    19.8    49.3    20.2 R    33.8    11.3    20.9
54795 200709  1.301  -70.9484   43.1092    23.5     8.7    16.1    16.1    77.3    16.3 R    29.9     7.6    16.9
54795 200710  1.302  -70.9484   43.1092    18.1     6.1    12.1    11.9   119.4    10.0 R    23.4     4.3    12.0
54795 200711  1.302  -70.9484   43.1092     7.6    -2.5     2.5     2.7    96.5     6.3 R    12.4    -5.7     2.0
54795 200712  1.302  -70.9484   43.1092     1.1    -8.4    -3.6    -3.5   131.5     4.5 R     0.7   -11.7    -5.3
54795 200801  1.302  -70.9484   43.1092     2.0    -8.7    -3.4    -3.1    91.3     6.3 R     0.8   -12.5    -5.6
54795 200802  1.302  -70.9484   43.1092     1.4    -8.3    -3.5    -2.9   217.5     7.9 R     1.3   -10.9    -4.2
54795 200803  1.302  -70.9484   43.1092     4.5    -4.5     0.0     0.2   169.6    12.4 R     6.4    -7.1    -0.9
54795 200804  1.302  -70.9484   43.1092    14.2     0.3     7.3     7.4    97.1    18.7 R    27.1    -3.2     8.7
54795 200805  1.302  -70.9484   43.1092    19.0     5.0    12.0    12.2    25.3    20.8 R    31.6     2.0    13.8
54795 200806  1.302  -70.9484   43.1092    24.5    12.3    18.4    18.2    97.6    19.2 R    33.4    10.8    19.7
54795 200807  1.302  -70.9484   43.1092    27.6    15.2    21.4    21.3   234.7    20.8 R    35.8    13.6    22.5
54795 200808  1.302  -70.9484   43.1092    24.4    12.9    18.6    18.4   102.3    17.8 R    31.5    11.3    19.3
54795 200809  1.302  -70.9484   43.1092    21.2     9.3    15.3    15.3   254.7    14.4 R    27.7     7.3    15.5
54795 200810  1.302  -70.9484   43.1092    15.2     1.8     8.5     8.4    75.6    11.5 R    19.7    -1.0     7.5
54795 200811  1.302  -70.9484   43.1092     8.6    -1.6     3.5     3.5   114.1     6.1 R    11.7    -4.4     2.3
54795 200812  1.302  -70.9484   43.1092     3.4    -7.1    -1.9    -1.8   168.8     4.2 R     3.1   -10.3    -3.6
54795 200901  1.302  -70.9484   43.1092    -2.3   -14.4    -8.4    -7.8    94.2     6.8 R    -3.1   -18.6   -10.5
54795 200902  1.302  -70.9484   43.1092     3.1    -9.1    -3.0    -2.8    74.6    10.0 R     0.7   -12.8    -5.6
54795 200903  1.302  -70.9484   43.1092     6.2    -5.0     0.6     0.6 -9999.0    13.7 R    11.7    -8.6    -0.4
54795 200904  1.302  -70.9484   43.1092    14.7     1.7     8.2     8.5    97.8    18.0 R    24.1    -1.9     8.4
54795 200905  1.302  -70.9484   43.1092    19.3     6.7    13.0    13.3   107.4    18.0 R    27.3     4.1    13.5
54795 200906  1.302  -70.9484   43.1092    20.8    11.5    16.1    16.0   144.6    16.1 R    26.4     9.9    16.2
54795 200907  1.302  -70.9484   43.1092    24.1    13.1    18.6    18.5   204.7    18.1 R    29.5    11.2    18.6
54795 200908  1.302  -70.9484   43.1092    26.5    14.5    20.5    20.4    97.1    19.6 R    34.1    11.8    20.7
54795 200909  1.302  -70.9484   43.1092    20.8     7.2    14.0    14.2    54.6    16.2 R    26.7     4.0    13.6
54795 200910  1.302  -70.9484   43.1092    13.6     2.6     8.1     8.0   113.3     8.8 R    16.9     0.1     7.3
54795 200911  1.302  -70.9484   43.1092    11.5     0.7     6.1     6.0   108.3     6.2 R    12.8    -2.0     4.3
54795 200912  1.302  -70.9484   43.1092     2.1    -6.8    -2.3    -2.4   136.4     5.1 R     3.1    -8.9    -3.9
54795 201001  1.302  -70.9484   43.1092     0.5    -9.0    -4.2    -3.9    73.2     6.2 R     2.6   -10.9    -5.2
54795 201002  1.302  -70.9484   43.1092     2.4    -4.9    -1.2    -1.1   188.0     8.9 R     4.2    -7.0    -2.6
54795 201003  1.302  -70.9484   43.1092     9.9    -1.1     4.4     4.6   383.0    11.4 R    10.5    -3.8     2.9
54795 201004  1.302  -70.9484   43.1092    16.3     2.6     9.4     9.7    52.7    17.1 R    17.8    -0.3     8.4
54795 201005  1.302  -70.9484   43.1092    21.7     7.3    14.5    14.7    76.4    22.5 R    24.3     4.4    14.0
54795 201006  2.403  -70.9484   43.1092    24.5    12.4    18.4    18.5    89.9    14.9 R    27.2     8.3    17.0
54795 201007  2.403  -70.9484   43.1092    28.8    15.6    22.2    22.3   118.0    16.9 R    31.9    11.0    20.8
54795 201008  2.403  -70.9484   43.1092    26.2    13.5    19.9    20.0   147.0    14.0 R    30.1     9.1    18.8
54795 201009  2.403  -70.9484   43.1092    23.1    10.9    17.0    17.2    39.2    10.3 R    24.9     6.0    14.4
54795 201010  2.403  -70.9484   43.1092    15.2     3.6     9.4     9.2   114.0     7.2 R    14.7    -1.0     5.6
54795 201011  2.403  -70.9484   43.1092     9.2    -0.7     4.2     4.2   113.9     4.5 R     8.2    -4.4     0.8
54795 201012  2.403  -70.9484   43.1092     2.6    -6.3    -1.9    -1.9    95.2     3.5 R     1.3    -8.5    -4.4
54795 201101  2.403  -70.9484   43.1092    -0.8   -11.7    -6.2    -5.9    77.9     4.5 R     0.1   -13.0    -7.6
54795 201102  2.403  -70.9484   43.1092     1.9   -11.2    -4.6    -4.1   102.9     6.5 R     2.7   -12.6    -6.0
54795 201103  2.403  -70.9484   43.1092     6.1    -4.2     1.0     1.0   109.1     8.9 R     7.3    -8.2    -1.7
54795 201104  2.403  -70.9484   43.1092    13.4     2.4     7.9     7.8   126.2    10.3 R    15.1    -1.6     6.0
54795 201105  2.403  -70.9484   43.1092    18.4     8.1    13.2    13.2   107.8    11.2 R    21.2     4.2    11.8
54795 201106  2.403  -70.9484   43.1092    23.1    11.2    17.2    17.1   114.2    16.8 R    31.4     8.3    18.0
54795 201107  2.403  -70.9484   43.1092    28.7    15.0    21.9    22.1    24.9    21.9 R    45.6    12.6    24.8
54795 201108  2.403  -70.9484   43.1092    26.3    14.2    20.2    20.1   182.3    16.9 R    36.0    12.8    21.1
54795 201109  2.403  -70.9484   43.1092    22.4    11.8    17.1    16.9    98.8    13.3 R    28.3    10.3    16.8
54795 201110  2.403  -70.9484   43.1092    15.3     5.4    10.3    10.3   194.1     8.3 R    20.5     3.2     9.4
54795 201111  2.403  -70.9484   43.1092    13.3     0.0     6.7     6.6    86.6     6.7 R    18.6    -2.8     5.0
54795 201112  2.403  -70.9484   43.1092     6.1    -4.8     0.6     0.7    92.9     4.7 R    11.6    -7.3    -0.4
54795 201201  2.403  -70.9484   43.1092     2.3    -7.3    -2.5    -2.3    89.4     5.5 R     6.9   -10.5    -4.0
54795 201202  2.403  -70.9484   43.1092     5.0    -5.7    -0.4    -0.4    33.5     8.5 R    13.0    -8.9    -1.2
54795 201203  2.403  -70.9484   43.1092    11.8    -0.5     5.7     5.6    62.7    12.0 R    18.6    -3.7     4.6
54795 201204  2.403  -70.9484   43.1092    15.6     1.9     8.8     9.1    77.1    18.2 R    29.6    -1.5     9.9
54795 201205  2.403  -70.9484   43.1092    19.3     8.8    14.1    14.1    98.3    16.0 R    26.6     7.8    14.8
54795 201206  2.413  -70.9484   43.1092    22.8    12.0    17.4    17.4   166.8    19.1 R    32.7    10.5    18.7
54795 201207  2.413  -70.9484   43.1092    28.1    14.7    21.4    21.5    54.5    21.7 C    38.6    13.1    23.7
54795 201208  2.413  -70.9484   43.1092    27.8    14.7    21.2    21.1    75.6    19.2 C    33.5    13.4    21.9
54795 201209  2.413  -70.9484   43.1092    21.8     8.7    15.2    15.4    75.2    13.9 C    27.0     7.0    15.7
54795 201210  2.413  -70.9484   43.1092    16.6     5.5    11.1    11.1   119.6     8.1 C    19.8     4.0    10.8
54795 201211  2.413  -70.9484   43.1092     8.5    -2.2     3.1     2.7    25.8     6.8 C    11.9    -4.6     1.9
54795 201212  2.413  -70.9484   43.1092     4.4    -4.0     0.2     0.2   159.4     3.7 C     5.8    -5.9    -0.6
54795 201301  2.413  -70.9484   43.1092     1.7    -9.3    -3.8    -3.4    37.2     6.1 C    -0.6   -12.2    -6.1
54795 201302  2.413  -70.9484   43.1092     1.5    -7.0    -2.8    -2.6   127.8     7.8 C     2.2    -9.8    -3.8
54795 201303  2.413  -70.9484   43.1092     6.1    -3.5     1.3     1.6    66.4    12.9 C    10.7    -6.6     0.8
54795 201304  2.413  -70.9484   43.1092    13.9     0.7     7.3     7.5    51.3    18.2 C    23.4    -2.0     8.5
54795 201305  2.413  -70.9484   43.1092    19.6     5.8    12.7    13.0   131.7    19.6 C    27.9     4.6    14.6
54795 201306  2.413  -70.9484   43.1092    24.4    12.5    18.5    18.5   178.1    19.4 C    28.1    11.8    19.1
54795 201307  2.413  -70.9484   43.1092    27.6    17.1    22.3    22.2    93.0    18.1 C    31.4    16.6    23.0
54795 201308  2.413  -70.9484   43.1092    25.9    12.7    19.3    19.4    70.7    19.6 C    31.4    11.6    20.1
54795 201309  2.423  -70.9484   43.1092    21.4     7.7    14.5    14.7   192.0    15.1 C    27.0     5.8    15.1
54795 201310  2.423  -70.9484   43.1092    16.4     3.1     9.8     9.7    15.2     9.7 C    23.5    -1.0     8.8
54795 201311  2.423  -70.9484   43.1092     8.2    -2.7     2.8     2.8    64.0     6.6 C    12.4    -6.8     1.4
54795 201312  2.423  -70.9484   43.1092     0.6    -8.0    -3.7    -3.5   106.5     3.6 C    -0.4   -13.0    -6.2
54795 201401  2.423  -70.9484   43.1092    -0.4   -11.1    -5.7    -5.8    79.0     5.6 C    -2.5   -16.0    -9.0
54795 201402  2.423  -70.9484   43.1092     0.0   -11.3    -5.6    -4.8   118.2     8.7 C    -2.3   -17.3    -8.8
54795 201403  2.423  -70.9484   43.1092     3.2    -8.4    -2.6    -2.2   117.5    11.9 C     3.4   -11.7    -4.4
54795 201404  2.423  -70.9484   43.1092    13.0     0.6     6.8     7.1    69.6    16.4 C    24.7    -3.5     7.7
54795 201405  2.423  -70.9484   43.1092    18.9     6.5    12.7    12.7    76.9    17.3 C    29.7     4.1    13.9
54795 201406  2.423  -70.9484   43.1092    24.5    10.8    17.6    18.0    56.5    22.0 C    32.3     8.6    18.9
54795 201407  2.423  -70.9484   43.1092    27.4    15.3    21.3    21.3   137.2    20.6 C    34.5    13.6    22.1
54795 201408  2.423  -70.9484   43.1092    25.1    12.1    18.6    18.5   121.9    19.2 C    35.3     9.6    19.7
54795 201409  2.423  -70.9484   43.1092    22.3     8.5    15.4    15.4    37.1    16.0 C    30.7     5.5    15.6
54795 201410  2.423  -70.9484   43.1092    16.1     5.7    10.9    11.0    95.9     8.3 C    20.7     2.7    10.3
54795 201411  2.423  -70.9484   43.1092     7.6    -2.3     2.6     2.8    99.0     5.3 C    10.0    -6.0     1.3
54795 201412  2.423  -70.9484   43.1092     3.6    -3.1     0.3     0.3   137.5     3.7 C     5.3    -6.2    -1.2
54795 201501  2.423  -70.9484   43.1092    -1.4   -12.0    -6.7    -6.3   107.6     5.7 C    -1.7   -17.2    -9.2
54795 201502  2.423  -70.9484   43.1092    -4.5   -16.9   -10.7   -10.0    72.6     8.8 C    -6.5   -23.8   -14.0
54795 201503  2.423  -70.9484   43.1092     3.8    -7.8    -2.0    -1.7    55.1    13.7 C     1.3   -12.6    -5.1
54795 201504  2.423  -70.9484   43.1092    12.4     0.6     6.5     6.9    86.1    15.8 C    23.3    -3.8     6.9
54795 201505  2.423  -70.9484   43.1092    23.1     7.6    15.4    15.8    16.4    21.8 C    38.1     4.6    18.3
54795 201506  2.423  -70.9484   43.1092    22.3    10.5    16.4    16.6   166.1    20.0 C    29.8     9.3    18.4
54795 201507  2.423  -70.9484   43.1092    26.9    14.3    20.6    20.5    44.6    21.0 C    36.2    12.6    21.8
54795 201508  2.423  -70.9484   43.1092    27.8    14.6    21.2    20.9    75.1    19.2 C    35.8    13.5    22.4
54795 201509  2.423  -70.9484   43.1092    26.0    10.5    18.2    18.1    85.5    16.2 C    34.9     8.3    18.8
54795 201510  2.423  -70.9484   43.1092    15.4     2.4     8.9     8.8    69.4    10.3 C    22.6    -0.8     8.4
54795 201511  2.423  -70.9484   43.1092    12.3    -0.4     5.9     5.8    65.8     6.9 C    15.4    -4.0     4.0
54795 201512  2.423  -70.9484   43.1092     7.9    -0.9     3.5     3.4   134.1     4.1 C    10.1    -3.4     2.2
54795 201601  2.423  -70.9484   43.1092     2.0    -7.3    -2.7    -2.5    60.2     5.8 C     0.6   -12.4    -6.0
54795 201602  2.423  -70.9484   43.1092     5.0    -7.3    -1.1    -0.8   101.3     8.7 C     7.4   -11.6    -3.2
54795 201603  2.423  -70.9484   43.1092     9.2    -2.0     3.6     3.7   103.3    12.2 C    18.3    -5.7     3.6
54795 201604  2.423  -70.9484   43.1092    13.0    -0.8     6.1     6.5    68.9    17.5 C    24.1    -5.2     7.2
54795 201605  2.423  -70.9484   43.1092    19.2     6.6    12.9    13.1    45.7    17.7 C    30.8     4.2    15.0
54795 201606  2.423  -70.9484   43.1092    24.9    10.6    17.7    17.8    59.3    23.0 C    39.1     8.6    20.5
54795 201607  2.423  -70.9484   43.1092    28.2    14.8    21.5    21.5   123.8    21.7 C    39.2    13.4    23.6
54795 201608  2.423  -70.9484   43.1092    28.5    14.3    21.4    21.6    32.8    20.1 C    36.9    12.4    22.4
54795 201609  2.423  -70.9484   43.1092    23.8    10.7    17.2    16.9    45.9    13.8 C    32.2     8.3    17.5
54795 201610  2.423  -70.9484   43.1092    15.8     3.8     9.8     9.9   186.3     9.5 C    19.7     1.7     9.4
54795 201611  2.423  -70.9484   43.1092    10.4    -0.8     4.8     4.8    79.3     6.0 C    12.9    -3.4     3.7
54795 201612  2.423  -70.9484   43.1092     2.8    -6.9    -2.0    -1.8   116.1     5.2 C     3.3   -10.6    -3.9
54795 201701  2.423  -70.9484   43.1092     3.2    -5.9    -1.3    -1.1    75.4     5.6 C     2.5    -9.5    -3.5
54795 201702  2.423  -70.9484   43.1092     4.8    -6.7    -0.9    -0.8   108.2     8.8 C     1.5   -11.7    -4.7
54795 201703  2.423  -70.9484   43.1092     3.6    -6.4    -1.4    -1.3   104.0    12.6 C     7.2   -11.2    -2.8
54795 201704  2.423  -70.9484   43.1092    15.1     3.4     9.3     9.3   136.3    14.4 C    22.8    -0.1     9.2
54795 201705  2.423  -70.9484   43.1092    17.0     6.8    11.9    12.0   151.0    15.2 C    24.6     4.3    12.7
54795 201706  2.423  -70.9484   43.1092    24.8    11.9    18.3    18.6    99.7    20.2 C    30.6     9.6    18.6
54795 201707  2.423  -70.9484   43.1092    26.5    13.9    20.2    20.3    55.3    20.3 C    33.2    12.2    20.9
