03077 200907  6.101 -109.8927   34.8221 -9999.0 -9999.0 -9999.0 -9999.0 -9999.0 -9999.0 U -9999.0 -9999.0 -9999.0
03077 200908  6.101 -109.8927   34.8221    32.1    15.6    23.9    23.8    24.8 -9999.0 U -9999.0 -9999.0 -9999.0
03077 200909  6.101 -109.8927   34.8221    27.4    11.8    19.6    19.1     4.0 -9999.0 U -9999.0 -9999.0 -9999.0
03077 200910  6.101 -109.8927   34.8221    19.5     4.4    11.9    11.8    11.7 -9999.0 U -9999.0 -9999.0 -9999.0
03077 200911  6.101 -109.8927   34.8221    15.9    -0.2     7.8     7.4     1.1 -9999.0 U -9999.0 -9999.0 -9999.0
03077 200912  6.101 -109.8927   34.8221     5.1    -7.0    -1.0    -1.2     9.1 -9999.0 U -9999.0 -9999.0 -9999.0
03077 201001  6.101 -109.8927   34.8221     5.1    -5.5    -0.2    -0.5    31.7 -9999.0 U -9999.0 -9999.0 -9999.0
03077 201002  6.101 -109.8927   34.8221     9.1    -3.2     2.9     2.7     6.6 -9999.0 U -9999.0 -9999.0 -9999.0
03077 201003  6.101 -109.8927   34.8221    14.7    -1.9     6.4     6.4    10.2 -9999.0 U -9999.0 -9999.0 -9999.0
03077 201004  6.101 -109.8927   34.8221    19.5     2.6    11.1    11.2     4.2 -9999.0 U -9999.0 -9999.0 -9999.0
03077 201005  6.101 -109.8927   34.8221    24.2     6.1    15.1    15.6     3.7 -9999.0 U -9999.0 -9999.0 -9999.0
03077 201006  6.101 -109.8927   34.8221    31.8    13.3    22.6    22.7     0.0 -9999.0 U -9999.0 -9999.0 -9999.0
03077 201007  6.101 -109.8927   34.8221    32.2    17.5    24.9    24.0    57.2 -9999.0 U -9999.0 -9999.0 -9999.0
03077 201008  6.101 -109.8927   34.8221    30.1    16.6    23.3    22.7    32.5 -9999.0 U -9999.0 -9999.0 -9999.0
03077 201009  6.101 -109.8927   34.8221    29.1    13.0    21.0    21.0    78.0 -9999.0 U -9999.0 -9999.0 -9999.0
03077 201010  6.101 -109.8927   34.8221    21.6     6.8    14.2    13.9     8.7 -9999.0 U -9999.0 -9999.0 -9999.0
03077 201011  6.101 -109.8927   34.8221    12.9    -2.4     5.2     5.1     4.0 -9999.0 U -9999.0 -9999.0 -9999.0
03077 201012  6.101 -109.8927   34.8221    11.1    -1.8     4.6     4.6    38.7 -9999.0 U -9999.0 -9999.0 -9999.0
03077 201101  6.101 -109.8927   34.8221     6.4    -6.5     0.0    -0.2     0.0 -9999.0 U -9999.0 -9999.0 -9999.0
03077 201102  6.101 -109.8927   34.8221     9.3    -5.9     1.7     1.4    14.3 -9999.0 U -9999.0 -9999.0 -9999.0
03077 201103  6.101 -109.8927   34.8221    18.0     0.7     9.4     9.2     5.8 -9999.0 U -9999.0 -9999.0 -9999.0
03077 201104  6.101 -109.8927   34.8221    20.5     3.0    11.8    12.0    10.0 -9999.0 U -9999.0 -9999.0 -9999.0
03077 201105  6.101 -109.8927   34.8221    23.4     6.0    14.7    15.0     8.2 -9999.0 U -9999.0 -9999.0 -9999.0
03077 201106  6.101 -109.8927   34.8221    32.3    12.8    22.6    23.0     0.0 -9999.0 U -9999.0 -9999.0 -9999.0
03077 201107  6.101 -109.8927   34.8221    32.4    16.6    24.5    23.6    64.8 -9999.0 U -9999.0 -9999.0 -9999.0
03077 201108  6.101 -109.8927   34.8221    32.6    17.0    24.8    24.1    36.3 -9999.0 U -9999.0 -9999.0 -9999.0
03077 201109  6.101 -109.8927   34.8221    27.7    12.6    20.1    19.7    37.4 -9999.0 U -9999.0 -9999.0 -9999.0
03077 201110  6.101 -109.8927   34.8221    21.0     4.7    12.9    12.8    12.4 -9999.0 U -9999.0 -9999.0 -9999.0
03077 201111  6.101 -109.8927   34.8221    13.2    -0.9     6.1     5.8     8.8 -9999.0 U -9999.0 -9999.0 -9999.0
03077 201112  6.101 -109.8927   34.8221     3.2    -6.2    -1.5    -1.6    37.1 -9999.0 U -9999.0 -9999.0 -9999.0
03077 201201  6.101 -109.8927   34.8221    10.5    -4.5     3.0     2.6     3.8 -9999.0 U -9999.0 -9999.0 -9999.0
03077 201202  6.101 -109.8927   34.8221    11.5    -3.5     4.0     3.6     7.8 -9999.0 U -9999.0 -9999.0 -9999.0
03077 201203  6.101 -109.8927   34.8221    17.2    -0.5     8.4     8.1     3.9 -9999.0 U -9999.0 -9999.0 -9999.0
03077 201204  6.101 -109.8927   34.8221    22.4     4.2    13.3    13.5     2.1 -9999.0 U -9999.0 -9999.0 -9999.0
03077 201205  6.101 -109.8927   34.8221    27.6     8.5    18.0    18.6     0.5 -9999.0 U -9999.0 -9999.0 -9999.0
03077 201206  6.101 -109.8927   34.8221    33.9    14.4    24.2    24.6     1.2 -9999.0 U -9999.0 -9999.0 -9999.0
03077 201207  6.101 -109.8927   34.8221    31.5    17.1    24.3    23.4    65.9 -9999.0 U -9999.0 -9999.0 -9999.0
03077 201208  6.101 -109.8927   34.8221    31.8    16.8    24.3    23.6    83.2 -9999.0 U -9999.0 -9999.0 -9999.0
03077 201209  6.101 -109.8927   34.8221    27.9    12.2    20.0    19.7     8.6 -9999.0 U -9999.0 -9999.0 -9999.0
03077 201210  6.101 -109.8927   34.8221    23.1     5.5    14.3    14.2     0.3 -9999.0 U -9999.0 -9999.0 -9999.0
03077 201211  6.101 -109.8927   34.8221    16.7     0.0     8.4     8.0     8.6 -9999.0 U -9999.0 -9999.0 -9999.0
03077 201212  6.101 -109.8927   34.8221     8.8    -4.6     2.1     1.7    15.3 -9999.0 U -9999.0 -9999.0 -9999.0
03077 201301  6.101 -109.8927   34.8221     5.7    -8.5    -1.4    -1.7     9.8 -9999.0 U -9999.0 -9999.0 -9999.0
03077 201302  6.101 -109.8927   34.8221     8.2    -5.7     1.3     1.0    13.2 -9999.0 U -9999.0 -9999.0 -9999.0
03077 201303  6.101 -109.8927   34.8221    17.5     0.5     9.0     9.0    10.8 -9999.0 U -9999.0 -9999.0 -9999.0
03077 201304  6.101 -109.8927   34.8221    20.5     3.3    11.9    12.2    16.1 -9999.0 U -9999.0 -9999.0 -9999.0
03077 201305  6.101 -109.8927   34.8221    25.8     8.1    16.9    17.2     4.1 -9999.0 U -9999.0 -9999.0 -9999.0
03077 201306  6.101 -109.8927   34.8221    34.1    15.0    24.6    25.0     0.8 -9999.0 U -9999.0 -9999.0 -9999.0
03077 201307  6.101 -109.8927   34.8221    32.3    17.3    24.8    23.7    54.1 -9999.0 U -9999.0 -9999.0 -9999.0
03077 201308  6.101 -109.8927   34.8221    30.1    15.9    23.0    22.1    34.6 -9999.0 U -9999.0 -9999.0 -9999.0
03077 201309  6.101 -109.8927   34.8221    27.4    12.2    19.8    19.4    16.9 -9999.0 U -9999.0 -9999.0 -9999.0
03077 201310  6.101 -109.8927   34.8221    19.9     3.0    11.5    11.4     8.2 -9999.0 U -9999.0 -9999.0 -9999.0
03077 201311  6.101 -109.8927   34.8221    13.6     0.1     6.9     6.5    40.2 -9999.0 U -9999.0 -9999.0 -9999.0
03077 201312  6.101 -109.8927   34.8221     7.1    -6.4     0.3    -0.1     1.8 -9999.0 U -9999.0 -9999.0 -9999.0
03077 201401  6.101 -109.8927   34.8221    11.7    -5.4     3.2     2.9     0.0 -9999.0 U -9999.0 -9999.0 -9999.0
03077 201402  6.101 -109.8927   34.8221    15.1    -0.9     7.1     6.8     5.1 -9999.0 U -9999.0 -9999.0 -9999.0
03077 201403  6.101 -109.8927   34.8221    16.8     1.0     8.9     8.7    35.3 -9999.0 U -9999.0 -9999.0 -9999.0
03077 201404  6.101 -109.8927   34.8221    20.2     3.2    11.7    11.9     7.3 -9999.0 U -9999.0 -9999.0 -9999.0
03077 201405  6.101 -109.8927   34.8221    25.0     7.7    16.3    16.7     2.8 -9999.0 U -9999.0 -9999.0 -9999.0
03077 201406  6.101 -109.8927   34.8221 -9999.0 -9999.0 -9999.0 -9999.0 -9999.0 -9999.0 U -9999.0 -9999.0 -9999.0
