03088 201006  6.101 -105.2650   38.9105 -9999.0 -9999.0 -9999.0 -9999.0 -9999.0 -9999.0 U -9999.0 -9999.0 -9999.0
03088 201007  6.101 -105.2650   38.9105    24.7     5.9    15.3    15.4    79.2 -9999.0 U -9999.0 -9999.0 -9999.0
03088 201008  6.101 -105.2650   38.9105    23.1     5.7    14.4    14.6    80.0 -9999.0 U -9999.0 -9999.0 -9999.0
03088 201009  6.101 -105.2650   38.9105    22.8     0.0    11.4    11.8     5.0 -9999.0 U -9999.0 -9999.0 -9999.0
03088 201010  6.101 -105.2650   38.9105    14.2    -4.8     4.7     4.5    15.5 -9999.0 U -9999.0 -9999.0 -9999.0
03088 201011  6.101 -105.2650   38.9105     6.3   -12.6    -3.2    -2.9     5.1 -9999.0 U -9999.0 -9999.0 -9999.0
03088 201012  6.101 -105.2650   38.9105     5.5   -12.2    -3.3    -3.2     6.8 -9999.0 U -9999.0 -9999.0 -9999.0
03088 201101  6.101 -105.2650   38.9105     2.3   -17.3    -7.5    -7.3     9.6 -9999.0 U -9999.0 -9999.0 -9999.0
03088 201102  6.101 -105.2650   38.9105     1.2   -17.2    -8.0    -7.3    14.8 -9999.0 U -9999.0 -9999.0 -9999.0
03088 201103  6.101 -105.2650   38.9105     8.9    -8.2     0.4     0.7     7.7 -9999.0 U -9999.0 -9999.0 -9999.0
03088 201104  6.101 -105.2650   38.9105    11.2    -6.6     2.3     3.0    19.2 -9999.0 U -9999.0 -9999.0 -9999.0
03088 201105  6.101 -105.2650   38.9105    14.2    -3.2     5.5     6.0    24.8 -9999.0 U -9999.0 -9999.0 -9999.0
03088 201106  6.101 -105.2650   38.9105    23.9     1.9    12.9    14.2     7.0 -9999.0 U -9999.0 -9999.0 -9999.0
03088 201107  6.101 -105.2650   38.9105    26.2     6.8    16.5    16.3    75.0 -9999.0 U -9999.0 -9999.0 -9999.0
03088 201108  6.101 -105.2650   38.9105    25.1     5.7    15.4    15.1    68.6 -9999.0 U -9999.0 -9999.0 -9999.0
03088 201109  6.101 -105.2650   38.9105    19.3     0.4     9.9     9.6    30.1 -9999.0 U -9999.0 -9999.0 -9999.0
03088 201110  6.101 -105.2650   38.9105    13.4    -5.5     4.0     3.6    34.0 -9999.0 U -9999.0 -9999.0 -9999.0
03088 201111  6.101 -105.2650   38.9105     6.9   -10.7    -1.9    -1.9     9.5 -9999.0 U -9999.0 -9999.0 -9999.0
03088 201112  6.101 -105.2650   38.9105     1.2   -17.8    -8.3    -8.6    21.8 -9999.0 U -9999.0 -9999.0 -9999.0
03088 201201  6.101 -105.2650   38.9105     4.3   -13.1    -4.4    -4.4     2.3 -9999.0 U -9999.0 -9999.0 -9999.0
03088 201202  6.101 -105.2650   38.9105     1.9   -14.8    -6.4    -5.9    12.7 -9999.0 U -9999.0 -9999.0 -9999.0
03088 201203  6.101 -105.2650   38.9105    11.2    -8.6     1.3     1.8     3.8 -9999.0 U -9999.0 -9999.0 -9999.0
03088 201204  6.101 -105.2650   38.9105    13.8    -5.1     4.3     5.0    30.8 -9999.0 U -9999.0 -9999.0 -9999.0
03088 201205  6.101 -105.2650   38.9105    17.4    -1.4     8.0     8.5    42.1 -9999.0 U -9999.0 -9999.0 -9999.0
03088 201206  6.101 -105.2650   38.9105    25.9     3.2    14.5    15.8     2.7 -9999.0 U -9999.0 -9999.0 -9999.0
03088 201207  6.101 -105.2650   38.9105    25.9     6.5    16.2    15.9    86.5 -9999.0 U -9999.0 -9999.0 -9999.0
03088 201208  6.101 -105.2650   38.9105    24.7     4.5    14.6    14.5    13.5 -9999.0 U -9999.0 -9999.0 -9999.0
03088 201209  6.101 -105.2650   38.9105    19.8    -0.1     9.9     9.9    41.2 -9999.0 U -9999.0 -9999.0 -9999.0
03088 201210  6.101 -105.2650   38.9105    14.3    -5.7     4.3     3.8    15.0 -9999.0 U -9999.0 -9999.0 -9999.0
03088 201211  6.101 -105.2650   38.9105    10.6   -10.1     0.2    -0.3     2.3 -9999.0 U -9999.0 -9999.0 -9999.0
03088 201212  6.101 -105.2650   38.9105     1.8   -17.0    -7.6    -7.5    12.0 -9999.0 U -9999.0 -9999.0 -9999.0
03088 201301  6.101 -105.2650   38.9105     1.9   -18.6    -8.4    -8.7     2.4 -9999.0 U -9999.0 -9999.0 -9999.0
03088 201302  6.101 -105.2650   38.9105     1.7   -17.1    -7.7    -7.4    21.4 -9999.0 U -9999.0 -9999.0 -9999.0
03088 201303  6.101 -105.2650   38.9105     7.1   -11.3    -2.1    -1.8    13.1 -9999.0 U -9999.0 -9999.0 -9999.0
03088 201304  6.101 -105.2650   38.9105     8.9    -8.5     0.2     0.5    19.0 -9999.0 U -9999.0 -9999.0 -9999.0
03088 201305  6.101 -105.2650   38.9105    14.7    -3.3     5.7     6.1    50.9 -9999.0 U -9999.0 -9999.0 -9999.0
03088 201306  6.101 -105.2650   38.9105    24.2     2.0    13.1    14.2    32.7 -9999.0 U -9999.0 -9999.0 -9999.0
03088 201307  6.101 -105.2650   38.9105    23.7     6.2    15.0    14.9    74.2 -9999.0 U -9999.0 -9999.0 -9999.0
03088 201308  6.101 -105.2650   38.9105    24.3     5.4    14.8    14.1    69.4 -9999.0 U -9999.0 -9999.0 -9999.0
03088 201309  6.101 -105.2650   38.9105    20.5     3.8    12.2    11.8    85.7 -9999.0 U -9999.0 -9999.0 -9999.0
03088 201310  6.101 -105.2650   38.9105    12.5    -6.5     3.0     2.7     6.8 -9999.0 U -9999.0 -9999.0 -9999.0
03088 201311  6.101 -105.2650   38.9105     7.0   -10.9    -1.9    -2.0    16.1 -9999.0 U -9999.0 -9999.0 -9999.0
03088 201312  6.101 -105.2650   38.9105     1.4   -17.1    -7.8    -7.9    13.5 -9999.0 U -9999.0 -9999.0 -9999.0
03088 201401  6.101 -105.2650   38.9105     1.9   -16.7    -7.4    -7.1    27.3 -9999.0 U -9999.0 -9999.0 -9999.0
03088 201402  6.101 -105.2650   38.9105     2.9   -13.8    -5.5    -4.6     7.5 -9999.0 U -9999.0 -9999.0 -9999.0
03088 201403  6.101 -105.2650   38.9105     7.5   -10.3    -1.4    -1.2    21.9 -9999.0 U -9999.0 -9999.0 -9999.0
03088 201404  6.101 -105.2650   38.9105    10.3    -7.0     1.6     2.1    38.6 -9999.0 U -9999.0 -9999.0 -9999.0
03088 201405  6.101 -105.2650   38.9105    15.6    -2.8     6.4     6.6    69.7 -9999.0 U -9999.0 -9999.0 -9999.0
03088 201406  6.101 -105.2650   38.9105 -9999.0 -9999.0 -9999.0 -9999.0 -9999.0 -9999.0 U -9999.0 -9999.0 -9999.0
