04127 200306  1.001 -116.7505   43.2044 -9999.0 -9999.0 -9999.0 -9999.0 -9999.0 -9999.0 U -9999.0 -9999.0 -9999.0
04127 200307  1.001 -116.7505   43.2044    33.5    14.3    23.9    25.1     2.6    28.1 R -9999.0 -9999.0    30.6
04127 200308  1.100 -116.7505   43.2044    30.5    13.2    21.8    22.5    17.6    22.4 R -9999.0 -9999.0    25.4
04127 200309  1.100 -116.7505   43.2044    25.3     7.2    16.2    16.7     2.0    18.8 R -9999.0 -9999.0    17.8
04127 200310  1.100 -116.7505   43.2044    20.2     3.9    12.1    12.5     0.0    13.8 R -9999.0 -9999.0    11.9
04127 200311  1.100 -116.7505   43.2044     6.6    -4.4     1.1     1.4    12.5     7.6 R -9999.0 -9999.0    -0.1
04127 200312  1.100 -116.7505   43.2044     5.7    -3.1     1.3     1.4    38.9     5.2 R -9999.0 -9999.0    -0.4
04127 200401  1.100 -116.7505   43.2044     1.1    -6.0    -2.4    -2.6    23.6     5.8 R -9999.0 -9999.0    -3.9
04127 200402  1.100 -116.7505   43.2044     3.7    -4.7    -0.5    -0.3    27.5     9.6 R -9999.0 -9999.0    -2.0
04127 200403  1.100 -116.7505   43.2044    14.4    -0.2     7.1     7.3     7.2    16.9 R -9999.0 -9999.0     7.2
04127 200404  1.100 -116.7505   43.2044    17.2     1.6     9.4     9.8     4.7    21.3 R -9999.0 -9999.0    12.8
04127 200405  1.201 -116.7505   43.2044    19.4     4.9    12.1    12.1    41.3    21.4 R -9999.0 -9999.0    15.3
04127 200406  1.201 -116.7505   43.2044    25.8     8.5    17.2    17.9     9.3    26.1 R -9999.0 -9999.0    22.9
04127 200407  1.201 -116.7505   43.2044    31.1    12.7    21.9    22.9     3.5    26.8 R -9999.0 -9999.0    27.2
04127 200408  1.201 -116.7505   43.2044    29.3    12.2    20.7    21.2    10.7    22.3 R -9999.0 -9999.0    23.9
04127 200409  1.201 -116.7505   43.2044    22.4     6.0    14.2    14.4    11.8    18.4 R -9999.0 -9999.0    15.7
04127 200410  1.201 -116.7505   43.2044    16.1     2.1     9.1     9.5    34.1    11.4 R -9999.0 -9999.0     8.6
04127 200411  1.201 -116.7505   43.2044     7.4    -3.0     2.2     1.8    70.6     7.2 R -9999.0 -9999.0     0.5
04127 200412  1.201 -116.7505   43.2044     5.2    -3.9     0.6     0.5    38.3     5.1 R -9999.0 -9999.0    -1.3
04127 200501  1.201 -116.7505   43.2044     3.6    -5.6    -1.0    -1.3     6.6     6.6 R -9999.0 -9999.0    -2.3
04127 200502  1.201 -116.7505   43.2044     6.8    -5.7     0.6     0.2     6.9    11.2 R -9999.0 -9999.0    -0.3
04127 200503  1.201 -116.7505   43.2044    12.0    -0.9     5.6     5.5    21.4    14.9 R -9999.0 -9999.0     5.3
04127 200504  1.201 -116.7505   43.2044    14.1     1.2     7.7     7.7    20.2    17.2 R -9999.0 -9999.0     9.3
04127 200505  1.201 -116.7505   43.2044    18.6     5.3    12.0    12.0   111.4    20.4 R -9999.0 -9999.0    13.3
04127 200506  1.201 -116.7505   43.2044    22.4     6.1    14.3    14.8    40.1    25.5 R -9999.0 -9999.0    17.0
04127 200507  1.201 -116.7505   43.2044    31.5    11.8    21.7    22.8     9.7    28.2 R -9999.0 -9999.0    26.5
04127 200508  1.201 -116.7505   43.2044    30.6    11.3    21.0    21.9     1.8    25.0 R -9999.0 -9999.0    24.3
04127 200509  1.201 -116.7505   43.2044    23.2     4.6    13.9    14.4     6.7    19.3 R -9999.0 -9999.0    14.6
04127 200510  1.201 -116.7505   43.2044    16.9     0.9     8.9     8.8    12.3    12.4 R -9999.0 -9999.0     7.4
04127 200511  1.201 -116.7505   43.2044     8.0    -4.0     2.0     1.5    42.5     7.5 R -9999.0 -9999.0    -0.2
04127 200512  1.201 -116.7505   43.2044     2.6    -6.4    -1.9    -2.0    76.4     5.2 R -9999.0 -9999.0    -4.0
04127 200601  1.201 -116.7505   43.2044     5.5    -2.7     1.4     1.3    29.1     5.9 R -9999.0 -9999.0    -0.4
04127 200602  1.201 -116.7505   43.2044     5.1    -6.2    -0.6    -0.6    21.7    11.4 R -9999.0 -9999.0    -1.9
04127 200603  1.201 -116.7505   43.2044     8.4    -2.4     3.0     2.9    33.8    13.4 R -9999.0 -9999.0     2.4
04127 200604  1.201 -116.7505   43.2044    14.4     1.1     7.7     8.0    53.3    19.3 R -9999.0 -9999.0     8.5
04127 200605  1.301 -116.7505   43.2044    21.2     4.6    12.9    13.3    17.7    24.8 R -9999.0 -9999.0    16.1
04127 200606  1.301 -116.7505   43.2044    27.0     9.3    18.2    18.9    12.9    25.9 R    51.9     7.7    23.8
04127 200607  1.301 -116.7505   43.2044    33.3    14.0    23.6    24.6     8.2    27.4 R    60.3    11.8    29.9
04127 200608  1.301 -116.7505   43.2044    29.1    10.2    19.7    20.5     0.0    24.4 R    53.5     7.6    24.3
04127 200609  1.301 -116.7505   43.2044    24.2     5.7    14.9    15.3     4.2    18.3 R    41.2     2.9    16.1
04127 200610  1.301 -116.7505   43.2044    16.1     0.1     8.1     8.2     8.2    12.8 R    26.7    -2.8     7.2
04127 200611  1.301 -116.7505   43.2044    10.1    -1.3     4.4     4.5    42.5     6.4 R    15.7    -3.7     2.5
04127 200612  1.301 -116.7505   43.2044     4.0    -7.3    -1.7    -1.7    30.5     5.9 R     7.1    -8.9    -3.9
04127 200701  1.301 -116.7505   43.2044     2.8    -9.6    -3.4    -3.4    10.9     8.1 R     7.3   -11.0    -5.4
04127 200702  1.301 -116.7505   43.2044     8.4    -2.4     3.0     2.8     9.6     8.9 R    13.6    -4.0     0.7
04127 200703  1.301 -116.7505   43.2044    14.2    -0.8     6.7     6.7     4.4    15.8 R    24.8    -2.7     6.4
04127 200704  1.301 -116.7505   43.2044    16.0     0.3     8.1     8.3    20.5    19.7 R    32.1    -2.1    10.0
04127 200705  1.301 -116.7505   43.2044    22.5     4.8    13.6    14.5     4.6    26.1 R    46.4     2.4    19.2
04127 200706  1.302 -116.7505   43.2044    27.0     8.8    17.9    18.9    13.5    26.7 R    52.1     6.7    24.3
04127 200707  1.302 -116.7505   43.2044    33.7    15.2    24.5    25.5     6.9    25.9 R    60.5    13.0    31.0
04127 200708  1.302 -116.7505   43.2044    30.4    11.1    20.8    21.4    16.5    23.3 R    55.1     8.6    25.7
04127 200709  1.302 -116.7505   43.2044    23.2     6.3    14.8    15.1    27.6    17.6 R    36.5     4.2    15.9
04127 200710  1.302 -116.7505   43.2044    14.9     0.9     7.9     7.9    23.8    11.9 R    21.2    -0.3     7.5
04127 200711  1.302 -116.7505   43.2044     9.9    -4.0     3.0     2.6    27.1     8.0 R    15.5    -4.7     1.3
04127 200712  1.302 -116.7505   43.2044     2.7    -5.9    -1.6    -1.3    29.8     4.4 R     8.8    -8.2    -3.3
04127 200801  1.302 -116.7505   43.2044     2.6    -6.6    -2.0    -2.3    23.1     6.5 R    11.9    -7.7    -3.5
04127 200802  1.302 -116.7505   43.2044     6.2    -3.8     1.2     1.1    15.6    11.5 R    17.5    -4.9     0.1
04127 200803  1.302 -116.7505   43.2044     8.8    -3.7     2.5     2.3    26.2    14.9 R    20.0    -4.1     2.9
04127 200804  1.302 -116.7505   43.2044    12.8    -3.2     4.8     5.1     8.6    20.8 R    31.5    -4.8     7.8
04127 200805  1.302 -116.7505   43.2044    20.1     4.7    12.4    12.5    41.7    22.3 R    40.6     2.9    16.3
04127 200806  1.302 -116.7505   43.2044    25.0     7.2    16.1    16.7     6.9    27.8 R    46.7     6.1    21.8
04127 200807  1.302 -116.7505   43.2044    31.0    12.3    21.7    22.7     1.1    28.6 R    54.8    10.2    28.2
04127 200808  1.302 -116.7505   43.2044    30.2    11.1    20.6    21.4     0.5    25.0 R    51.3     9.1    25.4
04127 200809  1.302 -116.7505   43.2044    24.6     5.7    15.1    15.3     7.6    19.1 R    40.2     2.9    16.7
04127 200810  1.302 -116.7505   43.2044    17.1     1.5     9.3     9.1     2.5    12.1 R    27.0    -1.5     8.7
04127 200811  1.302 -116.7505   43.2044    10.6    -1.1     4.7     4.4    20.8     7.1 R    12.9    -2.5     3.1
04127 200812  1.302 -116.7505   43.2044     3.9    -7.6    -1.9    -1.6    44.0     6.0 R     3.9    -9.5    -3.2
04127 200901  1.302 -116.7505   43.2044     3.7    -5.1    -0.7    -0.5    26.0     6.0 R     4.6    -5.4    -1.2
04127 200902  1.302 -116.7505   43.2044     5.9    -5.6     0.2     0.0    10.5     9.9 R     7.9    -5.3    -0.3
04127 200903  1.302 -116.7505   43.2044     9.1    -3.5     2.8     2.6    37.6    14.0 R    15.5    -4.1     2.8
04127 200904  1.302 -116.7505   43.2044    14.3     0.2     7.3     7.3    13.4    19.5 R    28.8    -1.8     9.2
04127 200905  1.302 -116.7505   43.2044    21.4     4.6    13.0    13.7    26.8    24.1 R    40.7     2.8    17.5
04127 200906  1.302 -116.7505   43.2044    22.6     8.9    15.8    16.0   101.0    22.6 R    35.9     8.4    18.5
04127 200907  1.302 -116.7505   43.2044    30.6    11.9    21.2    22.1    17.4    27.0 R    49.9    10.3    26.3
04127 200908  1.302 -116.7505   43.2044    28.6    11.2    19.9    20.5    18.4    22.1 R    43.8     9.6    23.0
04127 200909  1.302 -116.7505   43.2044    27.2     8.4    17.8    18.5     0.0    19.1 R    39.7     6.1    19.4
04127 200910  1.302 -116.7505   43.2044    13.0     0.0     6.5     6.5    29.8    10.3 R    18.2    -1.4     6.0
04127 200911  1.302 -116.7505   43.2044     8.5    -4.1     2.2     2.2    14.0     8.5 R    11.3    -5.3     0.8
04127 200912  1.302 -116.7505   43.2044     1.3    -9.7    -4.2    -4.4    10.0     5.8 R     4.3   -11.1    -5.8
04127 201001  1.302 -116.7505   43.2044     5.1    -2.9     1.1     0.9    31.7     5.7 R     7.2    -3.0     0.2
04127 201002  1.302 -116.7505   43.2044     6.0    -2.9     1.6     1.4    16.6     8.2 R    12.3    -3.0     1.7
04127 201003  1.302 -116.7505   43.2044    10.1    -2.5     3.8     3.9    52.1    14.5 R    17.6    -3.7     3.8
04127 201004  1.302 -116.7505   43.2044    13.3    -0.8     6.2     6.5    25.5    18.0 R    24.6    -2.5     7.7
04127 201005  1.302 -116.7505   43.2044    15.6     2.4     9.0     8.9    31.2    18.9 R    29.9     0.9    11.1
04127 201006  1.302 -116.7505   43.2044    23.3     7.6    15.4    15.8    20.2    23.1 R    39.4     6.2    19.2
04127 201007  1.302 -116.7505   43.2044    30.2    10.3    20.3    21.3     2.7    28.0 R    50.5     8.1    25.9
04127 201008  1.302 -116.7505   43.2044    28.1     9.9    19.0    19.8    12.7    22.5 R    44.0     7.5    22.3
04127 201009  2.404 -116.7505   43.2044    25.2     6.4    15.8    16.1     1.6    18.5 R    38.1     3.6    17.0
04127 201010  2.404 -116.7505   43.2044    17.8     3.7    10.8    10.6    45.0    11.0 R    23.2     2.3    10.0
04127 201011  2.404 -116.7505   43.2044     7.3    -4.0     1.6     1.9    23.6     6.7 R     9.4    -5.4     0.8
04127 201012  2.404 -116.7505   43.2044     4.9    -3.9     0.5     0.5    59.9     5.2 R     6.1    -4.4    -0.5
04127 201101  2.404 -116.7505   43.2044     3.4    -5.8    -1.2    -1.1    24.3     6.2 R     5.1    -5.6    -1.6
04127 201102  2.404 -116.7505   43.2044     5.0    -5.4    -0.2     0.2     8.4     9.0 R     7.4    -5.9    -0.5
04127 201103  2.404 -116.7505   43.2044     9.5    -1.3     4.1     3.9    78.8    11.9 R    15.3    -2.1     3.9
04127 201104  2.404 -116.7505   43.2044    11.4    -1.4     5.0     5.1    49.1    17.2 R    20.9    -1.9     6.4
04127 201105  2.404 -116.7505   43.2044    16.2     2.5     9.4     9.4    24.6    19.7 R    28.1     1.7    11.6
04127 201106  2.402 -116.7505   43.2044    22.3     6.0    14.2    14.5    31.7    25.2 R    37.4     5.4    18.1
04127 201107  2.402 -116.7505   43.2044    29.5    10.2    19.8    20.7     8.5    24.9 R    45.9     9.2    24.9
04127 201108  2.402 -116.7505   43.2044    31.0    11.9    21.5    22.3     0.6    21.5 R    44.8    10.8    25.1
04127 201109  2.402 -116.7505   43.2044    27.3     7.5    17.4    17.8     0.3    17.5 R    37.8     6.0    19.3
04127 201110  2.402 -116.7505   43.2044    16.3     1.8     9.0     9.3    23.1     9.8 R    20.9     1.0     9.3
04127 201111  2.402 -116.7505   43.2044     7.7    -4.7     1.5     1.8    11.0     6.3 R    10.1    -5.3     1.3
04127 201112  2.402 -116.7505   43.2044     5.0    -8.9    -2.0    -2.1     9.5     5.7 R     7.3   -10.0    -3.2
04127 201201  2.402 -116.7505   43.2044     6.2    -5.7     0.3     0.0    77.4     5.5 R     7.0    -6.1    -0.8
04127 201202  2.402 -116.7505   43.2044     6.5    -4.4     1.0     0.9    20.4     9.0 R     8.7    -4.4     0.8
04127 201203  2.402 -116.7505   43.2044    12.1    -0.7     5.7     5.6    45.2    11.7 R    16.0    -1.5     5.3
04127 201204  2.402 -116.7505   43.2044    16.4     1.4     8.9     9.0    29.5    16.4 R    26.4     0.4    10.3
04127 201205  2.402 -116.7505   43.2044    19.8     2.8    11.3    11.9     6.0    21.3 R    33.5     1.7    15.1
04127 201206  2.402 -116.7505   43.2044    24.7     6.1    15.4    16.3    16.9    23.6 R    39.7     5.2    20.1
04127 201207  2.402 -116.7505   43.2044    32.3    12.9    22.6    23.8     4.1    22.7 R    48.5    11.7    27.2
04127 201208  2.402 -116.7505   43.2044    31.6    12.0    21.8    22.6     1.1    20.1 R    44.8    10.0    24.8
04127 201209  2.412 -116.7505   43.2044    26.4     6.9    16.6    17.0     0.0    18.0 R    36.5     4.7    17.8
04127 201210  2.412 -116.7505   43.2044    17.1     0.0     8.5     8.7    15.6    13.0 C    22.5    -1.4     8.6
04127 201211  2.412 -116.7505   43.2044    10.0    -1.7     4.2     4.0    21.9     6.3 C    11.9    -2.4     3.5
04127 201212  2.412 -116.7505   43.2044     4.0    -4.7    -0.3    -0.2    47.8     4.6 C     4.8    -5.6    -0.9
04127 201301  2.412 -116.7505   43.2044    -0.7   -11.4    -6.0    -6.5     7.1     7.0 C    -0.3   -12.0    -7.0
04127 201302  2.412 -116.7505   43.2044     5.6    -4.4     0.6     0.4     9.4    10.8 C     7.4    -4.4     0.4
04127 201303  2.412 -116.7505   43.2044    12.2    -2.9     4.6     5.0     6.4    16.4 C    18.5    -3.4     5.6
04127 201304  2.412 -116.7505   43.2044    15.2     0.2     7.7     8.0    18.7    20.7 C    24.9    -1.1    10.0
04127 201305  2.412 -116.7505   43.2044    21.3     3.9    12.6    13.2    15.2    24.1 C    34.7     2.7    16.5
04127 201306  2.412 -116.7505   43.2044    26.7     8.7    17.7    18.4    11.9    27.4 C    40.4     7.6    22.4
04127 201307  2.412 -116.7505   43.2044    33.3    13.8    23.5    24.8    35.3    27.0 C    44.7    12.7    27.4
04127 201308  2.412 -116.7505   43.2044    31.2    12.9    22.0    22.7     8.9    23.0 C    42.4    11.5    24.8
04127 201309  2.412 -116.7505   43.2044    22.7     9.2    16.0    16.1    93.6    16.3 C    27.5     8.5    16.4
04127 201310  2.412 -116.7505   43.2044    14.7    -0.2     7.3     7.0    24.4    13.2 C    18.6    -1.3     6.7
04127 201311  2.412 -116.7505   43.2044     9.5    -3.4     3.0     2.4    12.1     7.9 C    10.8    -3.6     1.9
04127 201312  2.412 -116.7505   43.2044     2.1    -8.9    -3.4    -3.5    12.1     6.3 C     2.4    -9.8    -4.3
04127 201401  2.412 -116.7505   43.2044     4.4    -6.3    -0.9    -1.4    14.7     7.2 C     5.3    -6.2    -1.5
04127 201402  2.412 -116.7505   43.2044     7.8    -2.2     2.8     2.8    55.1     8.9 C     8.8    -2.7     2.3
04127 201403  2.412 -116.7505   43.2044    12.5    -1.5     5.5     5.7    23.0    14.9 C    17.0    -2.3     5.8
04127 201404  2.412 -116.7505   43.2044    15.5    -0.3     7.6     7.9    17.1    21.1 C    23.4    -1.1     9.5
04127 201405  2.412 -116.7505   43.2044    21.5     4.1    12.8    13.4    10.2    25.4 C    32.5     3.3    16.2
04127 201406  2.412 -116.7505   43.2044    24.7     7.4    16.1    16.9    12.4    26.8 C    35.9     7.1    20.1
04127 201407  2.422 -116.7505   43.2044    32.9    14.0    23.4    24.5     8.4    26.0 C    44.8    11.8    26.7
04127 201408  2.422 -116.7505   43.2044    28.7    11.6    20.2    20.6    20.3    20.8 C    39.6     9.8    22.2
04127 201409  2.422 -116.7505   43.2044    24.7     7.9    16.3    16.6    36.2    18.2 C    32.7     5.2    16.9
04127 201410  2.422 -116.7505   43.2044    19.5     2.9    11.2    11.0    13.0    13.0 C    22.3     0.8     9.4
04127 201411  2.422 -116.7505   43.2044     7.3    -3.7     1.8     2.1    44.6     7.6 C     7.8    -5.6     0.6
04127 201412  2.422 -116.7505   43.2044     6.0    -3.5     1.2     1.3    48.7     4.4 C     6.0    -4.8     0.0
04127 201501  2.422 -116.7505   43.2044     4.3    -5.3    -0.5    -1.0    15.2     6.4 C     4.2    -5.9    -1.7
04127 201502  2.422 -116.7505   43.2044    10.6    -1.5     4.6     4.7    34.6    10.2 C    13.0    -3.1     3.3
04127 201503  2.422 -116.7505   43.2044    15.0    -1.1     7.0     7.2     4.8    15.9 C    21.3    -3.6     6.5
04127 201504  2.422 -116.7505   43.2044    15.6    -0.6     7.5     7.8    29.4    21.4 C    25.7    -2.9     8.9
04127 201505  2.422 -116.7505   43.2044    20.6     5.6    13.1    13.3    24.2    21.2 C    32.3     3.7    15.3
04127 201506  2.422 -116.7505   43.2044    30.0    11.2    20.6    21.6     8.6    27.8 C    43.0     8.8    24.3
04127 201507  2.422 -116.7505   43.2044    29.5    12.1    20.8    21.5    12.6    24.7 C    41.6     9.9    23.7
04127 201508  2.422 -116.7505   43.2044    30.9    12.3    21.6    22.4     0.5    22.8 C    41.7     9.4    23.7
04127 201509  2.422 -116.7505   43.2044    24.9     7.0    16.0    16.2    12.3    18.1 C    32.4     4.0    16.1
04127 201510  2.422 -116.7505   43.2044    20.2     5.0    12.6    12.4    46.3    11.4 C    24.5     2.4    11.5
04127 201511  2.422 -116.7505   43.2044     6.4    -4.3     1.0     1.1    22.2     6.9 C     7.8    -5.3     0.4
04127 201512  2.422 -116.7505   43.2044     3.8    -4.4    -0.3    -0.3    43.2     4.3 C     3.7    -5.8    -1.4
04127 201601  2.422 -116.7505   43.2044     4.8    -4.9     0.0    -0.4    23.3     6.4 C     5.3    -6.0    -1.5
04127 201602  2.422 -116.7505   43.2044     9.4    -2.6     3.4     3.2    13.9    11.4 C    11.9    -4.1     2.1
04127 201603  2.422 -116.7505   43.2044    12.3     0.0     6.1     6.1    27.0    13.1 C    17.1    -1.7     5.7
04127 201604  2.422 -116.7505   43.2044    18.1     2.1    10.1    10.6     9.1    19.8 C    27.2    -0.4    11.2
04127 201605  2.422 -116.7505   43.2044    20.5     5.0    12.8    13.2    27.8    22.7 C    30.9     2.8    14.9
04127 201606  2.422 -116.7505   43.2044    28.0     8.7    18.3    19.3     2.2    27.1 C    39.6     6.2    21.9
04127 201607  2.422 -116.7505   43.2044    30.3    11.0    20.7    21.6     3.8    27.5 C    41.8     8.5    23.9
04127 201608  2.422 -116.7505   43.2044    30.3    11.4    20.9    21.4     1.1    23.8 C    40.0     8.2    22.3
04127 201609  2.422 -116.7505   43.2044    23.2     6.3    14.8    15.2     3.6    17.0 C    32.3     3.2    15.5
04127 201610  2.422 -116.7505   43.2044    17.2     3.2    10.2    10.2    24.7    10.1 C    22.9     0.7     9.3
04127 201611  2.422 -116.7505   43.2044    12.1    -0.9     5.6     5.4     4.7     7.3 C    14.7    -3.7     3.5
04127 201612  2.422 -116.7505   43.2044     0.5   -10.5    -5.0    -4.5    55.0     5.3 C     0.7   -12.6    -6.1
04127 201701  2.422 -116.7505   43.2044    -1.5   -10.6    -6.0    -6.0    83.2     5.7 C    -1.4   -12.6    -7.0
04127 201702  2.422 -116.7505   43.2044     6.7    -2.6     2.0     2.0    33.5     8.6 C     8.0    -4.1     0.6
04127 201703  2.422 -116.7505   43.2044    13.7     1.2     7.4     7.2    52.3    12.4 C    19.1    -1.1     6.4
04127 201704  2.422 -116.7505   43.2044    13.4     0.0     6.7     7.2    19.5    17.8 C    21.7    -2.0     7.7
04127 201705  2.422 -116.7505   43.2044    20.5     3.7    12.1    12.8    12.4    23.6 C    31.9     1.2    14.7
04127 201706  2.422 -116.7505   43.2044    25.9     8.7    17.3    18.0    35.2    25.4 C    37.8     6.6    20.2
04127 201707  2.422 -116.7505   43.2044    33.6    14.6    24.1    25.2     0.4    27.2 C    45.3    11.9    27.3
