03054 200402  1.201 -102.7740   33.9557 -9999.0 -9999.0 -9999.0 -9999.0 -9999.0 -9999.0 U -9999.0 -9999.0 -9999.0
03054 200403  1.201 -102.7740   33.9557    20.2     4.5    12.4    12.1 -9999.0    18.5 R -9999.0 -9999.0    12.4
03054 200404  1.201 -102.7740   33.9557    21.1     6.0    13.6    13.5    85.0    19.5 R -9999.0 -9999.0    14.9
03054 200405  1.201 -102.7740   33.9557    29.5    10.8    20.1    20.6    21.5    26.5 R -9999.0 -9999.0    23.5
03054 200406  1.201 -102.7740   33.9557    31.9    14.4    23.1    23.2   111.6    24.8 R -9999.0 -9999.0    26.6
03054 200407  1.201 -102.7740   33.9557    30.8    16.2    23.5    23.7   113.2    23.3 R -9999.0 -9999.0    27.1
03054 200408  1.201 -102.7740   33.9557    29.0    15.0    22.0    21.8   204.4    23.0 R -9999.0 -9999.0    25.3
03054 200409  1.201 -102.7740   33.9557    26.8    11.4    19.1    19.2   331.0    18.8 R -9999.0 -9999.0    22.1
03054 200410  1.201 -102.7740   33.9557    22.3     7.7    15.0    15.0    98.1    14.3 R -9999.0 -9999.0    14.6
03054 200411  1.201 -102.7740   33.9557    12.8     0.9     6.8     6.4    96.2     9.4 R -9999.0 -9999.0     5.5
03054 200412  1.201 -102.7740   33.9557    13.1    -4.3     4.4     3.9    10.8    12.1 R -9999.0 -9999.0     2.5
03054 200501  1.201 -102.7740   33.9557    13.4    -2.5     5.5     5.0    30.8    10.1 R -9999.0 -9999.0     4.5
03054 200502  1.201 -102.7740   33.9557    13.6    -0.1     6.8     6.3    22.4    12.2 R -9999.0 -9999.0     6.8
03054 200503  1.201 -102.7740   33.9557    16.9     0.5     8.7     8.4    24.1    18.6 R -9999.0 -9999.0     9.5
03054 200504  1.201 -102.7740   33.9557    22.7     3.4    13.0    13.4    10.6    24.1 R -9999.0 -9999.0    15.3
03054 200505  1.201 -102.7740   33.9557    26.0    10.3    18.1    18.4    42.0    21.5 R -9999.0 -9999.0    19.9
03054 200506  1.201 -102.7740   33.9557    33.4    14.7    24.1    24.5    33.9    27.4 R -9999.0 -9999.0    27.5
03054 200507  1.201 -102.7740   33.9557    32.8    15.9    24.4    24.8    60.4    26.0 R -9999.0 -9999.0    28.1
03054 200508  1.201 -102.7740   33.9557    29.9    16.4    23.2    22.6   206.9    21.4 R -9999.0 -9999.0    24.6
03054 200509  1.201 -102.7740   33.9557    30.1    13.1    21.6    21.3     4.2    20.8 R -9999.0 -9999.0    23.7
03054 200510  1.201 -102.7740   33.9557    22.8     6.2    14.5    14.2    24.1    14.6 R -9999.0 -9999.0    15.8
03054 200511  1.201 -102.7740   33.9557    20.1    -3.0     8.6     8.6     3.6    14.0 R -9999.0 -9999.0     9.3
03054 200512  1.201 -102.7740   33.9557    13.5    -6.4     3.5     3.9     0.4    10.4 R -9999.0 -9999.0     4.2
03054 200601  1.201 -102.7740   33.9557    16.8    -4.9     6.0     6.3     0.7    12.2 R -9999.0 -9999.0     6.4
03054 200602  1.201 -102.7740   33.9557    16.1    -4.9     5.6     5.9     1.9    15.7 R -9999.0 -9999.0     7.7
03054 200603  1.201 -102.7740   33.9557    18.5     0.4     9.5    10.0    26.8    16.8 R -9999.0 -9999.0    11.8
03054 200604  1.301 -102.7740   33.9557    26.6     6.0    16.3    17.0     6.1    23.2 R -9999.0 -9999.0    20.4
03054 200605  1.301 -102.7740   33.9557    31.0    10.9    21.0    21.5    25.2    24.4 R    52.9    10.6    26.1
03054 200606  1.301 -102.7740   33.9557    34.4    15.2    24.8    25.3    25.3    26.5 R    54.0    15.0    29.7
03054 200607  1.301 -102.7740   33.9557    34.6    16.8    25.7    25.9    18.6    24.1 R    55.8    17.0    30.8
03054 200608  1.301 -102.7740   33.9557    31.8    17.4    24.6    24.1    53.3    20.6 R    49.1    17.4    27.7
03054 200609  1.301 -102.7740   33.9557    26.1    10.8    18.5    18.3    83.4    19.4 R    36.3    10.9    20.7
03054 200610  1.301 -102.7740   33.9557    22.2     5.8    14.0    13.9    43.5    15.8 R    29.1     5.9    15.0
03054 200611  1.301 -102.7740   33.9557    19.2    -1.3     9.0     8.8     2.7    13.3 R    25.9    -1.4     9.5
03054 200612  1.301 -102.7740   33.9557    11.8    -4.9     3.5     3.2    41.2    10.8 R    16.3    -5.1     3.2
03054 200701  1.301 -102.7740   33.9557     6.9    -6.4     0.3    -0.1    27.8    10.6 R    10.0    -6.1     0.1
03054 200702  1.301 -102.7740   33.9557    15.6    -4.8     5.4     5.1     2.6    15.5 R    24.6    -4.8     6.3
03054 200703  1.301 -102.7740   33.9557    19.8     2.0    10.9    10.8    77.2    17.2 R    29.0     1.8    12.2
03054 200704  1.302 -102.7740   33.9557    20.3     2.8    11.6    11.8    18.3    21.0 R    30.3     2.8    13.9
03054 200705  1.302 -102.7740   33.9557    24.3     9.7    17.0    17.2   198.7    22.9 R    33.6    10.2    19.5
03054 200706  1.302 -102.7740   33.9557 -9999.0 -9999.0 -9999.0 -9999.0 -9999.0 -9999.0 U -9999.0 -9999.0 -9999.0
03054 200707  1.302 -102.7740   33.9557    31.1    15.2    23.2    23.2    29.9    25.2 R    46.2    16.4    27.7
03054 200708  1.302 -102.7740   33.9557    33.4    16.6    25.0    24.9    17.1    23.1 R    48.1    17.4    28.8
03054 200709  1.302 -102.7740   33.9557    29.9    14.0    22.0    21.4    44.6    19.6 R    41.4    14.4    24.1
03054 200710  1.302 -102.7740   33.9557    26.3     5.1    15.7    15.8     4.5    18.5 R    36.4     5.7    17.9
03054 200711  1.302 -102.7740   33.9557    18.4    -1.6     8.4     8.2     4.3    12.3 R    25.4    -1.4     9.3
03054 200712  1.302 -102.7740   33.9557    12.2    -5.1     3.6     3.5    22.3    10.6 R    16.4    -4.8     3.8
03054 200801  1.302 -102.7740   33.9557    12.3    -8.4     1.9     2.0     0.8    12.5 R    18.6    -8.2     2.7
03054 200802  1.302 -102.7740   33.9557    17.4    -4.1     6.7     6.6     2.4    15.9 R    26.9    -4.0     8.1
03054 200803  1.302 -102.7740   33.9557    19.7    -1.0     9.4     9.8     3.4    20.0 R    32.4    -1.3    12.2
03054 200804  1.302 -102.7740   33.9557    24.1     2.0    13.0    14.1    10.3    25.4 R    40.9     2.1    18.0
03054 200805  1.302 -102.7740   33.9557    28.0     9.3    18.7    19.3    81.6    25.7 R    40.2     9.1    22.1
03054 200806  1.302 -102.7740   33.9557    34.5    15.6    25.0    25.6    22.2    28.7 R    51.3    15.6    29.9
03054 200807  1.302 -102.7740   33.9557    31.6    16.7    24.2    24.4    43.5    24.6 R    46.9    17.3    28.7
03054 200808  1.302 -102.7740   33.9557    30.9    15.9    23.4    23.2    90.8    22.9 R    44.3    16.5    26.7
03054 200809  1.302 -102.7740   33.9557    26.4    10.5    18.4    18.3    67.6    20.0 R    36.3    11.3    20.9
03054 200810  1.302 -102.7740   33.9557    23.5     4.5    14.0    13.9    75.8    15.7 R    30.2     5.1    15.3
03054 200811  1.302 -102.7740   33.9557    18.4    -1.8     8.3     8.0     2.1    13.8 R    25.2    -1.7     9.0
03054 200812  1.302 -102.7740   33.9557    14.3    -5.8     4.3     4.2     3.1    10.8 R    18.8    -5.9     4.5
03054 200901  1.302 -102.7740   33.9557    15.0    -6.1     4.5     4.3     0.9    13.5 R    21.9    -6.2     5.1
03054 200902  1.302 -102.7740   33.9557    17.9    -2.5     7.7     7.7     9.4    16.2 R    28.1    -3.1     8.9
03054 200903  1.302 -102.7740   33.9557    20.8     0.8    10.8    11.2     6.8    18.5 R    33.9     0.4    13.4
03054 200904  1.302 -102.7740   33.9557    23.8     3.4    13.6    14.5     9.6    23.7 R    41.7     2.9    18.0
03054 200905  1.302 -102.7740   33.9557    27.9    10.3    19.1    19.0    38.8    23.5 R    47.3    10.1    23.6
03054 200906  1.302 -102.7740   33.9557    32.9    15.0    24.0    24.1    54.1    23.9 R    50.1    15.0    27.6
03054 200907  1.302 -102.7740   33.9557    33.1    17.7    25.4    25.2   155.1    25.0 R    47.3    17.6    28.9
03054 200908  1.302 -102.7740   33.9557    32.4    16.3    24.3    24.4    36.5    24.4 R    49.2    16.3    28.3
03054 200909  1.302 -102.7740   33.9557    27.9    10.9    19.4    19.1    11.4    19.3 R    44.3    10.9    22.8
03054 200910  1.302 -102.7740   33.9557    21.2     4.2    12.7    12.3    66.9    14.0 R    28.5     4.3    13.5
03054 200911  1.302 -102.7740   33.9557    19.4    -1.7     8.8     8.3     5.7    13.0 R    26.1    -1.9     8.8
03054 200912  1.302 -102.7740   33.9557     8.3    -7.2     0.6     0.3    29.1     9.8 R    11.4    -7.3     0.2
03054 201001  1.302 -102.7740   33.9557    11.8    -6.9     2.5     1.7    29.9    11.7 R    17.3    -6.6     2.1
03054 201002  1.302 -102.7740   33.9557     9.2    -4.8     2.2     2.0    43.0    12.1 R    16.1    -4.2     3.0
03054 201003  1.302 -102.7740   33.9557    17.9    -1.1     8.4     8.5    23.1    19.1 R    28.2    -1.2    10.0
03054 201004  2.402 -102.7740   33.9557    22.9     4.9    13.9    14.4    27.0    22.4 R    34.3     4.9    16.6
03054 201005  2.402 -102.7740   33.9557    27.3     8.9    18.1    18.7    20.3    26.3 R    40.0     9.7    22.3
03054 201006  2.402 -102.7740   33.9557    35.1    16.2    25.6    26.0    17.0    27.3 R    52.0    17.1    30.8
03054 201007  2.402 -102.7740   33.9557    30.8    17.7    24.2    23.8   120.7    25.0 R    42.4    18.5    27.3
03054 201008  2.402 -102.7740   33.9557    33.2    15.9    24.6    24.5    72.0    24.8 R    46.9    17.0    28.5
03054 201009  2.402 -102.7740   33.9557    31.3    13.7    22.5    22.0    44.8    21.4 R    44.2    14.6    25.4
03054 201010  2.402 -102.7740   33.9557    25.1     5.9    15.5    15.2    19.1    17.9 R    35.5     6.5    17.6
03054 201011  2.402 -102.7740   33.9557    18.1    -3.7     7.2     7.3     9.2    15.0 R    25.0    -2.9     8.4
03054 201012  2.402 -102.7740   33.9557    15.1    -4.2     5.4     5.7     0.8    11.4 R    21.0    -4.1     6.2
03054 201101  2.402 -102.7740   33.9557    13.5    -8.8     2.4     2.2     2.1    13.4 R    20.5    -8.4     3.3
03054 201102  2.402 -102.7740   33.9557    13.1    -7.3     2.9     3.0     8.9    16.2 R    20.8    -6.9     4.3
03054 201103  2.402 -102.7740   33.9557    23.0    -0.5    11.3    11.6     2.5    20.1 R    38.2    -0.1    14.9
03054 201104  2.402 -102.7740   33.9557    27.2     4.4    15.8    17.0     0.0    25.4 R    45.2     4.8    21.1
03054 201105  2.402 -102.7740   33.9557    29.3     8.4    18.9    20.2     3.6    28.2 R    48.8     8.3    24.8
03054 201106  2.402 -102.7740   33.9557    37.3    16.7    27.0    28.0     1.3    28.6 R    56.3    16.4    32.8
03054 201107  2.402 -102.7740   33.9557    36.1    18.8    27.5    28.0    46.2    26.2 R    55.9    19.3    33.1
03054 201108  2.402 -102.7740   33.9557    36.6    18.9    27.8    28.0    47.3    23.7 R    55.6    19.4    32.4
03054 201109  2.402 -102.7740   33.9557    29.5    11.9    20.7    20.8    18.4    18.8 R    45.3    12.0    24.1
03054 201110  2.402 -102.7740   33.9557    24.6     5.7    15.2    14.9    38.8    17.3 R    34.2     5.6    16.5
03054 201111  2.402 -102.7740   33.9557    17.7    -1.3     8.2     8.2     3.3    12.7 R    24.3    -1.5     8.6
03054 201112  2.402 -102.7740   33.9557     6.9    -4.0     1.5     1.4    39.6     8.7 R     8.9    -3.9     1.4
03054 201201  2.402 -102.7740   33.9557    15.3    -4.5     5.4     5.2     0.0    12.6 R    21.7    -4.4     5.6
03054 201202  2.412 -102.7740   33.9557    13.1    -3.3     4.9     5.1    10.0    14.4 R    22.0    -4.1     6.0
03054 201203  2.412 -102.7740   33.9557    23.2     2.4    12.8    12.9    14.6    21.1 C    34.0     1.0    13.9
03054 201204  2.412 -102.7740   33.9557    27.5     7.3    17.4    17.7    12.7    26.2 C    44.1     5.6    20.5
03054 201205  2.412 -102.7740   33.9557    29.3    11.2    20.3    20.8    37.1    27.3 C    42.6     9.2    22.8
03054 201206  2.412 -102.7740   33.9557    34.6    16.4    25.5    25.7    59.4    27.7 C    49.2    15.1    28.3
03054 201207  2.412 -102.7740   33.9557    34.0    17.1    25.6    26.1    18.7    26.7 C    52.0    16.6    30.2
03054 201208  2.412 -102.7740   33.9557    33.9    17.8    25.9    25.7    36.2    23.9 C    50.1    16.8    29.3
03054 201209  2.412 -102.7740   33.9557    29.6    12.0    20.8    20.9    27.5    17.3 C    43.0    11.2    23.2
03054 201210  2.412 -102.7740   33.9557    23.6     4.5    14.0    14.2     6.0    15.6 C    33.6     3.3    15.1
03054 201211  2.412 -102.7740   33.9557    20.8    -0.5    10.1    10.2     0.0    12.3 C    28.1    -2.0     9.5
03054 201212  2.412 -102.7740   33.9557    14.0    -4.7     4.7     4.4    15.0     9.7 C    18.9    -6.8     3.0
03054 201301  2.412 -102.7740   33.9557    11.0    -4.3     3.3     3.0    12.9    10.4 C    15.6    -6.1     2.1
03054 201302  2.422 -102.7740   33.9557    13.1    -4.5     4.3     4.5    23.4    15.1 C    20.7    -5.9     4.5
03054 201303  2.422 -102.7740   33.9557    19.9    -0.1     9.9    10.1     1.9    19.6 C    33.1    -1.9    11.7
03054 201304  2.422 -102.7740   33.9557    23.5     2.4    13.0    13.4     4.7    23.5 C    38.2     1.0    16.2
03054 201305  2.422 -102.7740   33.9557    28.8     9.6    19.2    19.8     7.1    25.5 C    45.0     7.7    22.8
03054 201306  2.422 -102.7740   33.9557    32.8    16.7    24.8    24.9   116.4    25.7 C    45.1    15.6    27.3
03054 201307  2.422 -102.7740   33.9557    31.4    17.0    24.2    24.3    84.5    23.5 C    45.4    16.8    27.9
03054 201308  2.422 -102.7740   33.9557    33.1    15.9    24.5    24.7    22.8    23.9 C    48.9    16.4    29.0
03054 201309  2.422 -102.7740   33.9557    30.0    13.0    21.5    21.6    27.0    18.6 C    43.3    12.9    24.4
03054 201310  2.422 -102.7740   33.9557    24.1     4.0    14.0    14.3     4.3    15.9 C    33.1     3.4    15.4
03054 201311  2.422 -102.7740   33.9557    15.7    -2.4     6.6     6.4    31.8    11.3 C    20.0    -2.7     6.4
03054 201312  2.422 -102.7740   33.9557    11.2    -6.2     2.5     2.0     7.9     9.6 C    14.0    -5.4     1.5
03054 201401  2.422 -102.7740   33.9557    13.8    -7.5     3.2     3.1     0.0    11.6 C    20.3    -7.9     2.7
03054 201402  2.422 -102.7740   33.9557    14.7    -4.6     5.0     5.2     1.7    13.7 C    25.6    -4.7     6.8
03054 201403  2.422 -102.7740   33.9557    18.9    -2.2     8.3     9.0     7.7    20.4 C    33.4    -2.8    11.6
03054 201404  2.422 -102.7740   33.9557    23.6     3.7    13.6    14.5     4.6    23.7 C    38.9     2.4    17.2
03054 201405  2.422 -102.7740   33.9557    28.0     9.1    18.5    19.3    99.9    25.7 C    42.7     7.6    22.0
03054 201406  2.422 -102.7740   33.9557    32.5    16.6    24.6    24.5    46.3    26.9 C    45.8    15.9    27.9
03054 201407  2.422 -102.7740   33.9557    32.2    17.2    24.7    24.8    40.8    23.5 C    46.9    17.2    28.7
03054 201408  2.422 -102.7740   33.9557    32.8    16.7    24.7    24.6    66.2    21.9 C    46.3    16.5    27.6
03054 201409  2.422 -102.7740   33.9557    25.5    14.9    20.2    19.7   169.8    15.1 C    31.9    15.0    21.1
03054 201410  2.422 -102.7740   33.9557    24.6     6.4    15.5    15.1    13.7    16.8 C    32.2     6.2    16.4
03054 201411  2.422 -102.7740   33.9557    15.3    -1.8     6.7     6.2    42.9    12.7 C    19.4    -2.0     6.2
03054 201412  2.422 -102.7740   33.9557    12.2    -3.0     4.6     4.3     5.4     9.3 C    16.5    -3.5     4.5
03054 201501  2.422 -102.7740   33.9557     9.4    -4.3     2.5     2.3    29.0    10.1 C    12.2    -4.6     2.1
03054 201502  2.422 -102.7740   33.9557    14.7    -3.9     5.4     4.8    19.8    15.0 C    21.8    -3.7     5.8
03054 201503  2.422 -102.7740   33.9557    18.6     0.7     9.6     9.5    30.1    17.8 C    28.9     0.7    11.3
03054 201504  2.422 -102.7740   33.9557    23.3     4.6    14.0    14.4    25.8    22.5 C    36.2     4.6    17.1
03054 201505  2.422 -102.7740   33.9557    24.5     8.9    16.7    16.8   143.4    22.2 C    33.2     9.1    18.8
03054 201506  2.422 -102.7740   33.9557    31.1    15.5    23.3    23.3    88.5    25.7 C    43.3    15.8    26.9
03054 201507  2.422 -102.7740   33.9557    32.9    17.6    25.3    25.1   100.4    24.2 C    45.1    17.9    28.5
03054 201508  2.422 -102.7740   33.9557    33.6    16.2    24.9    24.6    36.6    23.0 C    47.1    16.5    28.3
03054 201509  2.422 -102.7740   33.9557    31.6    14.8    23.2    22.9    70.0    19.4 C    41.4    14.8    25.1
03054 201510  2.422 -102.7740   33.9557    23.1     8.7    15.9    15.4   144.2    13.7 C    27.9     8.5    15.9
03054 201511  2.422 -102.7740   33.9557    17.6    -1.5     8.0     7.9    20.5    12.2 C    21.9    -1.5     8.2
03054 201512  2.422 -102.7740   33.9557    13.8    -4.0     4.9     4.5    54.0    10.0 C    16.2    -4.3     3.9
03054 201601  2.422 -102.7740   33.9557    12.8    -4.9     4.0     3.5     5.8    11.3 C    18.1    -5.2     3.7
03054 201602  2.422 -102.7740   33.9557    17.8    -3.7     7.1     6.9     6.5    15.7 C    26.4    -4.5     7.7
03054 201603  2.422 -102.7740   33.9557    21.6     0.7    11.1    11.4     0.0    20.1 C    36.6    -0.1    14.2
03054 201604  2.422 -102.7740   33.9557    23.3     4.4    13.9    14.3    20.6    21.5 C    39.3     4.0    17.8
03054 201605  2.422 -102.7740   33.9557    26.1     8.6    17.4    17.7    73.5    23.0 C    40.4     8.4    21.3
03054 201606  2.422 -102.7740   33.9557    32.5    14.6    23.5    24.0    56.4    25.1 C    48.0    15.2    28.4
03054 201607  2.422 -102.7740   33.9557    37.1    18.2    27.7    28.0    34.5    25.5 C    56.4    18.0    33.4
03054 201608  2.422 -102.7740   33.9557    31.5    15.8    23.6    23.3   271.6    19.6 C    46.0    16.3    26.7
03054 201609  2.422 -102.7740   33.9557    28.0    13.6    20.8    20.3    66.9    18.2 U -9999.0 -9999.0 -9999.0
03054 201610  2.422 -102.7740   33.9557    26.3     7.2    16.8    16.4    23.6    15.6 C    32.6     6.9    16.9
03054 201611  2.422 -102.7740   33.9557    18.6     1.6    10.1     9.8    42.9    11.1 C    23.6     1.4     9.9
03054 201612  2.422 -102.7740   33.9557    13.1    -5.2     4.0     3.8 -9999.0     8.9 C    17.3    -5.6     3.8
03054 201701  2.422 -102.7740   33.9557    13.4    -3.7     4.8     4.7 -9999.0    11.3 C    17.8    -4.1     4.6
03054 201702  2.422 -102.7740   33.9557    19.2    -0.5     9.4     9.3 -9999.0    14.6 C    26.7    -1.5     9.6
03054 201703  2.422 -102.7740   33.9557    23.4     1.5    12.5    12.7 -9999.0    19.5 C    35.8     0.8    14.7
03054 201704  2.422 -102.7740   33.9557    23.9     5.0    14.4    14.8    26.8    22.1 C    37.3     5.0    18.1
03054 201705  2.422 -102.7740   33.9557    28.0     7.9    17.9    18.5    13.2    26.5 C    47.1     7.8    23.6
03054 201706  2.422 -102.7740   33.9557    33.8    15.5    24.7    24.9   113.3    26.3 C    51.2    15.1    29.5
03054 201707  2.422 -102.7740   33.9557    33.2    16.3    24.8    25.0   108.0    26.1 C    50.5    16.8    29.9
