03081 200907  6.101 -111.9775   37.5174 -9999.0 -9999.0 -9999.0 -9999.0 -9999.0 -9999.0 U -9999.0 -9999.0 -9999.0
03081 200908  6.101 -111.9775   37.5174 -9999.0 -9999.0 -9999.0 -9999.0 -9999.0 -9999.0 U -9999.0 -9999.0 -9999.0
03081 200909  6.101 -111.9775   37.5174 -9999.0 -9999.0 -9999.0 -9999.0 -9999.0 -9999.0 U -9999.0 -9999.0 -9999.0
03081 200910  6.101 -111.9775   37.5174    16.9     0.2     8.5     9.0     0.0 -9999.0 U -9999.0 -9999.0 -9999.0
03081 200911  6.101 -111.9775   37.5174    13.4    -5.7     3.8     3.7     3.2 -9999.0 U -9999.0 -9999.0 -9999.0
03081 200912  6.101 -111.9775   37.5174     1.2   -11.8    -5.3    -5.0    45.8 -9999.0 U -9999.0 -9999.0 -9999.0
03081 201001  6.101 -111.9775   37.5174     2.5    -9.9    -3.7    -3.5    70.2 -9999.0 U -9999.0 -9999.0 -9999.0
03081 201002  6.101 -111.9775   37.5174     4.1    -7.4    -1.7    -1.4    20.4 -9999.0 U -9999.0 -9999.0 -9999.0
03081 201003  6.101 -111.9775   37.5174     9.5    -3.1     3.2     3.4    35.8 -9999.0 U -9999.0 -9999.0 -9999.0
03081 201004  6.101 -111.9775   37.5174    15.2    -0.8     7.2     7.9     7.5 -9999.0 U -9999.0 -9999.0 -9999.0
03081 201005  6.101 -111.9775   37.5174    19.6     1.8    10.7    12.0     2.7 -9999.0 U -9999.0 -9999.0 -9999.0
03081 201006  6.101 -111.9775   37.5174    28.5     7.8    18.1    19.6     2.4 -9999.0 U -9999.0 -9999.0 -9999.0
03081 201007  6.101 -111.9775   37.5174    31.6    12.9    22.3    23.0    19.4 -9999.0 U -9999.0 -9999.0 -9999.0
03081 201008  6.101 -111.9775   37.5174    28.6    11.1    19.8    20.2    34.7 -9999.0 U -9999.0 -9999.0 -9999.0
03081 201009  6.101 -111.9775   37.5174    28.4     6.1    17.3    17.9     3.1 -9999.0 U -9999.0 -9999.0 -9999.0
03081 201010  6.101 -111.9775   37.5174    17.6     3.1    10.3    10.2    94.8 -9999.0 U -9999.0 -9999.0 -9999.0
03081 201011  6.101 -111.9775   37.5174     9.1    -4.9     2.1     2.1     8.3 -9999.0 U -9999.0 -9999.0 -9999.0
03081 201012  6.101 -111.9775   37.5174     7.2    -3.5     1.9     1.6    59.2 -9999.0 U -9999.0 -9999.0 -9999.0
03081 201101  6.101 -111.9775   37.5174     5.9    -8.2    -1.2    -1.5     0.0 -9999.0 U -9999.0 -9999.0 -9999.0
03081 201102  6.101 -111.9775   37.5174     5.9    -8.0    -1.1    -1.0    41.3 -9999.0 U -9999.0 -9999.0 -9999.0
03081 201103  6.101 -111.9775   37.5174    11.9    -2.8     4.6     4.6    21.7 -9999.0 U -9999.0 -9999.0 -9999.0
03081 201104  6.101 -111.9775   37.5174    15.6    -0.6     7.5     7.9    15.1 -9999.0 U -9999.0 -9999.0 -9999.0
03081 201105  6.101 -111.9775   37.5174    19.2     2.4    10.8    11.7    15.6 -9999.0 U -9999.0 -9999.0 -9999.0
03081 201106  6.101 -111.9775   37.5174    27.7     5.7    16.7    18.5     1.7 -9999.0 U -9999.0 -9999.0 -9999.0
03081 201107  6.101 -111.9775   37.5174    30.6    12.1    21.3    21.9    41.4 -9999.0 U -9999.0 -9999.0 -9999.0
03081 201108  6.101 -111.9775   37.5174    32.4    11.7    22.1    22.7    14.2 -9999.0 U -9999.0 -9999.0 -9999.0
03081 201109  6.101 -111.9775   37.5174    26.0     7.7    16.9    16.9    47.6 -9999.0 U -9999.0 -9999.0 -9999.0
03081 201110  6.101 -111.9775   37.5174    19.3     1.0    10.1    10.1    24.3 -9999.0 U -9999.0 -9999.0 -9999.0
03081 201111  6.101 -111.9775   37.5174    10.3    -5.8     2.2     2.1    11.5 -9999.0 U -9999.0 -9999.0 -9999.0
03081 201112  6.101 -111.9775   37.5174     4.7    -9.8    -2.5    -2.7    22.4 -9999.0 U -9999.0 -9999.0 -9999.0
03081 201201  6.101 -111.9775   37.5174     8.5    -7.0     0.8     0.1    21.2 -9999.0 U -9999.0 -9999.0 -9999.0
03081 201202  6.101 -111.9775   37.5174     7.5    -6.0     0.8     0.9     9.2 -9999.0 U -9999.0 -9999.0 -9999.0
03081 201203  6.101 -111.9775   37.5174    14.2    -4.0     5.1     5.6    16.1 -9999.0 U -9999.0 -9999.0 -9999.0
03081 201204  6.101 -111.9775   37.5174    18.5     0.4     9.4    10.2     8.4 -9999.0 U -9999.0 -9999.0 -9999.0
03081 201205  6.101 -111.9775   37.5174    25.0     4.9    14.9    16.5     0.0 -9999.0 U -9999.0 -9999.0 -9999.0
03081 201206  6.101 -111.9775   37.5174    31.7     9.0    20.3    22.2     0.0 -9999.0 U -9999.0 -9999.0 -9999.0
03081 201207  6.101 -111.9775   37.5174    30.9    13.6    22.2    22.4    31.3 -9999.0 U -9999.0 -9999.0 -9999.0
03081 201208  6.101 -111.9775   37.5174    30.0    14.0    22.0    21.5   121.6 -9999.0 U -9999.0 -9999.0 -9999.0
03081 201209  6.101 -111.9775   37.5174    26.1     8.8    17.4    17.7    38.0 -9999.0 U -9999.0 -9999.0 -9999.0
03081 201210  6.101 -111.9775   37.5174    20.3     2.5    11.4    11.6    12.3 -9999.0 U -9999.0 -9999.0 -9999.0
03081 201211  6.101 -111.9775   37.5174    14.2    -4.5     4.9     4.6     1.2 -9999.0 U -9999.0 -9999.0 -9999.0
03081 201212  6.101 -111.9775   37.5174     4.4    -9.5    -2.5    -2.3    30.5 -9999.0 U -9999.0 -9999.0 -9999.0
03081 201301  6.101 -111.9775   37.5174     2.6   -11.6    -4.5    -4.6    15.3 -9999.0 U -9999.0 -9999.0 -9999.0
03081 201302  6.101 -111.9775   37.5174     6.9    -6.0     0.4     0.1     3.5 -9999.0 U -9999.0 -9999.0 -9999.0
03081 201303  6.101 -111.9775   37.5174    14.4    -2.6     5.9     6.4    17.8 -9999.0 U -9999.0 -9999.0 -9999.0
03081 201304  6.101 -111.9775   37.5174    17.5     0.3     8.9     9.8     5.1 -9999.0 U -9999.0 -9999.0 -9999.0
03081 201305  6.101 -111.9775   37.5174    22.1     3.9    13.0    14.1     8.6 -9999.0 U -9999.0 -9999.0 -9999.0
03081 201306  6.101 -111.9775   37.5174    31.7     9.7    20.7    22.6     0.2 -9999.0 U -9999.0 -9999.0 -9999.0
03081 201307  6.101 -111.9775   37.5174    32.1    13.7    22.9    22.9    43.6 -9999.0 U -9999.0 -9999.0 -9999.0
03081 201308  6.101 -111.9775   37.5174    28.8    12.8    20.8    20.9    52.1 -9999.0 U -9999.0 -9999.0 -9999.0
03081 201309  6.101 -111.9775   37.5174    23.6     9.2    16.4    16.4    58.1 -9999.0 U -9999.0 -9999.0 -9999.0
03081 201310  6.101 -111.9775   37.5174    16.7    -0.2     8.2     8.3    18.6 -9999.0 U -9999.0 -9999.0 -9999.0
03081 201311  6.101 -111.9775   37.5174    11.1    -3.4     3.9     3.5    34.9 -9999.0 U -9999.0 -9999.0 -9999.0
03081 201312  6.101 -111.9775   37.5174     3.6   -10.1    -3.2    -3.2    13.3 -9999.0 U -9999.0 -9999.0 -9999.0
03081 201401  6.101 -111.9775   37.5174     9.8    -5.4     2.2     2.0    14.6 -9999.0 U -9999.0 -9999.0 -9999.0
03081 201402  6.101 -111.9775   37.5174    10.7    -5.5     2.6     2.7    10.0 -9999.0 U -9999.0 -9999.0 -9999.0
03081 201403  6.101 -111.9775   37.5174    13.9    -3.4     5.3     5.5     5.8 -9999.0 U -9999.0 -9999.0 -9999.0
03081 201404  6.101 -111.9775   37.5174    17.0     0.2     8.6     9.2     2.7 -9999.0 U -9999.0 -9999.0 -9999.0
03081 201405  6.101 -111.9775   37.5174    22.7     2.8    12.7    14.0    10.1 -9999.0 U -9999.0 -9999.0 -9999.0
03081 201406  6.101 -111.9775   37.5174 -9999.0 -9999.0 -9999.0 -9999.0 -9999.0 -9999.0 U -9999.0 -9999.0 -9999.0
