53169 201008  6.101 -110.5424   36.6823 -9999.0 -9999.0 -9999.0 -9999.0 -9999.0 -9999.0 U -9999.0 -9999.0 -9999.0
53169 201009  6.101 -110.5424   36.6823    25.2    10.5    17.9    18.0    10.7 -9999.0 U -9999.0 -9999.0 -9999.0
53169 201010  6.101 -110.5424   36.6823    15.9     4.6    10.2     9.8    23.5 -9999.0 U -9999.0 -9999.0 -9999.0
53169 201011  6.101 -110.5424   36.6823     7.4    -4.0     1.7     1.5    14.0 -9999.0 U -9999.0 -9999.0 -9999.0
53169 201012  6.101 -110.5424   36.6823     5.7    -2.8     1.5     1.2    47.0 -9999.0 U -9999.0 -9999.0 -9999.0
53169 201101  6.101 -110.5424   36.6823     3.1    -7.7    -2.3    -2.6     3.8 -9999.0 U -9999.0 -9999.0 -9999.0
53169 201102  6.101 -110.5424   36.6823     3.2    -7.5    -2.1    -2.3    17.7 -9999.0 U -9999.0 -9999.0 -9999.0
53169 201103  6.101 -110.5424   36.6823    10.9    -1.1     4.9     4.7    12.7 -9999.0 U -9999.0 -9999.0 -9999.0
53169 201104  6.101 -110.5424   36.6823    13.9    -0.2     6.9     7.0    24.0 -9999.0 U -9999.0 -9999.0 -9999.0
53169 201105  6.101 -110.5424   36.6823    17.8     3.3    10.5    10.8    15.5 -9999.0 U -9999.0 -9999.0 -9999.0
53169 201106  6.101 -110.5424   36.6823    26.5    10.4    18.5    19.1     0.0 -9999.0 U -9999.0 -9999.0 -9999.0
53169 201107  6.101 -110.5424   36.6823    28.7    14.6    21.6    21.3    45.3 -9999.0 U -9999.0 -9999.0 -9999.0
53169 201108  6.101 -110.5424   36.6823    29.0    14.6    21.8    21.4    24.9 -9999.0 U -9999.0 -9999.0 -9999.0
53169 201109  6.101 -110.5424   36.6823    23.3    10.9    17.1    16.6    49.4 -9999.0 U -9999.0 -9999.0 -9999.0
53169 201110  6.101 -110.5424   36.6823    15.8     3.6     9.7     9.4    30.2 -9999.0 U -9999.0 -9999.0 -9999.0
53169 201111  6.101 -110.5424   36.6823     7.7    -2.2     2.8     2.4    35.5 -9999.0 U -9999.0 -9999.0 -9999.0
53169 201112  6.101 -110.5424   36.6823     2.0    -6.9    -2.5    -2.7    28.4 -9999.0 U -9999.0 -9999.0 -9999.0
53169 201201  6.101 -110.5424   36.6823     5.5    -4.3     0.6     0.4    25.7 -9999.0 U -9999.0 -9999.0 -9999.0
53169 201202  6.101 -110.5424   36.6823     4.2    -5.2    -0.5    -0.7    26.6 -9999.0 U -9999.0 -9999.0 -9999.0
53169 201203  6.101 -110.5424   36.6823    10.9    -1.6     4.6     4.7    28.7 -9999.0 U -9999.0 -9999.0 -9999.0
53169 201204  6.101 -110.5424   36.6823    16.0     2.9     9.5     9.3    20.8 -9999.0 U -9999.0 -9999.0 -9999.0
53169 201205  6.101 -110.5424   36.6823    22.3     7.6    15.0    15.2     0.0 -9999.0 U -9999.0 -9999.0 -9999.0
53169 201206  6.101 -110.5424   36.6823    29.3    13.5    21.4    21.9     0.0 -9999.0 U -9999.0 -9999.0 -9999.0
53169 201207  6.101 -110.5424   36.6823    27.7    14.6    21.2    20.7    74.2 -9999.0 U -9999.0 -9999.0 -9999.0
53169 201208  6.101 -110.5424   36.6823    27.8    14.5    21.1    20.6    47.8 -9999.0 U -9999.0 -9999.0 -9999.0
53169 201209  6.101 -110.5424   36.6823    23.0    10.8    16.9    16.5    37.8 -9999.0 U -9999.0 -9999.0 -9999.0
53169 201210  6.101 -110.5424   36.6823    17.8     4.8    11.3    11.0     7.1 -9999.0 U -9999.0 -9999.0 -9999.0
53169 201211  6.101 -110.5424   36.6823    12.1     0.2     6.1     5.8     4.9 -9999.0 U -9999.0 -9999.0 -9999.0
53169 201212  6.101 -110.5424   36.6823     2.8    -6.5    -1.8    -1.9    43.1 -9999.0 U -9999.0 -9999.0 -9999.0
53169 201301  6.101 -110.5424   36.6823     1.1    -9.5    -4.2    -4.3    46.5 -9999.0 U -9999.0 -9999.0 -9999.0
53169 201302  6.101 -110.5424   36.6823     3.0    -7.1    -2.1    -2.1    22.3 -9999.0 U -9999.0 -9999.0 -9999.0
53169 201303  6.101 -110.5424   36.6823    11.6    -0.5     5.5     5.4    17.1 -9999.0 U -9999.0 -9999.0 -9999.0
53169 201304  6.101 -110.5424   36.6823    14.6     1.0     7.8     7.9     9.7 -9999.0 U -9999.0 -9999.0 -9999.0
53169 201305  6.101 -110.5424   36.6823    20.0     5.9    13.0    13.0     5.6 -9999.0 U -9999.0 -9999.0 -9999.0
53169 201306  6.101 -110.5424   36.6823    29.1    13.9    21.5    21.8     0.8 -9999.0 U -9999.0 -9999.0 -9999.0
53169 201307  6.101 -110.5424   36.6823    28.2    15.2    21.7    21.2    81.0 -9999.0 U -9999.0 -9999.0 -9999.0
53169 201308  6.101 -110.5424   36.6823    25.5    13.5    19.5    18.9    57.3 -9999.0 U -9999.0 -9999.0 -9999.0
53169 201309  6.101 -110.5424   36.6823    21.9     9.9    15.9    15.5    31.2 -9999.0 U -9999.0 -9999.0 -9999.0
53169 201310  6.101 -110.5424   36.6823    13.7     1.9     7.8     7.5    15.5 -9999.0 U -9999.0 -9999.0 -9999.0
53169 201311  6.101 -110.5424   36.6823     9.2    -1.1     4.0     3.4    51.6 -9999.0 U -9999.0 -9999.0 -9999.0
53169 201312  6.101 -110.5424   36.6823     2.4    -7.7    -2.6    -2.8    16.8 -9999.0 U -9999.0 -9999.0 -9999.0
53169 201401  6.101 -110.5424   36.6823     6.6    -4.6     1.0     0.6     0.8 -9999.0 U -9999.0 -9999.0 -9999.0
53169 201402  6.101 -110.5424   36.6823     8.4    -3.4     2.5     2.3    11.9 -9999.0 U -9999.0 -9999.0 -9999.0
53169 201403  6.101 -110.5424   36.6823    11.1    -1.2     5.0     4.7    10.7 -9999.0 U -9999.0 -9999.0 -9999.0
53169 201404  6.101 -110.5424   36.6823    14.5     1.5     8.0     7.8    18.0 -9999.0 U -9999.0 -9999.0 -9999.0
53169 201405  6.101 -110.5424   36.6823    19.8     5.8    12.8    12.9    11.4 -9999.0 U -9999.0 -9999.0 -9999.0
53169 201406  6.101 -110.5424   36.6823 -9999.0 -9999.0 -9999.0 -9999.0 -9999.0 -9999.0 U -9999.0 -9999.0 -9999.0
