04125 200303  1.001 -119.6459   44.5560 -9999.0 -9999.0 -9999.0 -9999.0 -9999.0 -9999.0 U -9999.0 -9999.0 -9999.0
04125 200304  1.001 -119.6459   44.5560 -9999.0 -9999.0 -9999.0 -9999.0 -9999.0 -9999.0 U -9999.0 -9999.0 -9999.0
04125 200305 -9.000 -119.6459   44.5560 -9999.0 -9999.0 -9999.0 -9999.0 -9999.0 -9999.0 U -9999.0 -9999.0 -9999.0
04125 200306 -9.000 -119.6459   44.5560 -9999.0 -9999.0 -9999.0 -9999.0 -9999.0 -9999.0 U -9999.0 -9999.0 -9999.0
04125 200307 -9.000 -119.6459   44.5560 -9999.0 -9999.0 -9999.0 -9999.0 -9999.0 -9999.0 U -9999.0 -9999.0 -9999.0
04125 200308 -9.000 -119.6459   44.5560 -9999.0 -9999.0 -9999.0 -9999.0 -9999.0 -9999.0 U -9999.0 -9999.0 -9999.0
04125 200309 -9.000 -119.6459   44.5560 -9999.0 -9999.0 -9999.0 -9999.0 -9999.0 -9999.0 U -9999.0 -9999.0 -9999.0
04125 200310 -9.000 -119.6459   44.5560 -9999.0 -9999.0 -9999.0 -9999.0 -9999.0 -9999.0 U -9999.0 -9999.0 -9999.0
04125 200311 -9.000 -119.6459   44.5560 -9999.0 -9999.0 -9999.0 -9999.0 -9999.0 -9999.0 U -9999.0 -9999.0 -9999.0
04125 200312 -9.000 -119.6459   44.5560 -9999.0 -9999.0 -9999.0 -9999.0 -9999.0 -9999.0 U -9999.0 -9999.0 -9999.0
04125 200401  1.001 -119.6459   44.5560 -9999.0 -9999.0 -9999.0 -9999.0 -9999.0 -9999.0 U -9999.0 -9999.0 -9999.0
04125 200402  1.001 -119.6459   44.5560 -9999.0 -9999.0 -9999.0 -9999.0    22.8     8.2 R -9999.0 -9999.0     4.0
04125 200403  1.001 -119.6459   44.5560 -9999.0 -9999.0 -9999.0 -9999.0    20.3    13.6 R -9999.0 -9999.0     8.0
04125 200404  1.001 -119.6459   44.5560    18.8     3.1    10.9    10.9    27.0    19.4 R -9999.0 -9999.0    11.4
04125 200405  1.201 -119.6459   44.5560    20.2     6.6    13.4    13.5    86.5    19.2 R -9999.0 -9999.0    14.8
04125 200406  1.201 -119.6459   44.5560    27.1    10.2    18.7    19.1     9.2    26.5 R -9999.0 -9999.0    21.9
04125 200407  1.201 -119.6459   44.5560    33.5    13.4    23.5    24.2     1.6    27.7 R -9999.0 -9999.0    28.9
04125 200408  1.201 -119.6459   44.5560    31.6    14.6    23.1    23.2    22.7    19.8 R -9999.0 -9999.0    26.3
04125 200409  1.201 -119.6459   44.5560    24.9     8.4    16.7    16.6     2.3    16.3 R -9999.0 -9999.0    18.4
04125 200410  1.201 -119.6459   44.5560    18.3     5.3    11.8    11.4    29.5    10.6 R -9999.0 -9999.0    11.5
04125 200411  1.201 -119.6459   44.5560    10.0     0.4     5.2     5.1    13.2     5.8 R -9999.0 -9999.0     4.1
04125 200412  1.201 -119.6459   44.5560     8.2    -0.6     3.8     3.7    28.8     4.2 R -9999.0 -9999.0     2.1
04125 200501  1.201 -119.6459   44.5560     7.0    -1.0     3.0     2.8    11.5     5.1 R -9999.0 -9999.0     1.5
04125 200502  1.201 -119.6459   44.5560    10.1    -2.6     3.8     3.2    19.6    10.2 R -9999.0 -9999.0     2.2
04125 200503  1.201 -119.6459   44.5560    14.6     1.6     8.1     7.9    10.1    13.4 R -9999.0 -9999.0     7.3
04125 200504  1.201 -119.6459   44.5560    15.8     4.1     9.9    10.1    37.1    15.3 R -9999.0 -9999.0    11.1
04125 200505  1.201 -119.6459   44.5560    21.2     8.4    14.8    14.8    68.5    19.4 R -9999.0 -9999.0    15.9
04125 200506  1.201 -119.6459   44.5560    24.7     9.0    16.8    16.9    11.4    23.9 R -9999.0 -9999.0    20.5
04125 200507  1.201 -119.6459   44.5560    33.7    13.2    23.4    24.4     3.8    28.2 R -9999.0 -9999.0    28.6
04125 200508  1.201 -119.6459   44.5560    32.9    12.4    22.7    23.5     0.2    25.3 R -9999.0 -9999.0    26.7
04125 200509  1.201 -119.6459   44.5560    25.2     7.2    16.2    16.4     4.5    18.0 R -9999.0 -9999.0    17.7
04125 200510  1.201 -119.6459   44.5560    19.0     5.2    12.1    11.7    39.8    11.3 R -9999.0 -9999.0    10.9
04125 200511  1.201 -119.6459   44.5560     8.4    -0.5     3.9     3.7    32.9     5.7 R -9999.0 -9999.0     2.6
04125 200512  1.201 -119.6459   44.5560     6.0    -3.1     1.4     1.5    36.9     4.0 R -9999.0 -9999.0    -0.2
04125 200601  1.201 -119.6459   44.5560     9.2     0.9     5.0     5.2    29.1     4.4 R -9999.0 -9999.0     3.0
04125 200602  1.201 -119.6459   44.5560     8.7    -3.4     2.6     2.6    10.2     9.7 R -9999.0 -9999.0     1.6
04125 200603  1.201 -119.6459   44.5560    10.5     0.9     5.7     6.0    25.3    11.3 R -9999.0 -9999.0     6.3
04125 200604  1.201 -119.6459   44.5560    16.5     3.2     9.9    10.0    15.5    17.5 R -9999.0 -9999.0    11.1
04125 200605  1.301 -119.6459   44.5560    22.9     6.8    14.8    14.9    39.0    22.4 R -9999.0 -9999.0    16.9
04125 200606  1.301 -119.6459   44.5560    27.5    11.0    19.3    19.6    32.0    24.6 R    38.0    10.3    22.6
04125 200607  1.301 -119.6459   44.5560    35.2    14.4    24.8    25.4     4.5    27.7 R    45.9    14.0    29.0
04125 200608  1.301 -119.6459   44.5560    31.2    11.5    21.3    21.8    13.3    23.4 R    41.2    11.0    24.6
04125 200609  1.301 -119.6459   44.5560    27.4     8.8    18.1    17.8     1.4    17.5 R    35.5     8.2    19.7
04125 200610  1.301 -119.6459   44.5560    17.8     2.4    10.1     9.5    12.6    11.6 R    23.2     1.6    10.3
04125 200611  1.301 -119.6459   44.5560    11.6     1.1     6.3     6.9    29.5     5.0 R    14.7     0.4     6.7
04125 200612  1.301 -119.6459   44.5560     8.0    -2.6     2.7     2.5    16.6     4.4 R    10.2    -3.3     2.2
04125 200701  1.301 -119.6459   44.5560     5.7    -4.9     0.4     0.1     6.0     5.9 R     9.2    -5.8     0.1
04125 200702  1.301 -119.6459   44.5560     9.5    -0.7     4.4     4.3    21.7     6.9 R    13.5    -1.4     4.5
04125 200703  1.301 -119.6459   44.5560    15.8     2.2     9.0     9.0    24.7    13.3 R    21.8     1.4     9.9
04125 200704  1.301 -119.6459   44.5560    16.6     2.5     9.6     9.7    39.7    18.1 R    23.4     1.8    11.2
04125 200705  1.301 -119.6459   44.5560    23.7     5.9    14.8    15.2     5.4    23.7 R    33.1     5.3    17.9
04125 200706  1.302 -119.6459   44.5560    27.6    10.1    18.9    19.1    27.8    24.5 R    37.9     9.8    22.2
04125 200707  1.302 -119.6459   44.5560    35.0    15.6    25.3    25.9     0.0    25.4 R    45.3    15.4    29.3
04125 200708  1.302 -119.6459   44.5560    31.5    11.1    21.3    21.9     6.6    23.4 R    41.6    10.9    24.9
04125 200709  1.302 -119.6459   44.5560    25.5     7.7    16.6    16.6    13.6    17.2 R    33.6     7.3    18.6
04125 200710  1.302 -119.6459   44.5560    17.4     3.2    10.3    10.2    26.4     9.8 R    23.6     2.8    11.0
04125 200711  1.302 -119.6459   44.5560    10.6    -0.5     5.0     4.8    27.4     6.1 R    14.8    -0.9     5.1
04125 200712  1.302 -119.6459   44.5560     5.9    -1.7     2.1     2.3    19.9     3.4 R     8.0    -2.3     2.2
04125 200801  1.302 -119.6459   44.5560     4.7    -4.4     0.1     0.4    28.5     4.9 R     7.8    -4.9     0.3
04125 200802  1.302 -119.6459   44.5560    10.4    -0.8     4.8     4.7     4.7     8.8 R    15.8    -1.0     5.4
04125 200803  1.302 -119.6459   44.5560    10.9    -0.8     5.1     4.9    19.2    12.2 R    17.7    -1.4     5.9
04125 200804  1.302 -119.6459   44.5560    14.5    -0.1     7.2     7.0    16.7    18.0 R    22.5    -0.6     8.8
04125 200805  1.302 -119.6459   44.5560    21.7     7.4    14.5    14.5    38.5    19.7 R    31.0     7.3    17.0
04125 200806  1.302 -119.6459   44.5560    26.0     8.1    17.0    17.8     5.1    25.1 R    35.5     7.9    20.9
04125 200807  1.302 -119.6459   44.5560    32.8    12.6    22.7    23.8     2.7    27.4 R    43.3    12.5    27.5
04125 200808  1.302 -119.6459   44.5560    31.4    12.5    22.0    22.3    10.2    22.0 R    41.7    12.2    25.3
04125 200809  1.302 -119.6459   44.5560    27.8     8.0    17.9    17.9     4.3    18.1 R    36.6     7.7    20.1
04125 200810  1.302 -119.6459   44.5560    19.3     4.0    11.7    11.3     3.1    10.9 R    26.6     3.6    12.5
04125 200811  1.302 -119.6459   44.5560    13.1     1.9     7.5     7.4    18.4     6.0 R    17.6     1.5     7.6
04125 200812  1.302 -119.6459   44.5560     4.4    -5.0    -0.3    -0.2    23.7     4.4 R     7.3    -5.4    -0.2
04125 200901  1.302 -119.6459   44.5560     6.0    -3.0     1.5     1.2    17.6     5.3 R     8.9    -3.5     1.4
04125 200902  1.302 -119.6459   44.5560     9.8    -1.9     3.9     4.0    13.2     8.5 R    14.5    -2.2     4.5
04125 200903  1.302 -119.6459   44.5560    10.4    -0.5     5.0     4.8    17.6    11.4 R    15.6    -0.7     5.7
04125 200904  1.302 -119.6459   44.5560    15.9     2.1     9.0     8.9    23.8    19.3 R    24.6     1.7    11.2
04125 200905  1.302 -119.6459   44.5560    23.4     6.4    14.9    15.5    23.7    24.6 R    34.0     6.4    18.9
04125 200906  1.302 -119.6459   44.5560    26.6    11.4    19.0    18.9    27.4    24.1 R    39.9    11.5    22.8
04125 200907  1.302 -119.6459   44.5560    34.3    14.4    24.3    25.3     0.3    28.2 R    48.0    14.8    30.1
04125 200908  1.302 -119.6459   44.5560    31.5    13.3    22.4    22.5    26.7    22.3 R    42.6    13.6    26.0
04125 200909  1.302 -119.6459   44.5560    29.3     9.9    19.6    19.4     1.8    18.7 R    38.5     9.7    22.0
04125 200910  1.302 -119.6459   44.5560    15.5     3.5     9.5     9.3    28.9     9.2 R    20.7     3.3    10.2
04125 200911  1.302 -119.6459   44.5560    10.7    -0.9     4.9     5.0    12.1     5.6 R    13.7    -1.2     5.1
04125 200912  1.302 -119.6459   44.5560     3.6    -6.0    -1.2    -1.4    13.4     4.8 R     7.1    -6.4    -1.2
04125 201001  1.302 -119.6459   44.5560     9.2     1.8     5.5     5.8    44.8     3.8 R    11.1     1.8     5.9
04125 201002  1.302 -119.6459   44.5560    10.6     0.5     5.6     5.5     8.0     8.2 R    14.4     0.7     6.2
04125 201003  1.302 -119.6459   44.5560    13.6     0.0     6.8     7.0    15.0    12.8 R    18.1     0.1     8.1
04125 201004  1.302 -119.6459   44.5560    15.7     1.8     8.8     8.8    38.2    17.0 R    20.4     1.9    10.3
04125 201005  1.302 -119.6459   44.5560    17.9     5.0    11.5    11.3    77.1    19.2 R    23.7     5.0    12.9
04125 201006  1.302 -119.6459   44.5560    24.2     9.5    16.8    17.0    28.2    23.7 R    29.7     9.5    19.1
04125 201007  1.302 -119.6459   44.5560    31.9    12.1    22.0    22.6    13.6    27.6 R    38.0    12.4    25.3
04125 201008  1.302 -119.6459   44.5560    30.4    11.1    20.7    21.5     4.0    23.4 R    36.7    11.4    24.0
04125 201009  1.302 -119.6459   44.5560    26.3     9.4    17.9    17.6    24.0    16.6 R    31.9     9.7    19.5
04125 201010  2.302 -119.6459   44.5560    18.9     5.5    12.2    11.8    23.6    10.3 R    25.0     4.1    12.1
04125 201011  2.302 -119.6459   44.5560     9.9     0.0     4.9     4.8    26.6     4.9 R    11.9    -1.9     4.0
04125 201012  2.302 -119.6459   44.5560     7.0    -0.8     3.1     3.4    47.0     3.7 R     8.8    -2.9     2.1
04125 201101  2.302 -119.6459   44.5560     7.3    -2.1     2.6     2.4    32.5     4.9 R     9.7    -4.3     1.2
04125 201102  2.302 -119.6459   44.5560     7.5    -2.5     2.5     2.5     6.8     8.1 R    14.0    -5.1     2.0
04125 201103  2.302 -119.6459   44.5560    11.8     1.1     6.4     6.5    31.6     9.9 R    20.1    -1.1     6.1
04125 201104  2.302 -119.6459   44.5560    13.1     0.9     7.0     7.1    18.4    17.6 R    25.4    -1.6     8.6
04125 201105  2.302 -119.6459   44.5560    17.9     4.7    11.3    11.1    72.6    18.6 R    29.3     3.0    12.7
04125 201106  2.302 -119.6459   44.5560    23.8     8.4    16.1    16.2    22.9    23.8 R    36.0     6.7    18.3
04125 201107  2.302 -119.6459   44.5560    30.6    10.5    20.6    21.1     6.3    27.1 R    49.6     9.1    25.2
04125 201108  2.402 -119.6459   44.5560    32.8    11.7    22.3    22.8     6.1    24.0 R    54.7     9.3    27.4
04125 201109  2.402 -119.6459   44.5560    30.7    11.0    20.8    20.5     0.0    17.1 R    49.2     7.5    23.1
04125 201110  2.402 -119.6459   44.5560    18.4     4.6    11.5    11.4    12.5     9.8 R    29.5     1.8    11.8
04125 201111  2.402 -119.6459   44.5560    10.9    -1.0     5.0     5.4    11.0     5.5 R    16.2    -4.0     4.3
04125 201112  2.402 -119.6459   44.5560     6.9    -5.1     0.9     0.6     8.2     4.8 R    10.4    -8.2    -1.1
04125 201201  2.402 -119.6459   44.5560     9.4    -1.9     3.7     3.9    33.1     5.2 R    12.9    -4.8     2.1
04125 201202  2.402 -119.6459   44.5560     9.3    -2.4     3.5     3.5     5.5     8.2 R    18.4    -5.4     3.1
04125 201203  2.402 -119.6459   44.5560    13.1     0.8     6.9     6.9    20.3    10.8 R    26.1    -1.7     7.6
04125 201204  2.402 -119.6459   44.5560    18.4     3.3    10.9    10.8    29.2    15.9 R    34.5     0.8    12.8
04125 201205  2.402 -119.6459   44.5560    22.0     5.5    13.8    14.1     9.9    20.8 R    43.9     3.2    18.6
04125 201206  2.402 -119.6459   44.5560    24.6     9.5    17.1    17.2    35.1    22.1 R    43.6     8.7    21.8
04125 201207  2.402 -119.6459   44.5560    33.0    13.2    23.1    23.6    24.2    25.4 R    52.8    12.7    29.1
04125 201208  2.402 -119.6459   44.5560    34.3    13.0    23.7    24.1     0.0    23.0 R    52.4    12.1    29.1
04125 201209  2.412 -119.6459   44.5560    30.0     9.6    19.8    19.6     0.0    17.9 R    44.0     8.1    22.4
04125 201210  2.412 -119.6459   44.5560    18.8     4.4    11.6    11.0    20.3    10.5 C    26.3     3.3    11.8
04125 201211  2.412 -119.6459   44.5560    12.3     2.2     7.3     7.2    20.4     5.4 C    15.6     1.3     7.1
04125 201212  2.412 -119.6459   44.5560     5.6    -1.5     2.0     2.2    29.0     3.8 C     7.6    -2.2     2.0
04125 201301  2.412 -119.6459   44.5560     4.6    -5.0    -0.2    -0.7    32.0     5.9 C     8.3    -5.4    -0.6
04125 201302  2.412 -119.6459   44.5560     9.4    -1.7     3.9     3.7     6.8     8.8 C    15.4    -2.6     4.1
04125 201303  2.412 -119.6459   44.5560    14.0     1.2     7.6     7.4     9.7    13.5 C    21.5     0.1     8.3
04125 201304  2.412 -119.6459   44.5560    16.9     2.6     9.7    10.1    14.3    19.7 C    27.7     1.6    12.4
04125 201305  2.412 -119.6459   44.5560    22.6     7.1    14.9    14.9    34.5    22.2 C    35.7     6.8    18.6
04125 201306  2.412 -119.6459   44.5560    26.4    10.4    18.4    19.0    33.3    23.8 C    39.1    10.5    23.2
04125 201307  2.412 -119.6459   44.5560    35.3    13.8    24.5    25.7     6.6    29.0 C    50.8    13.9    31.2
04125 201308  2.412 -119.6459   44.5560    33.0    13.5    23.3    23.4    10.9    21.5 C    50.6    13.2    28.1
04125 201309  2.412 -119.6459   44.5560    25.8    10.7    18.3    18.1    30.9    13.5 C    40.5     9.5    20.7
04125 201310  2.412 -119.6459   44.5560    16.3     1.7     9.0     8.3     9.6    11.3 C    25.3     0.2     9.2
04125 201311  2.412 -119.6459   44.5560     9.7    -1.1     4.3     4.2     7.9     5.7 C    15.5    -3.1     3.8
04125 201312  2.412 -119.6459   44.5560     4.0    -6.5    -1.2    -1.5     7.1     4.9 C     6.4    -8.2    -2.5
04125 201401  2.412 -119.6459   44.5560     8.0    -2.9     2.5     1.9    17.9     5.9 C    12.5    -4.8     1.1
04125 201402  2.412 -119.6459   44.5560     6.3    -2.2     2.1     2.2    38.9     6.3 C    10.1    -3.9     1.8
04125 201403  2.412 -119.6459   44.5560    14.6     1.6     8.1     8.0    38.2    12.9 C    21.5    -0.2     8.1
04125 201404  2.412 -119.6459   44.5560    17.2     3.6    10.4    10.3    28.0    18.5 C    28.4     1.9    12.3
04125 201405  2.412 -119.6459   44.5560    23.0     6.9    14.9    15.0    20.8    22.9 C    40.3     5.9    19.7
04125 201406  2.412 -119.6459   44.5560    26.3     9.6    17.9    18.6    14.4    25.2 C    48.0     9.3    25.7
04125 201407  2.412 -119.6459   44.5560    35.7    15.2    25.4    26.2     8.1    25.8 C    58.0    14.7    33.0
04125 201408  2.412 -119.6459   44.5560    31.7    13.9    22.8    23.0    35.5    21.1 C    51.5    13.3    28.3
04125 201409  2.422 -119.6459   44.5560    27.6    10.1    18.8    18.7     3.4    17.2 C    43.0     8.6    22.0
04125 201410  2.422 -119.6459   44.5560    21.9     7.9    14.9    14.3    18.1    10.3 C    31.3     5.1    14.4
04125 201411  2.422 -119.6459   44.5560     9.0    -1.1     3.9     4.0    30.1     5.9 C     9.7    -4.1     1.9
04125 201412  2.422 -119.6459   44.5560     7.6    -0.1     3.8     3.7    58.1     3.0 C     7.9    -1.9     2.4
04125 201501  2.422 -119.6459   44.5560     8.5    -0.5     4.0     3.6     7.4     5.4 C    11.0    -2.7     2.3
04125 201502  2.422 -119.6459   44.5560    12.8     1.5     7.2     7.0    30.1     8.3 C    17.3    -1.5     5.4
04125 201503  2.422 -119.6459   44.5560    16.7     2.5     9.6     9.3    21.1    13.4 C    22.5    -0.4     8.5
04125 201504  2.422 -119.6459   44.5560    17.5     2.0     9.7     9.8     6.4    20.0 C    30.0    -1.8    11.1
04125 201505  2.422 -119.6459   44.5560    23.1     7.7    15.4    15.3    34.3    20.8 C    36.2     5.7    17.7
04125 201506  2.422 -119.6459   44.5560    32.0    12.5    22.2    23.2    14.6    27.3 C    51.3    10.7    28.0
04125 201507  2.422 -119.6459   44.5560    32.9    14.4    23.6    24.2    22.0    25.4 C    60.2    11.7    30.6
04125 201508  2.422 -119.6459   44.5560    33.0    12.8    22.9    23.5     1.7    21.3 C    55.6     9.8    28.1
04125 201509  2.422 -119.6459   44.5560    26.3     8.0    17.2    17.0     4.5    17.3 C    45.8     4.5    20.0
04125 201510  2.422 -119.6459   44.5560    22.0     6.9    14.4    13.8    16.5    10.6 C    34.0     3.4    14.0
04125 201511  2.422 -119.6459   44.5560     8.1    -2.1     3.0     2.9    29.0     5.9 C    11.8    -4.8     1.7
04125 201512  2.422 -119.6459   44.5560     7.0    -0.2     3.4     3.6    47.5     3.7 C     9.0    -2.5     1.9
04125 201601  2.422 -119.6459   44.5560     7.7    -1.2     3.2     3.2    23.7     4.7 C    10.5    -4.1     1.4
04125 201602  2.422 -119.6459   44.5560    13.5     0.3     6.9     6.8    12.0     8.4 C    20.0    -2.9     5.3
04125 201603  2.422 -119.6459   44.5560    13.9     1.7     7.8     8.0    21.6    11.4 C    21.2    -1.6     7.4
04125 201604  2.422 -119.6459   44.5560    21.1     5.5    13.3    13.2    14.0    19.5 C    35.7     2.4    15.1
04125 201605  2.422 -119.6459   44.5560    23.1     7.6    15.3    15.6    25.6    21.7 C    41.9     5.8    19.9
04125 201606  2.422 -119.6459   44.5560    28.3    10.0    19.2    19.9    16.7    25.4 C    52.0     8.4    26.4
04125 201607  2.422 -119.6459   44.5560    30.9    11.9    21.4    22.3    19.9    26.7 C    56.1    10.7    29.6
04125 201608  2.422 -119.6459   44.5560    32.6    11.6    22.1    22.9     0.5    24.3 C    57.0     9.9    29.2
04125 201609  2.422 -119.6459   44.5560    25.0     7.7    16.3    16.4     8.0    17.1 C    43.4     6.0    20.0
04125 201610  2.422 -119.6459   44.5560    17.8     6.4    12.1    11.9    47.9     8.0 C    23.3     4.6    11.8
04125 201611  2.422 -119.6459   44.5560    14.5     3.3     8.9     9.1     9.4     5.6 C    15.9    -0.2     6.6
04125 201612  2.422 -119.6459   44.5560     1.9    -6.9    -2.5    -2.3    49.5     4.3 C     0.5   -10.5    -4.4
04125 201701  2.422 -119.6459   44.5560     1.2    -7.3    -3.1    -3.1    40.7     5.0 C     1.1   -11.0    -5.1
04125 201702  2.422 -119.6459   44.5560     9.4    -0.2     4.6     4.5    19.1     6.7 C    13.7    -2.9     3.2
04125 201703  2.422 -119.6459   44.5560    14.2     2.4     8.3     8.2    27.9     9.5 C    20.1    -0.6     7.2
04125 201704  2.422 -119.6459   44.5560    15.3     3.1     9.2     9.5    38.5    16.4 C    25.4     0.5    10.2
04125 201705  2.422 -119.6459   44.5560    22.9     6.6    14.8    15.0    24.9    22.9 C    35.7     4.6    17.6
04125 201706  2.422 -119.6459   44.5560    28.1    10.0    19.0    19.6    20.7    24.1 C    44.7     8.0    23.5
04125 201707  2.422 -119.6459   44.5560    35.5    13.6    24.5    25.7     0.0    28.0 C    56.3    11.6    31.3
