54902 200409  1.201  -93.2855   41.5562 -9999.0 -9999.0 -9999.0 -9999.0 -9999.0 -9999.0 U -9999.0 -9999.0 -9999.0
54902 200410  1.201  -93.2855   41.5562    17.0     5.6    11.3    11.3    34.8     9.2 R -9999.0 -9999.0    11.1
54902 200411  1.201  -93.2855   41.5562    10.3     0.3     5.3     5.3    59.6     6.2 R -9999.0 -9999.0     5.0
54902 200412  1.201  -93.2855   41.5562     3.6    -7.2    -1.8    -2.0    12.9     6.1 R -9999.0 -9999.0    -2.1
54902 200501  1.201  -93.2855   41.5562    -2.4   -10.1    -6.2    -6.3    34.0     6.1 R -9999.0 -9999.0    -6.4
54902 200502  1.201  -93.2855   41.5562     5.3    -4.7     0.3     0.0    47.0     8.8 R -9999.0 -9999.0    -0.1
54902 200503  1.201  -93.2855   41.5562     9.9    -3.1     3.4     3.0    30.4    13.2 R -9999.0 -9999.0     3.9
54902 200504  1.201  -93.2855   41.5562    18.9     6.3    12.6    12.5   126.0    17.7 R -9999.0 -9999.0    13.0
54902 200505  1.201  -93.2855   41.5562    20.8     8.9    14.8    15.0   127.3    19.5 R -9999.0 -9999.0    15.1
54902 200506  1.201  -93.2855   41.5562    28.1    17.0    22.6    22.5    91.3    23.7 R -9999.0 -9999.0    22.5
54902 200507  1.201  -93.2855   41.5562    30.0    17.9    23.9    24.0   120.1    24.2 R -9999.0 -9999.0    24.2
54902 200508  1.201  -93.2855   41.5562    28.5    16.2    22.3    22.3    40.9    20.9 R -9999.0 -9999.0    22.8
54902 200509  1.301  -93.2855   41.5562    27.4    13.1    20.3    20.2    45.5    16.1 R -9999.0 -9999.0    20.9
54902 200510  1.301  -93.2855   41.5562    18.4     5.4    11.9    11.7    28.0    10.9 R    26.4     3.8    11.8
54902 200511  1.301  -93.2855   41.5562    10.7    -0.7     5.0     4.9    34.9     7.1 R    15.3    -2.4     4.8
54902 200512  1.301  -93.2855   41.5562    -1.7    -9.0    -5.4    -5.3    29.1     5.4 R     2.4   -10.8    -5.5
54902 200601  1.301  -93.2855   41.5562     6.2    -2.9     1.7     1.3    17.6     5.5 R    11.6    -3.9     1.4
54902 200602  1.301  -93.2855   41.5562     3.4    -9.3    -2.9    -3.0     3.1    11.0 R    11.4   -10.7    -2.4
54902 200603  1.301  -93.2855   41.5562     8.5    -1.8     3.4     3.3   103.1    11.0 R    18.6    -3.3     4.3
54902 200604  1.301  -93.2855   41.5562    19.3     6.3    12.8    12.9   123.6    17.5 R    28.9     5.0    13.8
54902 200605  1.301  -93.2855   41.5562    21.8    10.5    16.1    16.2    33.2    19.6 R    35.5     9.2    17.5
54902 200606  1.301  -93.2855   41.5562    27.4    15.4    21.4    21.4    47.0    22.5 R    44.6    14.2    23.9
54902 200607  1.301  -93.2855   41.5562    31.6    18.8    25.2    24.8    81.5    22.8 R    48.4    18.0    27.6
54902 200608  1.301  -93.2855   41.5562    27.5    17.7    22.6    22.4   164.7    18.0 R    34.2    17.0    22.8
54902 200609  1.301  -93.2855   41.5562    21.8    10.2    16.0    15.8   105.0    15.5 R    26.9     8.9    15.4
54902 200610  1.301  -93.2855   41.5562    14.9     3.9     9.4     9.2    47.0    10.6 R    19.6     2.5     8.7
54902 200611  1.301  -93.2855   41.5562    10.7    -0.6     5.0     4.8    51.4     8.0 R    16.1    -2.2     4.4
54902 200612  1.301  -93.2855   41.5562     6.3    -4.5     0.9     0.9    61.0     6.5 R    11.2    -6.2     0.4
54902 200701  1.301  -93.2855   41.5562    -0.1   -10.0    -5.1    -4.9    22.3     7.6 R     3.7   -12.1    -5.7
54902 200702  1.301  -93.2855   41.5562    -3.8   -12.2    -8.0    -7.8    61.3    11.5 R     2.4   -14.3    -8.4
54902 200703  1.301  -93.2855   41.5562    12.3     1.1     6.7     6.6    59.1    13.2 R    21.5    -0.6     6.6
54902 200704  1.301  -93.2855   41.5562    15.2     2.6     8.9     8.7   116.7    17.9 R    25.9     0.5     9.1
54902 200705  1.302  -93.2855   41.5562    23.7    12.7    18.2    18.3   147.9    20.4 R    35.7    11.7    19.4
54902 200706  1.302  -93.2855   41.5562    26.5    15.8    21.2    21.3    85.6    23.7 R    36.4    15.4    22.6
54902 200707  1.302  -93.2855   41.5562    29.2    17.2    23.2    23.3    44.9    26.5 R    36.0    16.7    24.6
54902 200708  1.302  -93.2855   41.5562    29.2    18.9    24.1    23.8   210.9    19.7 R    38.4    18.6    25.6
54902 200709  1.302  -93.2855   41.5562    24.9    11.7    18.3    18.3    93.8    17.7 R    30.8    10.9    19.0
54902 200710  1.302  -93.2855   41.5562    18.8     8.2    13.5    13.4   124.0    10.9 R    23.2     7.4    13.5
54902 200711  1.302  -93.2855   41.5562     9.1    -2.1     3.5     3.4     9.9     8.7 R    13.1    -3.1     3.3
54902 200712  1.302  -93.2855   41.5562    -1.5    -9.4    -5.4    -5.3    87.3     5.7 R     5.6   -10.3    -5.2
54902 200801  1.302  -93.2855   41.5562    -3.1   -12.5    -7.8    -7.5    18.4     7.5 R     6.0   -13.7    -7.7
54902 200802  1.302  -93.2855   41.5562    -3.0   -12.1    -7.5    -7.3    66.7    11.1 R     6.4   -12.8    -6.8
54902 200803  1.302  -93.2855   41.5562     6.2    -4.2     1.0     1.0    48.8    14.0 R    17.1    -4.9     1.8
54902 200804  1.302  -93.2855   41.5562    14.1     3.1     8.6     8.1   139.8    15.4 R    22.6     2.3     8.8
54902 200805  1.302  -93.2855   41.5562    20.7     8.7    14.7    14.9   115.3    20.4 R    27.9     7.5    15.3
54902 200806  1.302  -93.2855   41.5562    25.9    15.5    20.7    20.8   261.1    22.1 R    31.4    14.8    21.4
54902 200807  1.302  -93.2855   41.5562    27.9    17.5    22.7    22.6   186.2    22.1 R    35.4    17.1    23.9
54902 200808  1.302  -93.2855   41.5562    26.8    15.1    20.9    21.1    55.8    21.8 R    34.1    14.4    22.0
54902 200809  1.302  -93.2855   41.5562    23.1    11.7    17.4    17.3   120.0    15.1 R    33.0    11.2    18.3
54902 200810  1.302  -93.2855   41.5562    17.0     4.7    10.9    11.0    80.2    11.7 R    25.8     4.0    11.2
54902 200811  1.302  -93.2855   41.5562     7.3    -2.6     2.3     2.3 -9999.0     7.1 R    13.8    -3.5     2.5
54902 200812  1.302  -93.2855   41.5562    -1.3   -12.8    -7.0    -6.9    54.3     6.5 R     4.7   -14.2    -7.2
54902 200901  1.302  -93.2855   41.5562    -4.2   -14.6    -9.4    -8.9    26.5     8.2 R     6.9   -15.9    -8.8
54902 200902  1.302  -93.2855   41.5562     3.0    -8.1    -2.6    -2.4    15.1    11.7 R    14.1    -9.0    -2.0
54902 200903  1.302  -93.2855   41.5562    10.0    -2.2     3.9     3.8   152.1    14.1 R    21.0    -3.1     4.7
54902 200904  1.302  -93.2855   41.5562    15.4     2.8     9.1     9.0   131.1    16.3 R    25.5     1.7     9.7
54902 200905  1.302  -93.2855   41.5562    21.3    10.1    15.7    15.8    75.7    20.9 R    30.6     9.0    16.6
54902 200906  2.402  -93.2855   41.5562    25.9    15.9    20.9    20.8   142.0    19.7 R    36.1    15.5    22.4
54902 200907  2.402  -93.2855   41.5562    25.6    14.7    20.1    20.2    83.7    21.7 R    30.0    13.8    20.6
54902 200908  2.402  -93.2855   41.5562    25.8    15.4    20.6    20.6   153.9    19.1 R    29.7    14.7    20.9
54902 200909  2.402  -93.2855   41.5562    24.0    11.2    17.6    17.2    55.4    16.8 R    28.5    10.3    17.4
54902 200910  2.402  -93.2855   41.5562    12.3     3.3     7.8     7.7   168.9     7.8 R    16.4     2.7     8.0
54902 200911  2.402  -93.2855   41.5562    12.1     1.8     7.0     6.9    39.4     6.8 R    15.8     0.6     6.8
54902 200912  2.402  -93.2855   41.5562    -1.5   -10.2    -5.8    -5.9    78.7     5.3 R     1.1   -11.1    -5.9
54902 201001  2.402  -93.2855   41.5562    -6.3   -13.0    -9.6    -9.4    32.2     7.1 R    -2.1   -13.2    -8.6
54902 201002  2.402  -93.2855   41.5562    -3.5   -13.0    -8.3    -8.0    27.7    11.3 R     1.8   -13.3    -6.7
54902 201003  2.402  -93.2855   41.5562     9.5    -0.8     4.3     3.9    45.9    13.4 R    14.7    -1.1     5.1
54902 201004  2.402  -93.2855   41.5562    20.1     7.1    13.6    13.8   123.7    17.5 R    24.7     6.8    14.9
54902 201005  2.402  -93.2855   41.5562    21.2    10.4    15.8    16.0   115.7    20.0 R    25.8    10.2    17.3
54902 201006  2.402  -93.2855   41.5562    27.1    16.6    21.9    21.9   329.6    21.6 R    32.4    16.4    23.5
54902 201007  2.402  -93.2855   41.5562    28.5    19.1    23.8    23.9   152.9    22.0 R    34.9    18.9    25.9
54902 201008  2.402  -93.2855   41.5562    29.0    18.4    23.7    23.6   374.0    21.0 R    34.8    18.3    25.7
54902 201009  2.402  -93.2855   41.5562    23.6    11.8    17.7    17.5    97.6    15.0 R    27.3    11.7    18.6
54902 201010  2.402  -93.2855   41.5562    20.2     5.1    12.7    12.5    11.8    13.7 R    24.1     4.9    13.6
54902 201011  2.402  -93.2855   41.5562     9.5    -1.4     4.0     4.0    44.3     7.7 R    12.2    -1.5     4.6
54902 201012  2.402  -93.2855   41.5562    -1.4   -10.5    -5.9    -5.8    23.0     5.4 R     1.1   -10.6    -5.1
54902 201101  2.402  -93.2855   41.5562    -4.0   -13.2    -8.6    -8.3    21.8     6.3 R    -1.5   -13.3    -7.5
54902 201102  2.402  -93.2855   41.5562     1.1    -8.8    -3.9    -3.9    28.9     9.7 R     4.6    -8.9    -2.9
54902 201103  2.402  -93.2855   41.5562     8.2    -2.7     2.7     2.7    45.5    11.8 R    12.0    -2.8     3.7
54902 201104  2.402  -93.2855   41.5562    15.6     3.9     9.7     9.7   113.5    14.2 R    18.8     3.6    10.6
54902 201105  2.402  -93.2855   41.5562    21.8     9.9    15.8    16.0   146.9    18.0 R    26.6     9.6    17.4
54902 201106  2.402  -93.2855   41.5562    25.8    16.2    21.0    21.1   270.8    15.1 R    31.1    16.1    22.6
54902 201107  2.402  -93.2855   41.5562    30.6    20.9    25.8    25.7    92.3    16.7 R    36.5    20.9    27.5
54902 201108  2.402  -93.2855   41.5562    28.2    16.6    22.4    22.3    57.6    15.7 R    34.0    16.4    24.2
54902 201109  2.402  -93.2855   41.5562    22.3     9.8    16.0    15.8    22.9    12.3 R    27.2     9.3    17.1
54902 201110  2.402  -93.2855   41.5562    19.8     5.1    12.5    12.3     8.0     9.4 R    24.1     5.0    13.2
54902 201111  2.402  -93.2855   41.5562    10.9    -0.8     5.0     4.9    80.4     5.5 R    13.7    -1.1     5.5
54902 201112  2.402  -93.2855   41.5562     4.6    -5.2    -0.3    -0.3    69.5     3.9 R     7.2    -5.4     0.2
54902 201201  2.402  -93.2855   41.5562     3.8    -7.2    -1.7    -1.9     8.9     5.4 R     6.7    -7.2    -1.3
54902 201202  2.402  -93.2855   41.5562     4.1    -5.6    -0.8    -1.0    49.0     7.6 R     7.7    -5.8    -0.1
54902 201203  2.402  -93.2855   41.5562    18.5     5.3    11.9    11.8    56.6    10.2 R    22.4     5.1    12.7
54902 201204  2.402  -93.2855   41.5562    18.3     5.7    12.0    12.0   114.7    12.8 R    22.3     5.4    13.0
54902 201205  2.412  -93.2855   41.5562    25.2    12.2    18.7    19.0    60.0    21.0 R    30.6    11.7    20.6
54902 201206  2.412  -93.2855   41.5562    28.8    15.9    22.3    22.5    95.0    24.7 C    34.0    15.7    24.3
54902 201207  2.412  -93.2855   41.5562    33.7    19.6    26.7    26.5    17.5    24.9 C    39.6    19.6    28.7
54902 201208  2.412  -93.2855   41.5562    29.2    14.5    21.8    21.7    65.5    20.5 C    34.7    14.5    23.5
54902 201209  2.412  -93.2855   41.5562    25.7     8.9    17.3    17.2    17.4    17.7 C    30.8     8.9    18.8
54902 201210  2.412  -93.2855   41.5562    16.7     4.0    10.4    10.0   139.9    10.1 C    20.0     3.9    10.9
54902 201211  2.412  -93.2855   41.5562    11.5    -1.3     5.1     4.7    32.8     8.0 C    14.5    -1.3     5.5
54902 201212  2.412  -93.2855   41.5562     3.0    -6.7    -1.9    -1.7    54.5     5.4 C     5.2    -6.8    -1.1
54902 201301  2.412  -93.2855   41.5562     1.3    -9.8    -4.3    -4.5    21.4     7.3 C     3.5   -10.0    -3.9
54902 201302  2.412  -93.2855   41.5562     1.5    -7.5    -3.0    -3.1    38.6     9.3 C     4.2    -7.4    -2.2
54902 201303  2.412  -93.2855   41.5562     3.5    -5.0    -0.8    -0.8    55.4    14.2 C     7.4    -5.3     0.3
54902 201304  2.412  -93.2855   41.5562    14.4     1.9     8.1     8.1   154.8    16.1 C    18.1     1.9     9.3
54902 201305  2.422  -93.2855   41.5562    20.2     9.9    15.1    15.1   237.4    18.4 C    27.0     9.1    16.3
54902 201306  2.422  -93.2855   41.5562    25.7    15.8    20.8    20.7    99.9    21.2 C    31.6    13.9    20.9
54902 201307  2.422  -93.2855   41.5562    28.3    16.3    22.3    22.4    30.1    24.4 C    31.3    14.1    21.7
54902 201308  2.422  -93.2855   41.5562    29.6    16.1    22.9    22.8    13.3    22.1 C    34.8    13.9    22.6
54902 201309  2.422  -93.2855   41.5562    27.1    12.9    20.0    19.8    54.3    18.0 C    31.4    11.0    19.6
54902 201310  2.422  -93.2855   41.5562    16.9     4.9    10.9    10.7    79.8    11.6 C    18.5     3.3     9.9
54902 201311  2.422  -93.2855   41.5562     7.6    -3.6     2.0     2.0    39.3     8.7 C     9.1    -5.1     1.4
54902 201312  2.422  -93.2855   41.5562    -2.2   -12.1    -7.1    -7.0    20.1     6.0 C    -1.2   -14.1    -7.6
54902 201401  2.422  -93.2855   41.5562    -2.5   -15.5    -9.0    -8.5     9.1     7.5 C    -1.0   -17.1    -8.8
54902 201402  2.422  -93.2855   41.5562    -3.4   -14.3    -8.8    -8.9    53.1    12.2 C    -1.5   -17.1    -9.5
54902 201403  2.422  -93.2855   41.5562     6.5    -5.7     0.4     0.1    15.2    15.1 C    11.1    -8.2     0.1
54902 201404  2.422  -93.2855   41.5562 -9999.0 -9999.0 -9999.0 -9999.0 -9999.0 -9999.0 U -9999.0 -9999.0 -9999.0
54902 201405  2.422  -93.2855   41.5562 -9999.0 -9999.0 -9999.0 -9999.0 -9999.0 -9999.0 U -9999.0 -9999.0 -9999.0
54902 201406  2.422  -93.2855   41.5562    26.2    15.6    20.9    21.1   188.9    20.7 C    27.9    14.1    20.5
54902 201407  2.422  -93.2855   41.5562    26.0    15.3    20.6    20.7    63.3    24.0 C    29.1    13.6    20.1
54902 201408  2.422  -93.2855   41.5562    27.0    17.3    22.2    22.0   170.3    17.0 C    36.4    16.2    23.6
54902 201409  2.422  -93.2855   41.5562    22.4    11.3    16.9    16.9   103.3    15.1 C    25.6     9.2    16.4
54902 201410  2.422  -93.2855   41.5562    16.7     5.6    11.1    11.0    77.9    11.1 C    18.6     3.0     9.7
54902 201411  2.422  -93.2855   41.5562     5.0    -5.7    -0.4    -0.2    12.5     7.1 C     6.4    -7.6    -1.1
54902 201412  2.422  -93.2855   41.5562     2.4    -5.0    -1.3    -1.2    28.5     4.2 C     4.6    -6.7    -1.4
54902 201501  2.422  -93.2855   41.5562     1.1    -9.8    -4.3    -4.3    38.0     7.0 C     2.6   -13.1    -5.7
54902 201502  2.422  -93.2855   41.5562    -4.1   -14.9    -9.5    -9.0    19.4    11.1 C    -3.8   -18.9   -10.5
54902 201503  2.422  -93.2855   41.5562    11.7    -2.7     4.5     4.3    13.3    16.4 C    17.4    -6.8     3.5
54902 201504  2.422  -93.2855   41.5562    18.4     5.1    11.8    11.8    80.5    18.0 C    25.5     1.8    11.6
54902 201505  2.422  -93.2855   41.5562    21.5    11.7    16.6    16.4    81.6    17.0 C    28.9    10.2    17.1
54902 201506  2.422  -93.2855   41.5562    25.8    15.9    20.9    21.1   146.2    19.2 C    31.2    12.9    21.6
54902 201507  2.422  -93.2855   41.5562    27.3    17.4    22.4    22.5   205.0    21.6 C    29.3    16.3    22.0
54902 201508  2.422  -93.2855   41.5562    26.0    15.6    20.8    20.8    99.2    19.1 C    26.6    14.3    19.9
54902 201509  2.422  -93.2855   41.5562    26.3    14.9    20.6    20.3   136.5    17.5 C    26.6    13.6    19.4
54902 201510  2.422  -93.2855   41.5562    17.8     6.3    12.1    11.9    48.6    11.8 C    18.8     4.4    10.9
54902 201511  2.422  -93.2855   41.5562    11.7     1.6     6.6     6.5    91.5     7.5 C    11.6    -0.5     5.1
54902 201512  2.422  -93.2855   41.5562     5.5    -1.9     1.8     1.6   125.4     4.3 C     5.6    -3.6     0.9
54902 201601  2.422  -93.2855   41.5562    -1.3    -9.6    -5.5    -5.5    18.3     6.6 C    -1.9   -11.9    -6.8
54902 201602  2.422  -93.2855   41.5562     3.5    -5.4    -1.0    -1.1    22.9     9.3 C     5.5    -7.9    -1.8
54902 201603  2.422  -93.2855   41.5562    12.5     1.1     6.8     6.8    68.0    11.8 C    16.9    -1.7     6.2
54902 201604  2.422  -93.2855   41.5562    16.6     5.0    10.8    10.8    83.9    16.5 C    21.3     2.5    10.3
54902 201605  2.422  -93.2855   41.5562    21.6    10.1    15.8    15.8    91.1    19.4 C    30.0     7.4    16.2
54902 201606  2.422  -93.2855   41.5562    28.9    16.8    22.8    23.0    93.0    26.0 C    34.9    15.0    23.3
54902 201607  2.422  -93.2855   41.5562    27.8    17.8    22.8    22.9   158.9    20.2 C    30.5    16.6    22.6
54902 201608  2.422  -93.2855   41.5562    27.7    17.3    22.5    22.3   128.4    17.9 C    29.7    16.2    21.8
54902 201609  2.422  -93.2855   41.5562    25.8    14.5    20.1    19.8   158.0    15.6 C    26.7    13.3    18.9
54902 201610  2.422  -93.2855   41.5562    19.8     7.9    13.8    13.7    35.1    10.9 C    21.0     6.4    12.7
54902 201611  2.422  -93.2855   41.5562    14.0     2.1     8.0     7.8    41.2     8.0 C    14.5     0.0     6.3
54902 201612  2.422  -93.2855   41.5562     0.7    -7.5    -3.4    -3.5    45.5     5.4 C     2.1    -8.8    -4.0
54902 201701  2.422  -93.2855   41.5562     0.5    -6.8    -3.2    -3.1    41.2     4.4 C     1.9    -8.0    -3.3
54902 201702  2.422  -93.2855   41.5562     9.5    -3.7     2.9     2.8    15.3    10.6 C    12.4    -6.4     1.5
54902 201703  2.422  -93.2855   41.5562     9.4    -1.3     4.0     3.9    68.7    10.3 C    13.5    -3.1     3.8
54902 201704  2.422  -93.2855   41.5562    17.7     6.1    11.9    11.7   104.5    13.8 C    20.9     4.2    11.2
54902 201705  2.422  -93.2855   41.5562    21.4     9.0    15.2    15.3    88.1    19.9 C    26.5     6.3    15.0
54902 201706  2.422  -93.2855   41.5562    28.8    15.3    22.0    22.4    45.3    25.1 C    33.5    12.5    22.0
54902 201707  2.422  -93.2855   41.5562    30.5    18.0    24.3    24.4    50.5    23.3 C    33.8    16.4    24.1
