21514 200509  1.301 -155.5760   19.5354 -9999.0 -9999.0 -9999.0 -9999.0 -9999.0 -9999.0 U -9999.0 -9999.0 -9999.0
21514 200510  1.301 -155.5760   19.5354    13.4     4.3     8.8     8.3     5.2    22.7 R    40.5    -1.2    11.8
21514 200511  1.301 -155.5760   19.5354    11.5     2.6     7.0     6.6     3.9    19.3 R    36.0    -2.8     9.1
21514 200512  1.301 -155.5760   19.5354    11.8     2.8     7.3     6.8     9.6    19.7 R    31.5    -2.4     8.3
21514 200601  1.301 -155.5760   19.5354    10.7     2.1     6.4     5.7    65.1    19.9 R    30.4    -2.6     7.5
21514 200602  1.301 -155.5760   19.5354     8.6     0.4     4.5     4.1    21.7    20.4 R    33.1    -4.5     7.2
21514 200603  1.301 -155.5760   19.5354     8.5     1.9     5.2     4.5   160.9    15.2 R    28.6    -1.2     7.2
21514 200604  1.301 -155.5760   19.5354    11.5     2.1     6.8     6.5     6.7    26.5 R    43.5    -3.0    12.6
21514 200605  1.301 -155.5760   19.5354    12.7     3.6     8.2     7.8    50.2    28.9 R    44.0    -1.1    14.4
21514 200606  1.301 -155.5760   19.5354    15.6     5.7    10.7    10.1     2.5    30.2 R    46.6     0.8    17.4
21514 200607  1.301 -155.5760   19.5354    14.8     5.1     9.9     9.4    18.7    28.9 R    45.6     0.1    16.3
21514 200608  1.301 -155.5760   19.5354    14.0     4.6     9.3     8.7    34.3    24.8 R    45.3    -0.3    14.2
21514 200609  1.301 -155.5760   19.5354    13.7     5.1     9.4     9.0    13.2    24.1 R    44.0     0.0    14.7
21514 200610  1.301 -155.5760   19.5354    12.2     4.1     8.1     7.8    10.7    19.1 R    40.4    -0.6    11.7
21514 200611  1.301 -155.5760   19.5354    11.8     3.1     7.4     6.9     7.1    19.1 R    35.5    -1.8     9.6
21514 200612  1.301 -155.5760   19.5354    12.3     3.6     7.9     7.4    12.6    19.3 R    31.7    -1.7     8.9
21514 200701  1.301 -155.5760   19.5354    11.9     3.1     7.5     6.8    15.7    18.8 R    33.2    -1.8     8.6
21514 200702  1.301 -155.5760   19.5354     9.9     1.3     5.6     5.0    26.3    21.5 R    32.5    -2.9     8.0
21514 200703  1.301 -155.5760   19.5354    12.3     2.8     7.5     6.9    13.0    25.5 R    41.2    -2.2    11.9
21514 200704  1.301 -155.5760   19.5354    12.5     3.1     7.8     7.3     0.2    29.9 R    44.8    -2.2    14.3
21514 200705  1.301 -155.5760   19.5354    13.3     4.0     8.7     8.1    19.7    28.3 R    45.5    -0.9    14.9
21514 200706  1.301 -155.5760   19.5354    14.2     4.6     9.4     9.0     0.7    28.8 R    46.3    -0.4    16.4
21514 200707  1.301 -155.5760   19.5354    14.1     4.6     9.3     8.8    49.8    28.6 R    44.5     0.3    15.5
21514 200708  1.301 -155.5760   19.5354    13.5     4.3     8.9     8.6    32.5    25.3 R    43.2    -0.6    14.3
21514 200709  1.301 -155.5760   19.5354    12.0     3.7     7.9     7.5    27.2    21.2 R    39.9    -1.0    11.9
21514 200710  1.301 -155.5760   19.5354    13.2     4.1     8.6     8.2     2.2    24.9 R    40.7    -1.1    12.5
21514 200711  1.302 -155.5760   19.5354    10.2     2.3     6.2     5.6    37.6    17.6 R    28.3    -1.8     7.4
21514 200712  1.302 -155.5760   19.5354     7.5     0.7     4.1     3.5   152.9    16.2 R    17.4    -1.4     4.2
21514 200801  1.302 -155.5760   19.5354     8.5    -0.3     4.1     3.5     9.6    19.7 R    22.3    -3.2     5.3
21514 200802  1.302 -155.5760   19.5354     8.5     0.1     4.3     3.8    63.3    20.0 R    21.8    -2.2     5.8
21514 200803  1.302 -155.5760   19.5354    10.4     1.0     5.7     5.1     9.3    22.8 R    26.5    -1.3     7.6
21514 200804  1.302 -155.5760   19.5354    10.1     1.1     5.6     5.0    65.8    22.1 R    25.4    -1.2     7.6
21514 200805  1.302 -155.5760   19.5354    12.8     3.4     8.1     7.8     0.0    29.9 R    29.8     0.7    12.2
21514 200806  1.302 -155.5760   19.5354    13.5     4.4     9.0     8.5     6.4    28.2 R    30.7     2.1    12.9
21514 200807  1.302 -155.5760   19.5354    12.3     2.6     7.4     7.1    20.3    26.9 R    29.6     0.0    11.0
21514 200808  1.302 -155.5760   19.5354    13.7     3.6     8.6     8.1    34.5    27.6 R    29.6     1.2    11.5
21514 200809  1.302 -155.5760   19.5354    13.3     4.6     8.9     8.6     1.9    25.2 R    30.4     1.7    12.0
21514 200810  1.302 -155.5760   19.5354    13.5     4.5     9.0     8.5     6.1    22.2 R    27.8     2.0    10.9
21514 200811  1.302 -155.5760   19.5354    11.1     2.6     6.9     6.3     4.8    18.1 R    27.6    -0.7     8.0
21514 200812  1.302 -155.5760   19.5354    10.0     2.5     6.2     5.6   112.9    16.7 R    22.7    -0.8     6.7
21514 200901  1.302 -155.5760   19.5354     9.7     1.1     5.4     5.0     7.0    20.2 R    26.3    -3.1     6.5
21514 200902  1.302 -155.5760   19.5354     8.2     0.4     4.3     3.8    26.1    19.1 R    27.9    -3.3     6.3
21514 200903  1.302 -155.5760   19.5354     8.1     0.1     4.1     3.5    71.8    21.4 R    26.8    -3.0     6.8
21514 200904  1.302 -155.5760   19.5354    10.3     1.8     6.1     5.7    37.8    24.4 R    32.1    -1.2     9.9
21514 200905  1.302 -155.5760   19.5354    13.5     4.3     8.9     8.5     2.3    26.7 R    38.9    -0.1    13.7
21514 200906  1.302 -155.5760   19.5354    15.1     5.2    10.1     9.7     1.1    30.0 R    39.4     1.4    15.7
21514 200907  1.302 -155.5760   19.5354    13.3     4.4     8.8     8.6    33.6    25.2 R    37.6     0.4    13.6
21514 200908  1.302 -155.5760   19.5354    13.5     4.8     9.2     8.9    32.6    23.9 R    38.1     0.9    13.2
21514 200909  1.302 -155.5760   19.5354    15.0     5.6    10.3     9.9     0.0    26.7 R    40.6     0.8    14.7
21514 200910  1.302 -155.5760   19.5354    13.3     4.1     8.7     8.2    25.9    22.1 R    36.4     0.2    11.7
21514 200911  1.302 -155.5760   19.5354    10.5     1.9     6.2     5.7    20.4    18.2 R    29.4    -2.0     7.8
21514 200912  1.302 -155.5760   19.5354    11.2     2.3     6.8     6.4     6.6    19.0 R    28.6    -2.5     8.0
21514 201001  1.302 -155.5760   19.5354    13.8     4.4     9.1     8.5     0.0    20.3 R    32.6    -0.3    10.6
21514 201002  1.302 -155.5760   19.5354    11.9     2.3     7.1     6.8     1.0    23.1 R    34.9    -2.6    10.4
21514 201003  1.302 -155.5760   19.5354    11.4     1.6     6.5     6.1     1.9    24.6 R    34.6    -2.6    10.3
21514 201004  1.302 -155.5760   19.5354    11.8     2.2     7.0     6.7    14.9    25.3 R    36.7    -1.9    11.7
21514 201005  1.302 -155.5760   19.5354    14.8     4.8     9.8     9.2     0.5    28.1 R    40.1     0.7    15.1
21514 201006  1.302 -155.5760   19.5354    15.4     5.7    10.6    10.2     0.0    28.0 R    40.0     1.7    16.3
21514 201007  1.302 -155.5760   19.5354    15.9     6.4    11.1    10.9     0.0    28.4 R    41.3     2.2    17.1
21514 201008  1.302 -155.5760   19.5354    15.3     5.8    10.6    10.1     0.0    27.7 R    40.2     1.7    15.8
21514 201009  1.302 -155.5760   19.5354    14.5     5.2     9.8     9.4     0.3    25.7 R    39.5     0.9    14.6
21514 201010  1.302 -155.5760   19.5354    12.6     3.3     8.0     7.5     2.4    19.8 R    34.1    -0.7    10.6
21514 201011  1.302 -155.5760   19.5354    11.2     2.5     6.8     6.2     3.9    18.4 R    30.7    -1.5     8.6
21514 201012  1.302 -155.5760   19.5354     9.4     1.7     5.6     5.1    52.4    13.9 R    24.7    -1.7     6.5
21514 201101  1.302 -155.5760   19.5354     9.0     0.5     4.7     4.2    24.8    17.7 R    24.0    -3.1     5.6
21514 201102  1.302 -155.5760   19.5354     9.6     1.7     5.7     5.1    10.3    16.4 R    30.1    -1.8     7.9
21514 201103  2.404 -155.5760   19.5354    11.0     1.9     6.4     5.7    32.6    22.1 R    32.4    -1.6     9.4
21514 201104  2.404 -155.5760   19.5354    11.1     2.6     6.8     6.4    27.7    22.4 R    36.1    -0.9    10.9
21514 201105  2.404 -155.5760   19.5354    10.6     2.2     6.4     5.8    41.5    21.4 R    33.7    -0.6    10.1
21514 201106  2.404 -155.5760   19.5354    13.4     3.6     8.5     8.1    17.1    25.1 R    39.2    -0.2    13.2
21514 201107  2.404 -155.5760   19.5354    14.2     4.4     9.3     8.8     2.2    28.9 R    39.1     0.5    14.6
21514 201108  2.404 -155.5760   19.5354    14.3     4.8     9.5     9.2    40.4    25.9 R    40.2     0.6    14.3
21514 201109  2.404 -155.5760   19.5354    13.6     4.8     9.2     8.8    13.7    25.4 R    40.3     0.2    13.9
21514 201110  2.404 -155.5760   19.5354    13.2     4.2     8.7     8.3     0.3    23.6 R    37.4    -0.1    12.4
21514 201111  2.404 -155.5760   19.5354     9.3     1.8     5.6     5.0    17.1    14.9 R    27.6    -1.3     7.0
21514 201112  2.404 -155.5760   19.5354     8.7     1.1     4.9     4.4    56.0    16.9 R    24.3    -2.3     5.9
21514 201201  2.404 -155.5760   19.5354    10.5     1.7     6.1     5.5     0.0    20.5 R    30.1    -2.4     8.0
21514 201202  2.404 -155.5760   19.5354     9.1     0.9     5.0     4.5    48.6    22.2 R    26.6    -2.9     6.6
21514 201203  2.404 -155.5760   19.5354    10.0     0.9     5.4     4.8    23.7    22.7 R    32.3    -2.5     8.4
21514 201204  2.414 -155.5760   19.5354    11.2     1.6     6.4     6.1    10.5    26.0 R    41.6    -3.0    11.9
21514 201205  2.414 -155.5760   19.5354    12.4     2.9     7.6     7.1     0.2    30.2 C    36.2    -1.0    13.2
21514 201206  2.414 -155.5760   19.5354    13.6     4.0     8.8     8.3     0.0    28.8 C    37.5     0.1    14.3
21514 201207  2.414 -155.5760   19.5354    14.1     5.1     9.6     9.3    38.8    28.2 C    39.6     0.4    15.5
21514 201208  2.414 -155.5760   19.5354    14.0     4.3     9.2     8.8     1.0    27.9 C    39.0    -0.6    14.4
21514 201209  2.414 -155.5760   19.5354    13.8     4.4     9.1     8.7     0.7    24.9 C    40.4    -1.0    13.9
21514 201210  2.414 -155.5760   19.5354    14.1     5.4     9.7     9.1    18.4    22.4 C    36.0     0.9    12.8
21514 201211  2.414 -155.5760   19.5354    11.2     2.8     7.0     6.6    25.6    17.7 C    30.9    -1.6     9.1
21514 201212  2.414 -155.5760   19.5354    11.6     3.1     7.4     6.7     2.7    17.8 C    29.2    -1.6     8.4
21514 201301  2.414 -155.5760   19.5354     9.7     1.1     5.4     4.8    12.0    18.3 C    28.2    -3.4     6.9
21514 201302  2.414 -155.5760   19.5354     8.5     0.2     4.3     3.7    21.4    21.4 C    28.5    -4.6     6.3
21514 201303  2.414 -155.5760   19.5354     9.2     0.8     5.0     4.4    21.9    21.9 C    31.0    -3.5     8.3
21514 201304  2.424 -155.5760   19.5354    11.3     2.0     6.7     6.2     1.8    25.1 C    38.3    -4.2    10.9
21514 201305  2.424 -155.5760   19.5354    11.5     3.0     7.3     6.9    29.1    22.3 C    38.8    -3.1    11.7
21514 201306  2.424 -155.5760   19.5354    15.0     5.5    10.3     9.7     0.6    29.1 C    42.4    -0.1    16.1
21514 201307  2.424 -155.5760   19.5354    14.3     5.6    10.0     9.6    15.4    25.1 C    41.0    -0.4    14.9
21514 201308  2.424 -155.5760   19.5354    14.6     5.2     9.9     9.4     0.5    26.0 C    43.1    -1.6    14.9
21514 201309  2.424 -155.5760   19.5354    14.2     5.1     9.6     9.2     2.3    25.8 C    43.0    -1.8    14.0
21514 201310  2.424 -155.5760   19.5354    11.6     3.8     7.7     7.2    35.7    17.8 C    33.8    -2.1     9.5
21514 201311  2.424 -155.5760   19.5354    11.9     3.5     7.7     7.2     5.5    17.1 C    32.5    -2.0     9.1
21514 201312  2.424 -155.5760   19.5354     9.4     1.9     5.7     5.1    16.6    16.7 C    29.0    -3.9     6.4
21514 201401  2.424 -155.5760   19.5354     8.4     0.6     4.5     4.3    40.0    17.9 C    24.1    -5.1     4.8
21514 201402  2.424 -155.5760   19.5354    10.2     2.0     6.1     5.8    17.3    18.4 C    32.7    -3.4     8.5
21514 201403  2.424 -155.5760   19.5354     8.8     0.5     4.7     4.3    77.5    19.2 C    31.3    -4.9     7.2
21514 201404  2.424 -155.5760   19.5354    12.3     3.1     7.7     7.3    15.8    25.6 C    39.1    -2.5    12.3
21514 201405  2.424 -155.5760   19.5354    13.3     4.2     8.8     8.6    14.2    26.6 C    42.4    -2.2    14.8
21514 201406  2.424 -155.5760   19.5354    13.4     4.4     8.9     8.8     6.0    27.9 C    42.5    -2.2    15.1
21514 201407  2.424 -155.5760   19.5354    14.4     5.2     9.8     9.5    24.3    24.7 C    40.6    -0.7    14.6
21514 201408  2.424 -155.5760   19.5354    14.4     4.9     9.6     9.2    77.8    26.6 C    42.1    -0.8    14.4
21514 201409  2.424 -155.5760   19.5354    13.4     4.6     9.0     8.5    52.9    22.9 C    39.4    -1.1    12.5
21514 201410  2.424 -155.5760   19.5354    13.0     4.0     8.5     7.9   159.3    20.6 C    36.0    -1.4    10.6
21514 201411  2.424 -155.5760   19.5354    12.8     3.8     8.3     7.8     7.6    20.0 C    32.8    -1.8     9.6
21514 201412  2.424 -155.5760   19.5354    12.0     3.1     7.6     7.2    11.8    19.5 C    30.3    -2.9     8.2
21514 201501  2.424 -155.5760   19.5354    12.5     2.9     7.7     7.2   107.3    21.5 C    31.7    -3.9     8.3
21514 201502  2.424 -155.5760   19.5354    11.5     2.9     7.2     6.7     8.2    23.2 C    31.1    -2.0     9.2
21514 201503  2.424 -155.5760   19.5354    10.4     1.7     6.0     5.7   117.7    22.3 C    32.3    -3.5     9.1
21514 201504  2.424 -155.5760   19.5354    11.8     2.5     7.1     6.7    11.8    24.5 C    40.6    -3.5    11.9
21514 201505  2.424 -155.5760   19.5354    13.3     3.6     8.4     8.1     8.2    27.3 C    41.6    -2.8    13.9
21514 201506  2.424 -155.5760   19.5354    13.8     4.8     9.3     9.2     8.2    25.7 C    42.7    -1.5    15.2
21514 201507  2.424 -155.5760   19.5354    13.9     5.3     9.6     9.3    30.7    23.2 C    40.6    -0.5    14.1
21514 201508  2.424 -155.5760   19.5354    13.3     5.5     9.4     8.9   195.6    16.8 C    35.3     1.2    11.9
21514 201509  2.424 -155.5760   19.5354    13.1     4.7     8.9     8.5    37.7    19.9 C    37.9    -0.5    12.0
21514 201510  2.424 -155.5760   19.5354    14.2     5.0     9.6     9.2    36.3    20.5 C    39.7    -1.3    12.3
21514 201511  2.424 -155.5760   19.5354    12.8     4.2     8.5     7.9     2.6    19.5 C    33.9    -1.2    10.2
21514 201512  2.424 -155.5760   19.5354    11.8     3.1     7.4     6.8     2.3    18.9 C    30.5    -2.7     7.9
21514 201601  2.424 -155.5760   19.5354    13.8     4.0     8.9     8.6     0.0    21.3 C    35.4    -3.4    10.0
21514 201602  2.424 -155.5760   19.5354    13.8     3.6     8.7     8.4     0.0    24.1 C    39.0    -3.9    11.3
21514 201603  2.424 -155.5760   19.5354    13.1     3.4     8.2     7.9     2.6    25.3 C    39.5    -3.3    12.1
21514 201604  2.424 -155.5760   19.5354    14.0     4.8     9.4     9.0     0.0    28.4 C    43.8    -2.0    15.2
21514 201605  2.424 -155.5760   19.5354    13.2     4.1     8.7     8.3    14.7    25.4 C    42.4    -2.1    14.6
21514 201606  2.424 -155.5760   19.5354    14.0     5.3     9.7     9.2     7.5    24.7 C    43.1    -0.8    15.2
21514 201607  2.424 -155.5760   19.5354    13.4     4.6     9.0     8.7    53.3    22.6 C    37.7    -0.8    13.3
21514 201608  2.424 -155.5760   19.5354    13.6     4.6     9.1     8.6   101.2    21.7 C    39.4    -0.5    13.3
21514 201609  2.424 -155.5760   19.5354    12.9     4.2     8.6     8.3    19.4    20.1 C    38.8    -1.3    12.3
21514 201610  2.424 -155.5760   19.5354    13.5     4.1     8.8     8.2    11.6    19.4 C    37.0    -1.4    11.2
21514 201611  2.424 -155.5760   19.5354    13.0     4.1     8.6     7.9     0.0    19.0 C    33.7    -1.5    10.0
21514 201612  2.424 -155.5760   19.5354     9.1     2.2     5.6     5.2   245.7    14.0 C    22.5    -2.3     5.6
21514 201701  2.424 -155.5760   19.5354    10.9     1.7     6.3     5.9     2.0    18.7 C    31.5    -4.3     7.6
21514 201702  2.424 -155.5760   19.5354    10.1     1.4     5.8     5.2    12.1    18.2 C    30.9    -3.8     7.5
21514 201703  2.424 -155.5760   19.5354    11.7     2.3     7.0     6.5    35.1    22.7 C    36.4    -3.4    10.4
21514 201704  2.424 -155.5760   19.5354    12.9     3.5     8.2     7.8    31.5    24.1 C    39.3    -2.7    12.3
21514 201705  2.424 -155.5760   19.5354    12.4     2.9     7.6     7.3    27.5    25.6 C    41.1    -2.8    13.0
21514 201706  2.424 -155.5760   19.5354    16.0     6.3    11.2    10.8     4.1    28.8 C    44.3     0.2    17.4
21514 201707  2.424 -155.5760   19.5354    14.1     4.7     9.4     9.1     1.0    26.2 C    41.5    -1.1    14.9
