53132 200209  1.001 -110.5087   31.5907 -9999.0 -9999.0 -9999.0 -9999.0 -9999.0 -9999.0 U -9999.0 -9999.0 -9999.0
53132 200210  1.001 -110.5087   31.5907    23.1     7.4    15.3    15.3     9.2    18.6 R -9999.0 -9999.0    18.3
53132 200211  1.001 -110.5087   31.5907    19.9     2.8    11.4    11.2     5.0    15.2 R -9999.0 -9999.0    11.4
53132 200212  1.001 -110.5087   31.5907    13.1    -1.5     5.8     5.2    20.2    12.1 R -9999.0 -9999.0     5.0
53132 200301  1.001 -110.5087   31.5907    18.8     0.3     9.6     9.1     0.5    14.8 R -9999.0 -9999.0     8.7
53132 200302  1.001 -110.5087   31.5907    14.9     1.5     8.2     8.2    58.7    14.8 R -9999.0 -9999.0     8.9
53132 200303  1.001 -110.5087   31.5907    18.3     2.1    10.2    10.3     5.5    21.7 R -9999.0 -9999.0    13.6
53132 200304  1.001 -110.5087   31.5907    22.4     4.8    13.6    14.3     0.0    27.7 R -9999.0 -9999.0    18.9
53132 200305  1.001 -110.5087   31.5907    29.2    10.0    19.6    20.6     0.0    28.4 R -9999.0 -9999.0    26.3
53132 200306  1.001 -110.5087   31.5907    32.7    15.4    24.1    24.9     0.0    28.5 R -9999.0 -9999.0    31.3
53132 200307  1.001 -110.5087   31.5907    33.3    18.5    25.9    25.5   116.0    23.8 R -9999.0 -9999.0    30.0
53132 200308  1.001 -110.5087   31.5907    30.4    17.3    23.9    23.3    49.2    20.8 R -9999.0 -9999.0    27.2
53132 200309  1.001 -110.5087   31.5907    30.0    14.5    22.2    22.2    27.5    21.4 R -9999.0 -9999.0    26.3
53132 200310  1.001 -110.5087   31.5907    26.1    10.8    18.4    18.2    37.1    18.1 R -9999.0 -9999.0    20.0
53132 200311  1.001 -110.5087   31.5907    18.9     2.8    10.9    10.7    20.7    14.3 R -9999.0 -9999.0    11.1
53132 200312  1.200 -110.5087   31.5907    16.2    -1.8     7.2     7.0    23.6    12.9 R -9999.0 -9999.0     6.2
53132 200401  1.200 -110.5087   31.5907    13.6     0.5     7.0     6.6    30.8    11.6 R -9999.0 -9999.0     6.5
53132 200402  1.200 -110.5087   31.5907    13.8    -2.2     5.8     5.6    26.2    16.6 R -9999.0 -9999.0     7.4
53132 200403  1.200 -110.5087   31.5907    21.5     5.5    13.5    13.6    19.5    19.6 R -9999.0 -9999.0    16.2
53132 200404  1.200 -110.5087   31.5907    21.2     5.8    13.5    13.9    60.3    24.5 R -9999.0 -9999.0    18.2
53132 200405  1.200 -110.5087   31.5907    28.6    10.5    19.6    20.5    17.0    28.1 R -9999.0 -9999.0    26.6
53132 200406  1.200 -110.5087   31.5907    32.2    14.2    23.2    24.1    18.0    28.8 R -9999.0 -9999.0    30.9
53132 200407  1.200 -110.5087   31.5907    31.7    16.9    24.3    24.2    62.9    22.6 R -9999.0 -9999.0    29.7
53132 200408  1.200 -110.5087   31.5907    30.2    15.9    23.0    22.5    62.0    21.3 R -9999.0 -9999.0    27.1
53132 200409  1.200 -110.5087   31.5907    28.7    13.2    20.9    21.1    32.7    21.1 R -9999.0 -9999.0    25.8
53132 200410  1.200 -110.5087   31.5907    24.0     7.8    15.9    16.0    23.1    18.8 R -9999.0 -9999.0    19.0
53132 200411  1.200 -110.5087   31.5907    15.9     0.1     8.0     8.1    20.3    14.2 R -9999.0 -9999.0     8.7
53132 200412  1.200 -110.5087   31.5907    14.7    -0.8     6.9     6.5    39.7    12.5 R -9999.0 -9999.0     5.7
53132 200501  1.200 -110.5087   31.5907    14.8     1.2     8.0     7.6    60.0    12.5 R -9999.0 -9999.0     7.1
53132 200502  1.201 -110.5087   31.5907    14.0     3.1     8.5     8.2    32.7    13.5 R -9999.0 -9999.0     9.1
53132 200503  1.201 -110.5087   31.5907    17.8     2.5    10.2    10.3     3.6    20.9 R -9999.0 -9999.0    14.0
53132 200504  1.201 -110.5087   31.5907    23.4     5.2    14.3    15.0     5.9    25.6 R -9999.0 -9999.0    20.5
53132 200505  1.201 -110.5087   31.5907    28.7    10.5    19.6    20.1    16.7    26.0 R -9999.0 -9999.0    26.5
53132 200506  1.201 -110.5087   31.5907    32.7    14.5    23.6    24.6     2.9    27.3 R -9999.0 -9999.0    30.9
53132 200507  1.201 -110.5087   31.5907    34.2    18.8    26.5    26.4    75.3    23.6 R -9999.0 -9999.0    31.9
53132 200508  1.201 -110.5087   31.5907    28.7    16.8    22.7    22.2   110.2    21.0 R -9999.0 -9999.0    26.7
53132 200509  1.201 -110.5087   31.5907    29.9    14.5    22.2    22.0    72.2    19.6 R -9999.0 -9999.0    25.1
53132 200510  1.201 -110.5087   31.5907    25.2     7.9    16.6    16.3    21.7    17.5 R -9999.0 -9999.0    18.4
53132 200511  1.201 -110.5087   31.5907    21.5     2.0    11.8    11.6     3.1    14.9 R -9999.0 -9999.0    11.2
53132 200512  1.201 -110.5087   31.5907    17.8    -0.8     8.5     8.0     1.7    12.4 R -9999.0 -9999.0     6.9
53132 200601  1.201 -110.5087   31.5907    17.1    -2.4     7.3     7.5     1.1    14.2 R -9999.0 -9999.0     6.7
53132 200602  1.201 -110.5087   31.5907    19.1     0.3     9.7     9.5     3.5    16.7 R -9999.0 -9999.0    10.3
53132 200603  1.301 -110.5087   31.5907    18.2     2.0    10.1    10.4    22.4    19.8 R -9999.0 -9999.0    12.9
53132 200604  1.301 -110.5087   31.5907    24.8     5.2    15.0    15.8     0.0    26.4 R    54.6     3.2    22.2
53132 200605  1.301 -110.5087   31.5907    30.0    10.4    20.2    21.2     0.0    29.2 R    62.6     7.8    28.8
53132 200606  1.301 -110.5087   31.5907    33.3    16.4    24.9    25.4    48.1    26.9 R    62.2    14.6    31.5
53132 200607  1.301 -110.5087   31.5907    31.9    18.3    25.1    24.9   191.7    22.6 R    55.9    17.4    29.7
53132 200608  1.301 -110.5087   31.5907    27.6    16.4    22.0    21.4   113.4    19.0 R    39.7    16.4    23.5
53132 200609  1.301 -110.5087   31.5907    26.2    12.0    19.1    18.6    63.5    19.1 R    32.7    11.6    19.3
53132 200610  1.301 -110.5087   31.5907    24.4     6.3    15.4    15.1     3.9    17.4 R    32.3     5.3    15.7
53132 200611  1.301 -110.5087   31.5907    21.9     2.0    11.9    11.6     0.0    16.1 R    27.7     0.4    11.0
53132 200612  1.301 -110.5087   31.5907    14.8    -3.2     5.8     5.2    11.7    12.9 R    21.1    -4.5     4.6
53132 200701  1.301 -110.5087   31.5907    11.7    -3.2     4.3     4.0    31.6    13.2 R    17.7    -3.7     3.8
53132 200702  1.301 -110.5087   31.5907    16.7    -1.3     7.7     7.7     1.5    17.8 R    29.7    -2.7     8.4
53132 200703  1.302 -110.5087   31.5907    21.2     2.1    11.7    11.8    19.9    21.8 R    42.5     0.3    15.3
53132 200704  1.302 -110.5087   31.5907    23.2     5.2    14.2    14.8     6.9    26.5 R    48.7     3.5    20.2
53132 200705  1.302 -110.5087   31.5907    28.5     9.4    18.9    20.0     0.6    28.4 R    58.7     7.6    26.9
53132 200706  1.302 -110.5087   31.5907    33.2    14.4    23.8    24.8     4.0    28.5 R    64.4    12.5    32.2
53132 200707  1.302 -110.5087   31.5907    31.2    17.5    24.4    23.7   214.2    20.8 R    54.4    17.2    28.5
53132 200708  1.302 -110.5087   31.5907    29.4    16.9    23.1    22.5    70.7    20.2 R    37.5    17.2    23.9
53132 200709  1.302 -110.5087   31.5907    29.0    13.5    21.3    20.8    51.0    21.0 R    42.6    13.9    23.5
53132 200710  1.302 -110.5087   31.5907    25.9     7.2    16.5    16.4     3.1    19.4 R    37.7     6.9    18.1
53132 200711  1.302 -110.5087   31.5907    22.0     4.4    13.2    12.6    36.2    13.8 R    30.7     3.6    13.2
53132 200712  1.302 -110.5087   31.5907    14.1    -2.4     5.8     5.3    33.5    12.7 R    19.1    -2.1     5.3
53132 200801  1.302 -110.5087   31.5907    13.9    -1.5     6.2     5.8    13.8    13.2 R    22.0    -2.5     6.1
53132 200802  1.302 -110.5087   31.5907    17.7    -0.8     8.4     8.2    16.2    17.7 R    27.6    -1.4     9.0
53132 200803  1.302 -110.5087   31.5907    20.1     0.1    10.1    10.5     1.6    23.2 R    40.0    -1.9    13.6
53132 200804  1.302 -110.5087   31.5907    24.1     3.5    13.8    14.8     0.0    27.8 R    48.8     0.0    18.8
53132 200805  1.302 -110.5087   31.5907    26.4     7.6    17.0    17.9     9.8    29.2 R    53.7     5.0    23.5
53132 200806  1.302 -110.5087   31.5907    33.4    14.3    23.9    24.7    44.9    28.1 R    62.8    11.7    30.5
53132 200807  1.302 -110.5087   31.5907    28.6    17.0    22.8    22.2   146.2    21.1 R    39.7    16.8    24.1
53132 200808  1.302 -110.5087   31.5907    29.0    15.9    22.4    21.8    91.9    21.4 R    38.4    16.1    23.3
53132 200809  1.302 -110.5087   31.5907    28.7    12.0    20.3    19.9    19.8    21.9 R    40.8    12.2    22.2
53132 200810  1.302 -110.5087   31.5907    26.3     5.9    16.1    15.8    10.7    19.5 R    37.7     5.8    17.7
53132 200811  1.302 -110.5087   31.5907    20.4     1.8    11.1    10.7    21.2    15.5 R    28.6     1.2    11.5
53132 200812  1.302 -110.5087   31.5907    15.5    -0.5     7.5     7.1     9.7    12.5 R    19.8    -1.3     6.6
53132 200901  1.302 -110.5087   31.5907    16.8    -1.5     7.7     7.3     5.4    14.4 R    23.3    -2.6     7.0
53132 200902  1.302 -110.5087   31.5907    19.0    -1.1     8.9     8.9     8.0    18.1 R    32.7    -2.5    10.3
53132 200903  1.302 -110.5087   31.5907    21.4     1.8    11.6    11.7     6.2    21.3 R    42.4     0.3    15.6
53132 200904  1.302 -110.5087   31.5907    23.2     3.6    13.4    14.3     2.6    27.0 R    49.8     2.4    20.4
53132 200905  1.302 -110.5087   31.5907    29.5    10.7    20.1    20.9     9.5    26.1 R    57.7     9.9    27.3
53132 200906  1.302 -110.5087   31.5907    30.6    13.0    21.8    22.4    22.7    25.2 R    57.9    12.4    28.6
53132 200907  1.302 -110.5087   31.5907    32.5    17.7    25.1    24.6    77.6    16.7 R    54.7    17.4    28.7
53132 200908  1.302 -110.5087   31.5907    32.0    16.2    24.1    23.9    79.7    16.8 R    51.9    16.4    28.1
53132 200909  1.302 -110.5087   31.5907    29.4    12.9    21.1    20.8    46.8    15.4 R    44.5    12.8    23.7
53132 200910  1.302 -110.5087   31.5907    23.7     6.4    15.0    15.0    17.4    13.7 R    37.6     6.3    17.5
53132 200911  1.302 -110.5087   31.5907    20.8     1.9    11.4    11.1     3.5    11.0 R    31.8     0.9    12.0
53132 200912  1.302 -110.5087   31.5907    13.7    -2.4     5.7     5.4    15.1     9.2 R    21.5    -3.1     5.7
53132 201001  1.302 -110.5087   31.5907    14.3    -2.0     6.1     5.6   107.2     9.6 R    22.5    -2.8     5.8
53132 201002  2.402 -110.5087   31.5907    14.1    -1.3     6.4     6.1    47.3    13.1 R    23.4    -1.4     7.2
53132 201003  2.402 -110.5087   31.5907    18.2     0.1     9.2     9.3    14.8    19.6 R    33.7    -0.6    11.7
53132 201004  2.402 -110.5087   31.5907    21.7     3.3    12.5    13.1    15.3    21.6 R    39.4     2.6    16.6
53132 201005  2.402 -110.5087   31.5907    27.0     6.4    16.7    17.8     0.0    26.2 R    50.7     5.5    23.5
53132 201006  2.402 -110.5087   31.5907    33.1    13.6    23.4    24.2     5.6    25.7 R    60.7    13.1    31.2
53132 201007  2.402 -110.5087   31.5907    31.4    18.0    24.7    23.9   157.2    17.9 R    52.5    18.1    28.2
53132 201008  2.402 -110.5087   31.5907    29.3    16.4    22.8    22.3   129.4    19.4 R    33.6    16.6    22.9
53132 201009  2.402 -110.5087   31.5907    30.2    12.8    21.5    21.2    18.7    18.6 R    41.0    13.4    23.6
53132 201010  2.402 -110.5087   31.5907    25.8     6.8    16.3    15.9     5.1    15.4 R    37.3     7.3    18.1
53132 201011  2.402 -110.5087   31.5907    18.7    -1.5     8.6     8.8     1.1    13.7 R    27.8    -1.6     9.8
53132 201012  2.402 -110.5087   31.5907    18.6    -0.5     9.1     8.4    17.7    10.8 R    24.4    -1.3     8.2
53132 201101  2.402 -110.5087   31.5907    16.2    -3.7     6.2     5.4     2.2    12.8 R    23.1    -4.4     5.5
53132 201102  2.402 -110.5087   31.5907    15.8    -4.1     5.9     5.9     6.0    15.9 R    28.6    -4.9     7.4
53132 201103  2.402 -110.5087   31.5907    23.3     1.5    12.4    12.6     0.9    22.8 R    46.7    -0.2    17.0
53132 201104  2.402 -110.5087   31.5907    25.6     5.6    15.6    16.1     3.2    26.3 R    53.2     3.8    22.1
53132 201105  2.402 -110.5087   31.5907    27.4     6.7    17.1    18.0     0.0    29.3 R    57.3     5.4    25.5
53132 201106  2.402 -110.5087   31.5907    35.0    13.5    24.3    25.3     9.6    29.1 R    64.3    11.9    32.3
53132 201107  2.402 -110.5087   31.5907    32.1    17.0    24.6    23.9    95.2    20.7 R    52.1    17.3    27.9
53132 201108  2.402 -110.5087   31.5907    31.8    17.6    24.7    23.8    66.1    19.1 R    46.7    18.0    26.5
53132 201109  2.402 -110.5087   31.5907    30.4    12.9    21.6    21.1    46.6    18.4 R    45.6    13.3    23.8
53132 201110  2.402 -110.5087   31.5907    26.9     6.4    16.6    16.3     4.2    17.7 R    41.7     6.1    18.8
53132 201111  2.402 -110.5087   31.5907    18.3     1.3     9.8     9.7    15.9    13.3 R    26.6     0.6    10.2
53132 201112  2.402 -110.5087   31.5907    12.8    -3.0     4.9     4.5    55.5    10.8 R    19.0    -3.4     4.4
53132 201201  2.402 -110.5087   31.5907    17.8    -1.6     8.1     7.7     3.7    13.4 R    26.0    -2.8     7.5
53132 201202  2.412 -110.5087   31.5907    17.6    -2.2     7.7     7.7     4.6    18.1 R    32.3    -3.9     9.1
53132 201203  2.412 -110.5087   31.5907    20.8    -0.1    10.3    10.7    11.2    22.4 C    37.8    -2.6    13.2
53132 201204  2.412 -110.5087   31.5907    25.6     4.5    15.0    15.8     0.6    26.1 C    47.7     2.3    20.4
53132 201205  2.412 -110.5087   31.5907    30.0     9.0    19.5    20.4    12.2    29.5 C    51.7     6.5    25.1
53132 201206  2.412 -110.5087   31.5907    34.4    14.2    24.3    25.1     4.1    27.2 C    58.4    11.9    30.3
53132 201207  2.412 -110.5087   31.5907    29.4    16.7    23.0    22.2   270.5    19.5 C    41.4    16.5    24.4
53132 201208  2.412 -110.5087   31.5907    30.8    16.2    23.5    23.1    46.3    22.8 C    39.9    16.4    25.1
53132 201209  2.412 -110.5087   31.5907    28.6    13.1    20.9    20.0    27.7    18.4 C    40.5    13.4    22.8
53132 201210  2.412 -110.5087   31.5907    27.2     6.9    17.1    16.8     0.0    19.4 C    39.6     6.5    19.3
53132 201211  2.412 -110.5087   31.5907    22.2     2.6    12.4    11.9     5.0    14.0 C    30.7     1.7    12.5
53132 201212  2.412 -110.5087   31.5907    15.6    -1.9     6.8     6.4    45.3    12.4 C    20.8    -2.2     6.4
53132 201301  2.412 -110.5087   31.5907    13.0    -4.4     4.3     3.8    24.6    13.3 C    19.2    -4.8     3.9
53132 201302  2.422 -110.5087   31.5907    14.4    -4.6     4.9     4.5    11.8    16.7 C    23.8    -5.4     5.5
53132 201303  2.422 -110.5087   31.5907    22.5     2.1    12.3    12.5     6.2    21.5 C    39.2     0.4    15.2
53132 201304  2.422 -110.5087   31.5907    24.3     4.3    14.3    15.0     1.2    26.6 C    46.0     2.7    20.2
53132 201305  2.422 -110.5087   31.5907    28.4     8.8    18.6    19.6     0.0    28.7 C    52.7     7.5    25.9
53132 201306  2.422 -110.5087   31.5907    35.3    14.6    24.9    25.8    15.7    28.5 C    58.5    13.0    31.6
53132 201307  2.422 -110.5087   31.5907    30.4    17.4    23.9    23.2   107.3    19.9 C    45.1    17.7    26.5
53132 201308  2.422 -110.5087   31.5907    30.5    15.8    23.1    22.6    71.6    19.6 C    44.3    16.3    25.4
53132 201309  2.422 -110.5087   31.5907    28.7    12.4    20.5    20.2    68.3    20.1 C    37.6    12.9    22.1
53132 201310  2.422 -110.5087   31.5907    25.1     4.3    14.7    14.8     0.0    19.1 C    36.7     4.1    17.0
53132 201311  2.422 -110.5087   31.5907    20.2     2.8    11.5    11.1    34.0    13.9 C    26.9     2.5    11.7
53132 201312  2.422 -110.5087   31.5907    14.9    -2.3     6.3     5.9    17.6    12.6 C    17.8    -2.6     5.1
53132 201401  2.422 -110.5087   31.5907    18.8    -1.6     8.6     8.0     0.2    13.7 C    24.2    -3.0     7.1
53132 201402  2.422 -110.5087   31.5907    20.4     0.6    10.5    10.3     2.6    16.7 C    31.1    -0.5    11.4
53132 201403  2.422 -110.5087   31.5907    21.3     2.7    12.0    12.0    49.3    21.7 C    36.1     1.5    14.6
53132 201404  2.422 -110.5087   31.5907    23.9     3.7    13.8    14.6     2.8    25.8 C    44.2     2.7    19.2
53132 201405  2.422 -110.5087   31.5907    28.1     7.7    17.9    19.1     0.0    28.7 C    51.1     6.9    25.2
53132 201406  2.422 -110.5087   31.5907    34.5    15.3    24.9    25.9     0.0    29.9 C    58.1    14.2    32.5
53132 201407  2.422 -110.5087   31.5907    31.4    16.8    24.1    23.4    74.9    20.4 C    48.8    17.0    27.6
53132 201408  2.422 -110.5087   31.5907    29.2    15.4    22.3    21.6   136.4    21.2 C    45.2    16.3    25.8
53132 201409  2.422 -110.5087   31.5907    27.4    14.2    20.8    20.2   179.1    17.8 C    36.8    15.0    22.6
53132 201410  2.422 -110.5087   31.5907    26.6     7.4    17.0    16.3    24.7    18.2 C    34.2     7.9    17.9
53132 201411  2.422 -110.5087   31.5907    20.0     1.1    10.6    10.4     0.0    14.8 C    26.8     0.7    10.8
53132 201412  2.422 -110.5087   31.5907    16.0    -1.5     7.3     6.9    19.2    11.2 C    19.6    -1.6     6.5
53132 201501  2.422 -110.5087   31.5907    15.7    -1.3     7.2     6.5    58.7    12.0 C    19.4    -1.7     6.2
53132 201502  2.422 -110.5087   31.5907    20.6     2.0    11.3    10.7     0.5    16.9 C    28.4     1.5    11.4
53132 201503  2.422 -110.5087   31.5907    21.4     3.4    12.4    12.3    29.7    18.8 C    34.4     3.0    14.5
53132 201504  2.422 -110.5087   31.5907    23.4     4.0    13.7    14.2    16.6    25.7 C    39.8     3.6    18.2
53132 201505  2.422 -110.5087   31.5907    25.7     6.6    16.1    16.8     9.6    27.1 C    45.7     6.5    22.3
53132 201506  2.422 -110.5087   31.5907    34.1    15.0    24.5    24.8    19.1    26.0 C    56.0    15.1    30.9
53132 201507  2.422 -110.5087   31.5907    30.7    16.8    23.7    22.7    56.0    19.2 C    48.5    17.1    26.7
53132 201508  2.422 -110.5087   31.5907    32.6    16.9    24.7    23.8    67.9    20.7 C    49.4    17.4    27.7
53132 201509  2.422 -110.5087   31.5907    29.0    14.1    21.6    20.9    72.9    18.4 C    40.4    14.6    23.4
53132 201510  2.422 -110.5087   31.5907    25.0     9.2    17.1    16.6    33.5    16.2 C    34.8     9.6    18.4
53132 201511  2.422 -110.5087   31.5907    19.8     0.6    10.2     9.6    25.0    14.9 C    24.8     0.2     9.4
53132 201512  2.422 -110.5087   31.5907    15.3    -2.9     6.2     5.4    15.6    12.4 C    18.8    -3.2     4.5
53132 201601  2.422 -110.5087   31.5907    15.4    -3.5     5.9     5.3    41.7    13.8 C    21.2    -4.2     4.7
53132 201602  2.422 -110.5087   31.5907    21.2    -1.3    10.0     9.6    15.5    18.4 C    32.4    -2.8     9.9
53132 201603  2.422 -110.5087   31.5907    22.3     1.7    12.0    12.1     2.6    22.3 C    39.5     0.1    15.1
53132 201604  2.422 -110.5087   31.5907    23.7     3.6    13.6    14.1     8.5    25.0 C    44.8     2.6    19.0
53132 201605  2.422 -110.5087   31.5907    27.3     7.1    17.2    18.2     0.9    28.4 C    52.0     6.3    25.0
53132 201606  2.422 -110.5087   31.5907    33.5    15.0    24.3    24.6    51.3    23.8 C    55.0    14.1    29.6
53132 201607  2.422 -110.5087   31.5907    33.3    17.5    25.4    24.8    84.7    22.9 C    53.4    17.7    29.9
53132 201608  2.422 -110.5087   31.5907    28.7    14.5    21.6    21.2   134.8    19.7 C    38.2    14.9    23.1
53132 201609  2.422 -110.5087   31.5907    27.8    11.9    19.9    19.5    62.4    18.8 C    36.2    12.4    21.3
53132 201610  2.422 -110.5087   31.5907    28.4     7.9    18.1    17.9     4.6    17.7 C    35.4     7.9    18.7
53132 201611  2.422 -110.5087   31.5907    20.8     1.1    10.9    10.7     3.2    14.3 C    26.2     1.1    11.1
53132 201612  2.422 -110.5087   31.5907    16.8     0.1     8.4     8.3    46.1    10.9 C    19.2    -0.2     7.8
53132 201701  2.422 -110.5087   31.5907    14.8    -1.6     6.6     6.4    29.9    12.1 C    16.8    -1.7     5.7
53132 201702  2.422 -110.5087   31.5907    19.1     0.3     9.7     9.5     5.7    16.0 C    24.5    -0.5     9.6
53132 201703  2.422 -110.5087   31.5907    24.2     2.9    13.5    13.8     2.6    21.6 C    35.1     2.0    15.5
53132 201704  2.422 -110.5087   31.5907    26.0     4.3    15.1    15.7     3.0    26.2 C    45.5     2.7    20.0
53132 201705  2.422 -110.5087   31.5907    28.3     7.3    17.8    18.7     3.0    28.4 C    51.4     6.3    24.8
53132 201706  2.422 -110.5087   31.5907    35.5    14.2    24.8    25.6    10.6    27.0 C    58.4    13.1    31.0
53132 201707  2.422 -110.5087   31.5907    30.9    17.2    24.1    23.2   157.4    19.9 C    46.0    17.5    26.7
