53174 201109  6.101 -110.7508   39.6080 -9999.0 -9999.0 -9999.0 -9999.0 -9999.0 -9999.0 U -9999.0 -9999.0 -9999.0
53174 201110  6.101 -110.7508   39.6080    16.5     3.8    10.1     9.9    38.7 -9999.0 U -9999.0 -9999.0 -9999.0
53174 201111  6.101 -110.7508   39.6080     7.4    -4.3     1.6     1.5     3.2 -9999.0 U -9999.0 -9999.0 -9999.0
53174 201112  6.101 -110.7508   39.6080     2.3    -8.6    -3.1    -3.4     7.3 -9999.0 U -9999.0 -9999.0 -9999.0
53174 201201  6.101 -110.7508   39.6080     3.6    -8.3    -2.3    -2.3    13.6 -9999.0 U -9999.0 -9999.0 -9999.0
53174 201202  6.101 -110.7508   39.6080     4.6    -5.3    -0.4    -0.4    15.7 -9999.0 U -9999.0 -9999.0 -9999.0
53174 201203  6.101 -110.7508   39.6080    14.0    -0.5     6.7     6.8     3.4 -9999.0 U -9999.0 -9999.0 -9999.0
53174 201204  6.101 -110.7508   39.6080    18.2     2.2    10.2    10.5     5.5 -9999.0 U -9999.0 -9999.0 -9999.0
53174 201205  6.101 -110.7508   39.6080    23.8     7.6    15.7    16.3     0.0 -9999.0 U -9999.0 -9999.0 -9999.0
53174 201206  6.101 -110.7508   39.6080    31.4    12.8    22.1    23.0     0.0 -9999.0 U -9999.0 -9999.0 -9999.0
53174 201207  6.101 -110.7508   39.6080    30.7    16.0    23.4    23.3    31.8 -9999.0 U -9999.0 -9999.0 -9999.0
53174 201208  6.101 -110.7508   39.6080    31.0    16.1    23.5    23.6     2.9 -9999.0 U -9999.0 -9999.0 -9999.0
53174 201209  6.101 -110.7508   39.6080    26.1    10.6    18.3    18.4    21.9 -9999.0 U -9999.0 -9999.0 -9999.0
53174 201210  6.101 -110.7508   39.6080    17.8     3.4    10.6    10.6     6.9 -9999.0 U -9999.0 -9999.0 -9999.0
53174 201211  6.101 -110.7508   39.6080    11.0    -1.9     4.5     4.5     1.2 -9999.0 U -9999.0 -9999.0 -9999.0
53174 201212  6.101 -110.7508   39.6080     0.4    -8.7    -4.2    -3.9    39.5 -9999.0 U -9999.0 -9999.0 -9999.0
53174 201301  6.101 -110.7508   39.6080    -3.7   -12.9    -8.3    -7.9    14.3 -9999.0 U -9999.0 -9999.0 -9999.0
53174 201302  6.101 -110.7508   39.6080     2.2    -7.4    -2.6    -2.5     1.2 -9999.0 U -9999.0 -9999.0 -9999.0
53174 201303  6.101 -110.7508   39.6080    11.6    -1.4     5.1     5.3    20.5 -9999.0 U -9999.0 -9999.0 -9999.0
53174 201304  6.101 -110.7508   39.6080    14.6     1.0     7.8     7.8    26.5 -9999.0 U -9999.0 -9999.0 -9999.0
53174 201305  6.101 -110.7508   39.6080    21.6     7.0    14.3    14.6    17.0 -9999.0 U -9999.0 -9999.0 -9999.0
53174 201306  6.101 -110.7508   39.6080    31.0    13.2    22.1    22.9     1.4 -9999.0 U -9999.0 -9999.0 -9999.0
53174 201307  6.101 -110.7508   39.6080    32.2    16.8    24.5    24.5    18.2 -9999.0 U -9999.0 -9999.0 -9999.0
53174 201308  6.101 -110.7508   39.6080    29.0    14.7    21.9    21.8    15.1 -9999.0 U -9999.0 -9999.0 -9999.0
53174 201309  6.101 -110.7508   39.6080    23.0    11.0    17.0    16.5    61.9 -9999.0 U -9999.0 -9999.0 -9999.0
53174 201310  6.101 -110.7508   39.6080    15.0     1.6     8.3     8.3    13.3 -9999.0 U -9999.0 -9999.0 -9999.0
53174 201311  6.101 -110.7508   39.6080     7.6    -2.6     2.5     2.2     7.8 -9999.0 U -9999.0 -9999.0 -9999.0
53174 201312  6.101 -110.7508   39.6080    -0.9   -10.4    -5.6    -5.6     6.7 -9999.0 U -9999.0 -9999.0 -9999.0
53174 201401  6.101 -110.7508   39.6080     5.3    -6.3    -0.5    -0.7     1.5 -9999.0 U -9999.0 -9999.0 -9999.0
53174 201402  6.101 -110.7508   39.6080     8.2    -4.5     1.9     1.6    16.9 -9999.0 U -9999.0 -9999.0 -9999.0
53174 201403  6.101 -110.7508   39.6080    12.0    -1.7     5.1     5.1     5.7 -9999.0 U -9999.0 -9999.0 -9999.0
53174 201404  6.101 -110.7508   39.6080    15.6     1.9     8.7     8.8    15.3 -9999.0 U -9999.0 -9999.0 -9999.0
53174 201405  6.101 -110.7508   39.6080    22.3     7.3    14.8    15.0    16.9 -9999.0 U -9999.0 -9999.0 -9999.0
53174 201406  6.101 -110.7508   39.6080 -9999.0 -9999.0 -9999.0 -9999.0 -9999.0 -9999.0 U -9999.0 -9999.0 -9999.0
