53974 200310  1.201  -96.6098   39.1027    21.8     6.3    14.1    14.1    28.8    13.5 R -9999.0 -9999.0    14.6
53974 200311  1.201  -96.6098   39.1027    11.1     0.1     5.6     5.6    22.4     7.8 R -9999.0 -9999.0     5.6
53974 200312  1.201  -96.6098   39.1027     6.5    -2.9     1.8     1.8    24.6     7.0 R -9999.0 -9999.0     0.9
53974 200401  1.201  -96.6098   39.1027     3.6    -8.3    -2.4    -2.5    20.7     8.3 R -9999.0 -9999.0    -2.3
53974 200402  1.201  -96.6098   39.1027     4.1    -7.4    -1.7    -1.1    46.8    11.8 R -9999.0 -9999.0    -2.3
53974 200403  1.201  -96.6098   39.1027    15.1     2.9     9.0     9.0   105.7    14.5 R -9999.0 -9999.0     9.4
53974 200404  1.201  -96.6098   39.1027    19.9     6.7    13.3    13.6    69.2    18.2 R -9999.0 -9999.0    14.8
53974 200405  1.201  -96.6098   39.1027    25.8    13.4    19.6    19.6    59.1    22.9 R -9999.0 -9999.0    20.3
53974 200406  1.201  -96.6098   39.1027    27.0    15.4    21.2    21.2   201.8    22.9 R -9999.0 -9999.0    22.5
53974 200407  1.201  -96.6098   39.1027    29.1    18.2    23.6    23.7   153.2    22.0 R -9999.0 -9999.0    24.9
53974 200408  1.201  -96.6098   39.1027    28.7    16.1    22.4    22.4   171.2    21.7 R -9999.0 -9999.0    24.7
53974 200409  1.201  -96.6098   39.1027    29.1    15.1    22.1    21.8    31.8    19.5 R -9999.0 -9999.0    23.2
53974 200410  1.201  -96.6098   39.1027    21.4     8.5    14.9    15.0    24.9    11.0 R -9999.0 -9999.0    15.6
53974 200411  1.201  -96.6098   39.1027    12.4     2.2     7.3     7.5    49.2     7.0 R -9999.0 -9999.0     7.5
53974 200412  1.201  -96.6098   39.1027     8.4    -5.0     1.7     1.7     8.9     8.0 R -9999.0 -9999.0     1.0
53974 200501  1.201  -96.6098   39.1027     2.0    -6.8    -2.4    -2.4    29.0     6.2 R -9999.0 -9999.0    -2.3
53974 200502  1.201  -96.6098   39.1027     9.2    -2.8     3.2     3.4    64.9     9.4 R -9999.0 -9999.0     3.1
53974 200503  1.201  -96.6098   39.1027    13.9    -0.1     6.9     7.1    22.8    14.2 R -9999.0 -9999.0     7.8
53974 200504  1.201  -96.6098   39.1027    20.3     7.1    13.7    13.9    50.9    18.2 R -9999.0 -9999.0    14.6
53974 200505  1.201  -96.6098   39.1027    25.0    10.6    17.8    18.1    47.4    22.8 R -9999.0 -9999.0    19.7
53974 200506  1.201  -96.6098   39.1027    29.6    18.5    24.1    24.0   261.8    23.8 R -9999.0 -9999.0    25.3
53974 200507  1.201  -96.6098   39.1027    32.6    19.5    26.1    26.1    66.9    25.3 R -9999.0 -9999.0    28.2
53974 200508  1.201  -96.6098   39.1027    31.3    19.5    25.4    25.2   132.9    19.6 R -9999.0 -9999.0    28.4
53974 200509  1.201  -96.6098   39.1027    28.5    15.9    22.2    22.2    40.7    17.4 R -9999.0 -9999.0    23.6
53974 200510  1.201  -96.6098   39.1027    20.5     7.5    14.0    13.8    71.0    12.8 R -9999.0 -9999.0    14.0
53974 200511  1.201  -96.6098   39.1027    15.0     0.8     7.9     8.0    22.6     9.0 R -9999.0 -9999.0     7.4
53974 200512  1.201  -96.6098   39.1027     4.1    -7.1    -1.5    -1.3    23.4     7.2 R -9999.0 -9999.0    -2.2
53974 200601  1.201  -96.6098   39.1027    12.7    -2.1     5.3     5.1    11.6     8.8 R -9999.0 -9999.0     4.0
53974 200602  1.201  -96.6098   39.1027     8.3    -6.7     0.8     0.9     0.2    12.4 R -9999.0 -9999.0     1.5
53974 200603  1.201  -96.6098   39.1027    13.8     1.3     7.5     7.4    78.9    13.5 R -9999.0 -9999.0     8.0
53974 200604  1.201  -96.6098   39.1027    23.1     8.4    15.7    16.1    80.0    20.1 R -9999.0 -9999.0    16.7
53974 200605  1.201  -96.6098   39.1027    24.9    11.5    18.2    18.6    44.7    21.3 R -9999.0 -9999.0    19.0
53974 200606  1.301  -96.6098   39.1027    31.3    16.4    23.8    24.1    31.7    25.0 R -9999.0 -9999.0    26.4
53974 200607  1.301  -96.6098   39.1027    34.7    21.2    27.9    27.9    76.6    24.5 R    54.6    20.0    31.7
53974 200608  1.301  -96.6098   39.1027    32.7    20.0    26.3    26.0   232.8    20.1 R    46.3    19.5    28.3
53974 200609  1.301  -96.6098   39.1027    24.3    11.3    17.8    17.7    43.4    16.8 R    28.5    10.2    17.4
53974 200610  1.301  -96.6098   39.1027    19.2     6.0    12.6    12.4    53.1    11.2 R    27.7     4.3    12.9
53974 200611  1.301  -96.6098   39.1027    14.3     0.3     7.3     7.4     2.5     8.9 R    21.8    -1.4     7.4
53974 200612  1.301  -96.6098   39.1027     9.7    -2.3     3.7     3.7    36.0     7.0 R    16.7    -4.9     3.1
53974 200701  1.301  -96.6098   39.1027     3.3    -6.8    -1.8    -1.7    20.4     8.5 R     7.2    -8.6    -2.2
53974 200702  1.301  -96.6098   39.1027     5.1    -7.3    -1.1    -1.1    25.9    11.0 R    13.0    -9.1    -0.8
53974 200703  1.301  -96.6098   39.1027    18.1     5.5    11.8    11.5   126.7    13.7 R    28.2     3.6    12.0
53974 200704  1.301  -96.6098   39.1027    17.7     5.1    11.4    11.6    74.6    18.1 R    28.9     4.1    13.2
53974 200705  1.301  -96.6098   39.1027    24.6    13.9    19.2    19.3   251.4    18.7 R    32.5    13.3    20.3
53974 200706  1.301  -96.6098   39.1027    27.4    17.0    22.2    22.4    76.6    22.2 R    39.2    16.6    24.7
53974 200707  1.301  -96.6098   39.1027    31.3    19.8    25.5    25.3    89.7    20.9 R    37.0    18.8    25.8
53974 200708  1.302  -96.6098   39.1027    34.3    22.2    28.3    28.0    62.3    22.4 R    41.6    21.3    28.9
53974 200709  1.302  -96.6098   39.1027    28.3    14.1    21.2    21.2    53.4    17.7 R    36.4    13.1    22.2
53974 200710  1.302  -96.6098   39.1027    22.1     7.9    15.0    15.1   108.7    13.0 R    28.2     7.2    15.6
53974 200711  1.302  -96.6098   39.1027    14.4    -1.2     6.6     6.7     4.3    10.2 R    19.9    -2.9     6.4
53974 200712  1.302  -96.6098   39.1027     3.3    -6.9    -1.8    -1.6   101.9     6.4 R     4.8    -8.6    -1.9
53974 200801  1.302  -96.6098   39.1027     4.4    -8.6    -2.1    -1.9    12.6     9.1 R     7.2   -10.9    -2.6
53974 200802  1.302  -96.6098   39.1027     4.7    -7.4    -1.3    -1.4    55.6    11.3 R    10.0    -8.5    -0.9
53974 200803  1.302  -96.6098   39.1027    11.9    -1.3     5.3     5.5    67.9    13.1 R    19.1    -3.1     6.1
53974 200804  1.302  -96.6098   39.1027    16.5     4.1    10.3    10.4    53.2    17.1 R    26.4     2.2    11.6
53974 200805  1.302  -96.6098   39.1027    23.8    11.0    17.4    17.8   100.7    20.6 R    37.6     9.2    19.6
53974 200806  1.302  -96.6098   39.1027    28.9    17.4    23.1    23.3   225.1    24.9 R    40.1    16.6    25.2
53974 200807  1.302  -96.6098   39.1027    30.8    19.8    25.3    25.3   154.0    22.1 R    36.6    19.1    26.0
53974 200808  1.302  -96.6098   39.1027    29.5    17.4    23.4    23.5   141.0    20.7 R    36.0    16.8    24.4
53974 200809  1.302  -96.6098   39.1027    25.3    12.8    19.0    19.0   143.0    16.1 R    32.3    12.3    20.0
53974 200810  1.302  -96.6098   39.1027    20.4     6.1    13.2    13.1    51.5    12.9 R    26.1     5.0    13.4
53974 200811  1.302  -96.6098   39.1027    12.8     0.9     6.8     6.6    34.7     8.8 R    17.4    -0.4     6.5
53974 200812  1.302  -96.6098   39.1027 -9999.0 -9999.0 -9999.0 -9999.0 -9999.0 -9999.0 U -9999.0 -9999.0 -9999.0
53974 200901  1.302  -96.6098   39.1027 -9999.0    -7.1 -9999.0 -9999.0 -9999.0     9.0 R    12.9    -8.8    -0.5
53974 200902  1.302  -96.6098   39.1027    11.0    -4.4     3.3     3.3    11.3    12.5 R    17.0    -6.9     3.3
53974 200903  1.302  -96.6098   39.1027    14.3     0.6     7.5     7.3    78.9    14.9 R    20.9    -1.8     7.4
53974 200904  1.302  -96.6098   39.1027    18.6     4.9    11.8    11.8   148.3    17.9 R    27.3     2.9    12.4
53974 200905  1.302  -96.6098   39.1027    24.4    11.8    18.1    18.3    14.7    21.9 R    38.0     9.9    20.3
53974 200906  2.402  -96.6098   39.1027    29.2    18.0    23.6    23.8   210.9    22.5 R    45.6    17.5    27.2
53974 200907  2.402  -96.6098   39.1027    28.9    17.0    22.9    23.0   123.6    22.5 R    36.0    16.5    24.3
53974 200908  2.402  -96.6098   39.1027    28.9    16.9    22.9    22.7   124.1    21.0 R    33.6    16.2    23.2
53974 200909  2.402  -96.6098   39.1027    24.9    12.0    18.5    18.1    82.5    15.7 R    29.1    11.2    18.2
53974 200910  2.402  -96.6098   39.1027    15.1     4.2     9.6     9.7    92.5     9.8 R    19.3     3.3     9.9
53974 200911  2.402  -96.6098   39.1027    15.5     2.6     9.1     8.8    38.9     8.8 R    18.6     1.5     8.4
53974 200912  2.402  -96.6098   39.1027     1.2    -8.4    -3.6    -3.6 -9999.0     6.9 R     1.5    -9.7    -4.2
53974 201001  2.402  -96.6098   39.1027    -0.1    -9.4    -4.7    -4.4 -9999.0     7.5 R     2.4   -10.8    -4.5
53974 201002  2.402  -96.6098   39.1027     3.1    -6.7    -1.8    -1.9    17.4     9.2 R     8.6    -7.8    -1.3
53974 201003  2.402  -96.6098   39.1027    13.0     1.4     7.2     7.1    57.7    13.0 R    19.2     0.0     7.3
53974 201004  2.402  -96.6098   39.1027    22.4     8.5    15.4    15.9   129.7    19.1 R    32.4     6.4    16.6
53974 201005  2.402  -96.6098   39.1027    22.5    11.9    17.2    17.2    66.6    19.4 R    35.1    10.6    19.4
53974 201006  2.402  -96.6098   39.1027    30.7    18.9    24.8    25.0   191.2    22.4 R    45.0    18.4    27.7
53974 201007  2.402  -96.6098   39.1027    31.7    21.1    26.4    26.3   155.6    21.3 R    40.3    20.7    27.9
53974 201008  2.402  -96.6098   39.1027    33.6    19.7    26.7    26.6    59.5    21.6 R    39.2    18.9    27.1
53974 201009  2.402  -96.6098   39.1027    28.0    14.3    21.1    20.8    96.1    16.0 R    33.2    13.2    21.1
53974 201010  2.402  -96.6098   39.1027    23.1     6.6    14.8    14.7    24.8    14.1 R    28.6     5.0    14.5
53974 201011  2.402  -96.6098   39.1027    13.1    -0.9     6.1     6.1    45.4     9.2 R    17.8    -2.3     5.9
53974 201012  2.402  -96.6098   39.1027     5.5    -7.2    -0.9    -1.1     1.0     6.7 R     9.3    -8.5    -1.1
53974 201101  2.402  -96.6098   39.1027     2.3   -10.2    -4.0    -4.0    23.2     8.3 R     4.8   -11.8    -4.5
53974 201102  2.402  -96.6098   39.1027     5.2    -7.2    -1.0    -1.0    31.5    10.7 R     9.0    -9.5    -1.4
53974 201103  2.402  -96.6098   39.1027    12.6     0.2     6.4     6.4    48.4    11.9 R    19.3    -1.5     6.9
53974 201104  2.402  -96.6098   39.1027    20.5     6.1    13.3    13.6    79.2    17.4 R    30.4     4.3    14.4
53974 201105  2.402  -96.6098   39.1027    23.8    11.1    17.5    17.7   115.9    20.2 R    35.0     9.6    19.2
53974 201106  2.402  -96.6098   39.1027    30.8    18.1    24.5    24.7    86.5    24.4 R    38.2    17.1    25.6
53974 201107  2.402  -96.6098   39.1027    36.4    22.7    29.6    29.5    69.1    24.7 R    45.0    22.0    30.9
53974 201108  2.402  -96.6098   39.1027    34.0    19.6    26.8    26.4    71.8    22.1 R    45.0    19.0    28.3
53974 201109  2.402  -96.6098   39.1027    26.3    10.2    18.3    18.2    46.7    18.2 R    36.3     9.5    19.6
53974 201110  2.402  -96.6098   39.1027    22.8     6.0    14.4    14.3    59.3    14.4 R    30.1     5.2    14.7
53974 201111  2.402  -96.6098   39.1027 -9999.0 -9999.0 -9999.0 -9999.0 -9999.0 -9999.0 U -9999.0 -9999.0 -9999.0
53974 201112  2.402  -96.6098   39.1027     7.0    -4.2     1.4     1.5    89.0     6.9 R    10.0    -4.9     1.4
53974 201201  2.402  -96.6098   39.1027     8.8    -6.2     1.3     1.2 -9999.0     9.3 R    13.7    -7.5     1.1
53974 201202  2.402  -96.6098   39.1027     9.4    -3.4     3.0     3.0    51.4    10.7 R    14.1    -4.2     3.3
53974 201203  2.412  -96.6098   39.1027    21.7     7.2    14.4    14.4    64.7    15.0 R    31.1     4.9    14.3
53974 201204  2.412  -96.6098   39.1027    22.0     8.2    15.1    15.6    54.0    18.8 C    32.5     6.6    16.8
53974 201205  2.412  -96.6098   39.1027    28.2    13.7    21.0    21.3    27.7    24.3 C    39.8    12.2    23.2
53974 201206  2.412  -96.6098   39.1027    32.1    18.0    25.1    25.6   115.8    26.5 C    42.0    16.9    27.3
53974 201207  2.412  -96.6098   39.1027    37.3    22.2    29.8    29.8    22.5    25.1 C    49.3    20.8    31.8
53974 201208  2.412  -96.6098   39.1027    32.0    16.1    24.0    24.2   130.0    20.7 C    43.7    14.4    25.8
53974 201209  2.412  -96.6098   39.1027    26.6    11.1    18.8    19.0    53.4    16.9 C    31.9     9.9    19.0
53974 201210  2.412  -96.6098   39.1027    19.9     4.7    12.3    12.5    14.0    12.8 C    26.1     3.4    12.7
53974 201211  2.412  -96.6098   39.1027    16.4    -0.1     8.1     8.2    19.8    10.4 C    21.4    -1.8     7.5
53974 201212  2.412  -96.6098   39.1027     7.0    -4.9     1.0     1.4    17.3     7.1 C     9.2    -7.3     0.2
53974 201301  2.412  -96.6098   39.1027     6.7    -6.5     0.1    -0.1    14.9     8.8 C    10.1    -8.2    -0.7
53974 201302  2.412  -96.6098   39.1027     6.7    -5.6     0.6     0.8    41.7    11.0 C    12.3    -7.5     0.6
53974 201303  2.412  -96.6098   39.1027    10.3    -2.3     4.0     3.8    35.3    14.4 C    20.8    -3.9     5.3
53974 201304  2.412  -96.6098   39.1027    16.2     3.5     9.9    10.1    94.0    15.9 C    25.5     2.2    11.5
53974 201305  2.422  -96.6098   39.1027    23.0    10.9    17.0    17.0    94.5    18.7 C    35.0     9.7    19.1
53974 201306  2.422  -96.6098   39.1027    29.0    16.9    22.9    23.2   133.5    23.0 C    41.6    16.0    25.4
53974 201307  2.422  -96.6098   39.1027    30.3    18.4    24.3    24.2   120.3    19.7 C    40.4    17.4    25.8
53974 201308  2.422  -96.6098   39.1027    30.1    19.3    24.7    24.5   115.2    19.2 C    34.4    18.4    24.5
53974 201309  2.422  -96.6098   39.1027    29.4    15.0    22.2    22.2    54.1    18.1 C    35.7    13.9    22.7
53974 201310  2.422  -96.6098   39.1027    19.9     6.1    13.0    12.8    66.0    13.0 C    25.1     5.4    13.2
53974 201311  2.422  -96.6098   39.1027    11.7    -1.8     5.0     5.1    14.0     9.2 C    16.7    -2.4     5.0
53974 201312  2.422  -96.6098   39.1027     4.4    -9.6    -2.6    -2.2    20.5     7.6 C     7.2   -10.1    -2.5
53974 201401  2.422  -96.6098   39.1027     3.8    -9.8    -3.0    -2.5    15.8     8.5 C     7.8   -11.1    -3.0
53974 201402  2.422  -96.6098   39.1027     2.3    -9.6    -3.7    -3.2 -9999.0    11.0 C     5.9   -11.6    -3.7
53974 201403  2.422  -96.6098   39.1027    12.8    -3.1     4.9     4.9    14.1    16.1 C    24.8    -4.6     6.4
53974 201404  2.422  -96.6098   39.1027    19.6     5.6    12.6    12.7   131.1    16.7 C    29.9     3.7    13.8
53974 201405  2.422  -96.6098   39.1027    25.7    11.8    18.7    19.0    35.8    22.7 C    35.9    10.2    20.6
53974 201406  2.422  -96.6098   39.1027    28.4    17.7    23.0    23.2   184.9    22.6 C    38.7    17.3    25.2
53974 201407  2.422  -96.6098   39.1027    31.1    17.1    24.1    24.3    23.9    25.2 C    44.0    16.1    27.2
53974 201408  2.422  -96.6098   39.1027    33.3    19.5    26.4    26.0    89.9    21.2 C    44.4    18.5    28.0
53974 201409  2.422  -96.6098   39.1027    26.8    13.7    20.2    20.2    23.0    16.2 C    35.6    12.5    21.4
53974 201410  2.422  -96.6098   39.1027    21.6     7.2    14.4    14.4   107.5    13.3 C    26.9     6.2    14.3
53974 201411  2.422  -96.6098   39.1027    10.0    -3.3     3.3     3.4     2.7     9.8 C    14.7    -4.7     3.3
53974 201412  2.422  -96.6098   39.1027     5.6    -2.3     1.6     1.5    55.2     5.0 C     8.6    -3.3     1.7
53974 201501  2.422  -96.6098   39.1027     6.6    -7.8    -0.6    -0.3    27.3     8.5 C    10.8    -9.4    -1.0
53974 201502  2.422  -96.6098   39.1027     3.9    -9.4    -2.7    -2.7    18.0    11.5 C    10.0   -10.6    -2.1
53974 201503  2.422  -96.6098   39.1027    16.4     0.1     8.3     8.6     4.5    17.1 C    27.5    -2.6     9.2
53974 201504  2.422  -96.6098   39.1027    20.1     7.2    13.7    13.6    70.1    17.7 C    31.9     5.3    15.0
53974 201505  2.422  -96.6098   39.1027    22.6    11.9    17.2    17.3   229.5    17.1 C    29.6    11.3    18.1
53974 201506  2.422  -96.6098   39.1027    30.0    18.3    24.1    24.2   123.9    22.6 C    35.2    17.8    24.7
53974 201507  2.422  -96.6098   39.1027    31.2    20.4    25.8    25.7   146.4    21.7 C    34.8    19.5    25.6
53974 201508  2.422  -96.6098   39.1027    30.2    17.1    23.7    23.6    82.0    21.2 C    34.3    15.8    23.5
53974 201509  2.422  -96.6098   39.1027    29.6    16.8    23.2    22.8    92.8    16.9 C    34.4    15.3    22.6
53974 201510  2.422  -96.6098   39.1027    22.3     7.1    14.7    14.7    15.5    13.5 C    28.4     5.3    14.4
53974 201511  2.422  -96.6098   39.1027    16.1     3.0     9.6     9.3   113.9     8.6 C    19.7     1.3     8.7
53974 201512  2.422  -96.6098   39.1027     9.4    -2.3     3.6     3.5    73.9     6.3 C    11.1    -3.6     2.6
53974 201601  2.422  -96.6098   39.1027     4.5    -6.5    -1.0    -0.9    14.9     7.4 C     7.9    -7.9    -1.2
53974 201602  2.422  -96.6098   39.1027    11.9    -3.3     4.3     4.6    12.3    12.3 C    18.0    -5.2     4.3
53974 201603  2.422  -96.6098   39.1027    18.3     2.6    10.4    10.8    11.2    14.7 C    27.0     0.5    11.0
53974 201604  2.422  -96.6098   39.1027    21.2     7.7    14.4    14.7   201.4    18.7 C    30.7     5.1    15.4
53974 201605  2.422  -96.6098   39.1027    23.3    11.1    17.2    17.2   160.5    19.0 C    31.6     8.9    17.7
53974 201606  2.422  -96.6098   39.1027    32.4    19.3    25.9    26.0    32.7    25.4 C    39.0    17.6    26.4
53974 201607  2.422  -96.6098   39.1027    31.9    21.2    26.6    26.5   128.5    21.6 C    36.2    20.0    26.6
53974 201608  2.422  -96.6098   39.1027    30.2    19.5    24.8    24.6   181.0    18.5 C    36.2    18.3    24.9
53974 201609  2.422  -96.6098   39.1027    28.3    15.8    22.0    21.7   143.4    16.8 C    35.5    14.5    22.1
53974 201610  2.422  -96.6098   39.1027    24.1     9.2    16.6    16.6    61.7    12.4 C    30.4     7.6    16.4
53974 201611  2.422  -96.6098   39.1027    17.4     3.5    10.4    10.4     7.9     8.7 C    22.4     1.9     9.8
53974 201612  2.422  -96.6098   39.1027     5.4    -7.4    -1.0    -0.9    25.7     6.6 C     8.8    -9.3    -1.5
53974 201701  2.422  -96.6098   39.1027     6.5    -5.3     0.6     0.4    32.1     7.2 C    10.5    -7.0     0.3
53974 201702  2.422  -96.6098   39.1027    13.5    -1.2     6.2     6.3    13.2    10.7 C    20.8    -3.5     6.1
53974 201703  2.422  -96.6098   39.1027    15.6     2.8     9.2     9.2   112.8    11.8 C    22.7     0.7     9.7
53974 201704  2.422  -96.6098   39.1027    19.6     7.6    13.6    13.7   129.6    15.3 C    28.5     6.0    14.5
53974 201705  2.422  -96.6098   39.1027    24.2    11.0    17.6    17.8    85.6    22.8 C    35.4     8.9    19.4
53974 201706  2.422  -96.6098   39.1027    30.3    17.0    23.7    23.9    75.2    25.6 C    37.0    15.6    24.6
53974 201707  2.422  -96.6098   39.1027    33.3    20.2    26.8    26.8    33.9    24.7 C    40.9    19.2    28.0
