04131 200406  1.201 -110.7120   43.6615 -9999.0 -9999.0 -9999.0 -9999.0 -9999.0 -9999.0 U -9999.0 -9999.0 -9999.0
04131 200407  1.201 -110.7120   43.6615    24.7     5.9    15.3    15.1    27.4    25.3 R -9999.0 -9999.0    23.1
04131 200408  1.201 -110.7120   43.6615    23.4     5.0    14.2    13.7    60.1    21.5 R -9999.0 -9999.0    20.0
04131 200409  1.201 -110.7120   43.6615    17.6     1.1     9.3     9.0    36.6    15.7 R -9999.0 -9999.0    12.7
04131 200410  1.201 -110.7120   43.6615    10.4    -1.9     4.3     3.8    66.1    10.1 R -9999.0 -9999.0     5.6
04131 200411  1.201 -110.7120   43.6615     3.1    -9.8    -3.3    -3.7    13.0     8.5 R -9999.0 -9999.0    -2.9
04131 200412  1.201 -110.7120   43.6615    -2.0   -12.4    -7.2    -6.8    78.3     4.3 R -9999.0 -9999.0    -9.2
04131 200501  1.201 -110.7120   43.6615    -3.0   -13.0    -8.0    -7.6    50.2     6.9 R -9999.0 -9999.0    -9.1
04131 200502  1.201 -110.7120   43.6615    -3.1   -18.3   -10.7   -10.7    22.1    12.1 R -9999.0 -9999.0   -12.5
04131 200503  1.201 -110.7120   43.6615     2.8    -8.8    -3.0    -2.6    39.1    16.3 R -9999.0 -9999.0    -4.7
04131 200504  1.201 -110.7120   43.6615     9.5    -4.7     2.4     2.4    30.9    20.3 R -9999.0 -9999.0     4.2
04131 200505  1.201 -110.7120   43.6615    14.2     0.7     7.5     7.4    83.9    20.5 R -9999.0 -9999.0    12.6
04131 200506  1.201 -110.7120   43.6615    18.1     2.2    10.2    10.3    44.1    23.2 R -9999.0 -9999.0    16.8
04131 200507  1.201 -110.7120   43.6615    27.4     5.6    16.5    16.9     9.7    27.5 R -9999.0 -9999.0    25.4
04131 200508  1.201 -110.7120   43.6615    24.6     4.3    14.5    14.2    47.2    22.7 R -9999.0 -9999.0    20.6
04131 200509  1.201 -110.7120   43.6615    18.4     0.5     9.5     8.7    56.4    16.1 R -9999.0 -9999.0    12.4
04131 200510  1.201 -110.7120   43.6615    13.0    -3.4     4.8     4.2    37.2    12.0 R -9999.0 -9999.0     6.3
04131 200511  1.201 -110.7120   43.6615     1.7    -9.3    -3.8    -3.9    85.9     6.5 R -9999.0 -9999.0    -5.6
04131 200512  1.201 -110.7120   43.6615    -6.0   -16.4   -11.2   -10.9   120.0     5.9 R -9999.0 -9999.0   -13.4
04131 200601  1.201 -110.7120   43.6615    -4.1   -15.6    -9.9    -8.6   107.9     6.3 R -9999.0 -9999.0   -10.8
04131 200602  1.201 -110.7120   43.6615    -4.0   -16.9   -10.5   -10.0    51.9    10.8 R -9999.0 -9999.0   -12.8
04131 200603  1.201 -110.7120   43.6615     0.7   -12.7    -6.0    -5.6    39.3    16.5 R -9999.0 -9999.0    -7.7
04131 200604  1.201 -110.7120   43.6615     9.3    -3.2     3.0     2.7    58.5    20.4 R -9999.0 -9999.0     1.8
04131 200605  1.201 -110.7120   43.6615    17.1    -0.4     8.4     8.5    19.8    24.7 R -9999.0 -9999.0    14.4
04131 200606  1.201 -110.7120   43.6615    23.1     3.8    13.4    13.6    33.1    27.7 R -9999.0 -9999.0    20.9
04131 200607  1.301 -110.7120   43.6615    28.5     7.8    18.1    17.9    23.9    26.6 R -9999.0 -9999.0    26.8
04131 200608  1.301 -110.7120   43.6615    25.6     3.7    14.6    14.3    18.7    22.6 R    47.7     7.3    22.3
04131 200609  1.301 -110.7120   43.6615    18.8     0.8     9.8     9.2    37.9    16.8 R    32.7     3.6    14.5
04131 200610  1.301 -110.7120   43.6615    10.1    -3.7     3.2     2.5    68.8    10.3 R    16.6    -1.9     4.9
04131 200611  1.301 -110.7120   43.6615     2.6    -8.4    -2.9    -2.4    65.8     6.5 R     2.4   -11.2    -4.1
04131 200612  1.301 -110.7120   43.6615    -3.8   -16.6   -10.2   -10.2    73.2     5.3 R    -5.1   -20.7   -12.8
04131 200701  1.301 -110.7120   43.6615    -8.0   -22.0   -15.0   -14.8    28.0     7.5 R    -8.3   -25.8   -17.3
04131 200702  1.301 -110.7120   43.6615     0.2   -10.9    -5.3    -4.7    47.5     9.8 R    -0.9   -15.4    -7.0
04131 200703  1.301 -110.7120   43.6615     6.0    -7.8    -0.9    -0.8    17.7    15.3 R     2.6   -10.8    -3.7
04131 200704  1.301 -110.7120   43.6615    11.1    -3.7     3.7     3.6    39.0    18.8 R    26.0    -2.5     8.0
04131 200705  1.301 -110.7120   43.6615    17.8    -1.5     8.1     8.5     6.8    23.9 R    42.9     1.1    16.8
04131 200706  1.301 -110.7120   43.6615    23.9     2.3    13.1    13.7     6.8    27.3 R    51.4     6.1    24.1
04131 200707  1.302 -110.7120   43.6615    30.5     8.6    19.6    19.5     8.4    25.6 R    57.6    12.4    29.6
04131 200708  1.302 -110.7120   43.6615    26.0     6.3    16.1    15.7    38.6    20.8 R    43.8     9.1    21.8
04131 200709  1.302 -110.7120   43.6615    19.6     1.8    10.7    10.3    31.7    17.4 R    32.1     4.3    14.7
04131 200710  1.302 -110.7120   43.6615    10.5    -3.1     3.7     3.0    82.8    10.2 R    16.8    -1.9     4.9
04131 200711  1.302 -110.7120   43.6615     4.9    -8.6    -1.8    -2.0    61.1     7.9 R     8.1    -8.4    -1.6
04131 200712  1.302 -110.7120   43.6615    -4.6   -14.5    -9.5    -9.0    72.2     4.9 R    -3.6   -18.7   -11.0
04131 200801  1.302 -110.7120   43.6615    -7.2   -18.2   -12.7   -12.1   106.8     6.0 R    -5.3   -22.3   -13.8
04131 200802  1.302 -110.7120   43.6615    -2.6   -14.0    -8.3    -8.1    62.6    10.4 R    -0.6   -17.7    -9.7
04131 200803  1.302 -110.7120   43.6615    -0.3   -13.6    -6.9    -6.2    76.8    15.5 R     1.9   -17.7    -7.8
04131 200804  1.302 -110.7120   43.6615     4.4    -9.9    -2.7    -2.4    17.4    22.4 R     3.5   -12.7    -4.1
04131 200805  1.302 -110.7120   43.6615    12.9    -1.0     5.9     5.9    55.9    21.0 R    23.1    -0.4     9.2
04131 200806  1.302 -110.7120   43.6615    19.2     2.2    10.7    11.0    29.4    24.9 R    36.2     4.5    17.3
04131 200807  1.302 -110.7120   43.6615    27.1     4.3    15.7    15.8    11.8    27.5 R    49.3     7.9    24.8
04131 200808  1.302 -110.7120   43.6615    26.4     4.0    15.2    15.1    18.5    23.6 R    47.7     7.1    23.0
04131 200809  1.302 -110.7120   43.6615    20.2     0.0    10.1     9.2    13.8    18.1 R    42.7     2.5    14.2
04131 200810  1.302 -110.7120   43.6615    11.6    -4.5     3.6     2.9    30.5    11.0 R    24.8    -3.3     4.3
04131 200811  1.302 -110.7120   43.6615     4.4    -6.2    -0.9    -1.1    59.0     6.2 R    14.2    -5.6    -0.9
04131 200812  1.302 -110.7120   43.6615    -2.9   -14.0    -8.4    -7.6   100.0     4.6 R    10.4   -17.2    -8.9
04131 200901  1.302 -110.7120   43.6615    -4.1   -16.4   -10.2    -9.8    72.5     6.1 R     6.4   -20.3   -11.9
04131 200902  1.302 -110.7120   43.6615    -3.0   -15.5    -9.2    -8.9    32.1    10.5 R    10.6   -19.7   -10.9
04131 200903  1.302 -110.7120   43.6615     1.4   -10.0    -4.3    -4.0    78.6    14.8 R    13.4   -13.5    -5.8
04131 200904  1.302 -110.7120   43.6615     6.7    -5.1     0.8     0.6    83.9    19.6 R    14.7    -7.3    -0.9
04131 200905  1.302 -110.7120   43.6615    16.3    -0.5     7.9     8.1    47.8    23.2 R    39.5     1.0    13.8
04131 200906  1.302 -110.7120   43.6615    17.7     4.3    11.0    10.6    88.5    20.7 R    35.7     6.4    15.3
04131 200907  1.302 -110.7120   43.6615    24.7     5.1    14.9    14.8    19.6    26.0 R    49.7     8.2    22.6
04131 200908  1.302 -110.7120   43.6615    24.3     3.9    14.1    13.8    16.8    21.7 R    46.5     6.8    20.7
04131 200909  1.302 -110.7120   43.6615    23.4     1.5    12.4    12.0    16.9    18.2 R    41.4     3.7    16.7
04131 200910  1.302 -110.7120   43.6615     7.6    -4.7     1.5     1.1    60.6    10.0 R    15.6    -3.9     2.7
04131 200911  1.302 -110.7120   43.6615     4.4   -10.7    -3.2    -3.3     9.0     7.8 R     6.3   -10.5    -3.5
04131 200912  1.302 -110.7120   43.6615    -5.6   -17.3   -11.5   -11.1    29.7     5.1 R    -5.5   -20.5   -12.8
04131 201001  1.302 -110.7120   43.6615    -4.3   -17.4   -10.9   -10.3    73.8     6.2 R    -2.4   -20.7   -11.8
04131 201002  1.302 -110.7120   43.6615    -3.1   -17.3   -10.2    -9.8    25.0    11.7 R    -0.5   -20.8   -11.0
04131 201003  1.302 -110.7120   43.6615     3.8   -10.4    -3.3    -3.1    34.5    16.2 R     4.2   -12.6    -4.4
04131 201004  1.302 -110.7120   43.6615     7.2    -5.9     0.7     0.8    74.2    19.1 R    11.8    -7.3     0.7
04131 201005  1.302 -110.7120   43.6615    11.0    -2.6     4.2     4.3    44.4    17.7 R    25.3    -1.1     8.6
04131 201006  1.302 -110.7120   43.6615    18.5     4.3    11.4    11.1    61.3    20.5 R    33.2     6.3    16.0
04131 201007  1.302 -110.7120   43.6615    25.3     5.0    15.1    15.5    16.3    26.9 R    48.8     8.2    24.4
04131 201008  1.302 -110.7120   43.6615    24.1     4.1    14.1    13.9    45.1    21.8 R    41.7     7.1    20.3
04131 201009  2.404 -110.7120   43.6615    21.2     0.1    10.6     9.8    32.2    18.6 R    32.3     2.2    13.6
04131 201010  2.404 -110.7120   43.6615    13.6    -2.8     5.4     4.6    65.9    11.1 R    21.1    -1.8     6.7
04131 201011  2.404 -110.7120   43.6615     0.2    -9.6    -4.7    -4.4    83.9     5.4 R     3.2   -10.5    -4.3
04131 201012  2.404 -110.7120   43.6615    -2.3   -11.7    -7.0    -6.3 -9999.0     4.2 R    -0.4   -14.2    -7.1
04131 201101  2.404 -110.7120   43.6615 -9999.0 -9999.0 -9999.0 -9999.0 -9999.0 -9999.0 U -9999.0 -9999.0 -9999.0
04131 201102  2.404 -110.7120   43.6615    -4.0   -15.8    -9.9    -9.0    33.5    10.4 R    -1.3   -18.6    -9.8
04131 201103  2.404 -110.7120   43.6615     1.7    -8.6    -3.5    -2.7   101.8    13.8 R     4.7   -10.7    -3.0
04131 201104  2.404 -110.7120   43.6615     3.6    -4.8    -0.6    -0.5   108.0    18.9 R     6.1    -6.1    -0.5
04131 201105  2.404 -110.7120   43.6615    10.4    -0.4     5.0     4.8    98.4    19.8 R    18.7    -0.1     7.0
04131 201106  2.403 -110.7120   43.6615    18.5     1.8    10.2    10.3    47.3    23.4 R    29.0     3.3    14.0
04131 201107  2.403 -110.7120   43.6615    26.1     5.2    15.7    15.7    17.9    26.1 R    43.3     7.2    21.6
04131 201108  2.403 -110.7120   43.6615    26.2     5.3    15.7    15.3    22.0    22.1 R    40.4     7.2    20.1
04131 201109  2.403 -110.7120   43.6615    22.4     0.7    11.6    10.7     6.6    17.9 R    35.0     2.1    14.8
04131 201110  2.403 -110.7120   43.6615    12.5    -1.5     5.5     5.1    37.9     9.7 R    18.3    -0.7     6.2
04131 201111  2.403 -110.7120   43.6615     0.9   -11.7    -5.4    -5.1    54.5     6.9 R     4.6   -13.3    -5.6
04131 201112  2.403 -110.7120   43.6615    -6.1   -19.1   -12.6   -12.4    49.4     6.1 R    -1.7   -21.8   -13.4
04131 201201  2.403 -110.7120   43.6615    -2.1   -14.2    -8.2    -8.1    84.4     6.0 R     0.8   -16.2    -9.2
04131 201202  2.403 -110.7120   43.6615    -3.7   -16.7   -10.2    -9.5    64.4     9.4 R     2.1   -19.1    -9.9
04131 201203  2.403 -110.7120   43.6615     4.9    -7.1    -1.1    -1.1    36.2    13.7 R     7.3    -9.3    -2.0
04131 201204  2.403 -110.7120   43.6615    12.3    -3.0     4.6     4.3    39.3    18.6 R    18.8    -3.6     5.3
04131 201205  2.403 -110.7120   43.6615    15.2    -0.8     7.2     7.4    45.6    21.1 R    25.6    -0.7    10.1
04131 201206  2.413 -110.7120   43.6615    22.7     1.7    12.2    12.9     6.7    26.5 R    37.3     3.2    18.3
04131 201207  2.413 -110.7120   43.6615    27.8     7.9    17.9    17.4    32.5    23.6 C    41.2    10.0    22.9
04131 201208  2.413 -110.7120   43.6615    27.8     5.7    16.7    16.5     7.2    22.6 C    40.5     7.9    22.0
04131 201209  2.413 -110.7120   43.6615    22.5     1.0    11.7    10.8     7.9    17.8 C    32.3     2.5    14.9
04131 201210  2.413 -110.7120   43.6615    11.6    -3.9     3.9     3.9    58.0    10.6 C    17.2    -2.9     5.9
04131 201211  2.413 -110.7120   43.6615     4.6    -6.7    -1.1    -1.0    59.9     6.2 C     6.9    -6.5    -0.5
04131 201212  2.413 -110.7120   43.6615    -4.0   -13.4    -8.7    -8.2    93.6     4.7 C    -2.4   -15.2    -8.7
04131 201301  2.413 -110.7120   43.6615    -7.5   -19.5   -13.5   -13.3    35.0     5.4 C    -4.5   -21.4   -13.6
04131 201302  2.413 -110.7120   43.6615    -2.6   -16.5    -9.5    -8.6    25.5    11.0 C     1.3   -18.7    -8.8
04131 201303  2.413 -110.7120   43.6615     2.5   -10.9    -4.2    -3.7    43.7    15.5 C     5.7   -12.4    -3.5
04131 201304  2.413 -110.7120   43.6615     7.3    -5.4     1.0     1.0    60.0    18.4 C    14.5    -4.8     3.6
04131 201305  2.413 -110.7120   43.6615    15.9     0.7     8.3     8.3    41.8    21.1 C    26.3     2.2    12.3
04131 201306  2.423 -110.7120   43.6615    22.6     2.4    12.5    13.0     5.4    26.3 C    36.4     4.5    18.9
04131 201307  2.423 -110.7120   43.6615    27.6     6.8    17.2    16.9    38.4    24.5 C    46.7    10.1    24.5
04131 201308  2.423 -110.7120   43.6615    27.7     6.1    16.9    16.4     8.2    22.2 C    47.8     8.8    23.5
04131 201309  2.423 -110.7120   43.6615    18.8     4.6    11.7    11.1    67.1    14.1 C    29.6     6.1    14.8
04131 201310  2.423 -110.7120   43.6615     9.7    -4.6     2.5     1.9    38.0    10.8 C    16.0    -3.7     3.6
04131 201311  2.423 -110.7120   43.6615     3.4    -8.1    -2.4    -2.8    36.9     7.3 C     3.4    -8.5    -3.2
04131 201312  2.423 -110.7120   43.6615    -5.4   -17.8   -11.6   -11.3    79.0     5.3 C    -7.2   -23.4   -14.8
04131 201401  2.423 -110.7120   43.6615    -3.7   -17.1   -10.4   -10.0    53.4     7.2 C    -6.1   -22.9   -14.1
04131 201402  2.423 -110.7120   43.6615    -1.3    -9.9    -5.6    -5.2   123.7     8.4 C    -3.1   -14.4    -7.6
04131 201403  2.423 -110.7120   43.6615     3.4    -8.1    -2.4    -1.8   122.8    15.0 C     0.0   -11.9    -4.6
04131 201404  2.423 -110.7120   43.6615     7.0    -5.6     0.7     1.0    55.5    20.5 C     2.6    -8.9    -2.4
04131 201405  2.423 -110.7120   43.6615    17.0    -0.3     8.4     8.3    21.4    23.0 C    35.3     1.4    14.2
04131 201406  2.423 -110.7120   43.6615    19.5     1.8    10.7    11.1    32.1    24.4 C    41.2     4.5    18.9
04131 201407  2.423 -110.7120   43.6615    27.2     5.8    16.5    16.8    20.9    26.1 C    48.8     9.8    25.5
04131 201408  2.423 -110.7120   43.6615    22.4     6.2    14.3    13.6    60.4    19.0 C    39.3     9.0    19.8
04131 201409  2.423 -110.7120   43.6615    20.1     2.0    11.0    10.6    51.3    16.9 C    31.5     4.2    14.4
04131 201410  2.423 -110.7120   43.6615    14.8    -3.2     5.8     5.2     5.4    12.6 C    20.7    -2.0     6.5
04131 201411  2.423 -110.7120   43.6615     1.4   -10.7    -4.6    -4.3   113.1     6.2 C     1.3   -14.0    -6.3
04131 201412  2.423 -110.7120   43.6615    -2.1   -12.6    -7.4    -6.9    88.1     4.7 C    -4.2   -17.5    -9.8
04131 201501  2.423 -110.7120   43.6615    -3.9   -14.6    -9.2    -8.8    89.3     7.0 C    -4.7   -18.7   -11.2
04131 201502  2.423 -110.7120   43.6615     1.2   -10.5    -4.7    -4.6    41.9    11.6 C    -2.0   -15.6    -8.3
04131 201503  2.423 -110.7120   43.6615     6.3    -9.3    -1.5    -1.8    25.4    17.6 C    -0.8   -13.8    -6.6
04131 201504  2.423 -110.7120   43.6615    10.6    -3.9     3.4     3.3    27.7    20.6 C    19.7    -4.5     5.5
04131 201505  2.423 -110.7120   43.6615    14.7     1.6     8.1     7.8   109.1    18.8 C    29.0     3.4    12.7
04131 201506  2.423 -110.7120   43.6615    24.6     5.3    15.0    15.0    26.9    27.3 C    44.3     8.0    22.4
04131 201507  2.423 -110.7120   43.6615    23.2     6.1    14.7    14.2    64.1    22.8 C    38.4     9.4    20.5
04131 201508  2.423 -110.7120   43.6615    24.8     5.4    15.1    14.8    31.9    21.3 C    38.8     7.9    20.1
04131 201509  2.423 -110.7120   43.6615    21.9     1.5    11.7    11.0    67.3    18.1 C    32.8     3.6    14.6
04131 201510  2.423 -110.7120   43.6615    15.0    -0.5     7.2     6.6    45.9    11.4 C    20.8     0.7     8.1
04131 201511  2.423 -110.7120   43.6615     0.9   -10.8    -4.9    -5.1    61.6     7.3 C     0.9   -13.2    -6.6
04131 201512  2.423 -110.7120   43.6615    -4.8   -15.2   -10.0    -9.5   118.1     5.3 C    -6.6   -21.5   -13.3
04131 201601  2.423 -110.7120   43.6615    -4.7   -15.5   -10.1    -9.6    83.2     6.4 C    -5.5   -21.1   -12.3
04131 201602  2.423 -110.7120   43.6615     0.4   -11.9    -5.8    -5.8    21.8    12.1 C    -2.7   -17.5    -9.7
04131 201603  2.423 -110.7120   43.6615     3.1    -8.4    -2.6    -2.3    71.2    15.0 C     0.0   -12.8    -5.2
04131 201604  2.423 -110.7120   43.6615    11.0    -2.2     4.4     4.2    36.0    20.0 C    17.5    -3.6     4.9
04131 201605  2.423 -110.7120   43.6615    15.4    -0.1     7.6     7.7    39.3    22.2 C    32.0     1.4    13.2
04131 201606  2.423 -110.7120   43.6615    24.4     3.6    14.0    14.3    18.3    28.4 C    44.9     6.5    22.3
04131 201607  2.423 -110.7120   43.6615    26.7     5.1    15.9    16.3    14.0    27.0 C    49.1     8.2    24.9
04131 201608  2.423 -110.7120   43.6615    26.4     3.1    14.8    14.7     3.9    23.2 C    48.2     5.9    22.3
04131 201609  2.423 -110.7120   43.6615    19.3     2.7    11.0    10.6    58.6    16.2 C    32.8     4.3    14.7
04131 201610  2.423 -110.7120   43.6615    11.3    -1.1     5.1     4.6   124.5     8.8 C    16.1    -0.6     5.8
04131 201611  2.423 -110.7120   43.6615     7.1    -6.8     0.1    -0.3    27.7     7.7 C     8.5    -7.5    -1.0
04131 201612  2.423 -110.7120   43.6615    -5.8   -18.9   -12.3   -11.7   153.7     4.5 C    -7.1   -24.8   -15.1
04131 201701  2.423 -110.7120   43.6615    -8.1   -20.4   -14.3   -14.0   100.8     6.5 C    -8.9   -25.1   -16.8
04131 201702  2.423 -110.7120   43.6615    -0.2    -8.4    -4.3    -4.3   165.7     7.9 C    -2.1   -11.8    -6.4
04131 201703  2.423 -110.7120   43.6615     5.8    -3.7     1.0     1.2    58.6    13.6 C    -0.2    -7.4    -2.7
04131 201704  2.423 -110.7120   43.6615     8.0    -3.5     2.2     2.0    79.0    16.9 C    14.0    -5.0     2.9
04131 201705  2.423 -110.7120   43.6615    16.4    -0.9     7.7     7.8    21.6    22.4 C    36.2     0.7    14.4
04131 201706  2.423 -110.7120   43.6615    21.1     3.9    12.5    12.6    59.2    23.7 C    40.3     6.4    19.9
04131 201707  2.423 -110.7120   43.6615    27.8     6.3    17.0    16.9    15.2    24.1 C    49.8     9.2    25.0
