53171 201008  6.101 -113.7511   38.5943    31.4    12.5    21.9    22.5 -9999.0 -9999.0 U -9999.0 -9999.0 -9999.0
53171 201009  6.101 -113.7511   38.5943    29.4     6.2    17.8    18.3     0.0 -9999.0 U -9999.0 -9999.0 -9999.0
53171 201010  6.101 -113.7511   38.5943    18.4     3.1    10.8    10.4    31.4 -9999.0 U -9999.0 -9999.0 -9999.0
53171 201011  6.101 -113.7511   38.5943     8.5    -6.1     1.2     1.1    20.7 -9999.0 U -9999.0 -9999.0 -9999.0
53171 201012  6.101 -113.7511   38.5943     5.3    -5.7    -0.2    -0.5    42.5 -9999.0 U -9999.0 -9999.0 -9999.0
53171 201101  6.101 -113.7511   38.5943    -5.5   -17.2   -11.4   -10.8     1.8 -9999.0 U -9999.0 -9999.0 -9999.0
53171 201102  6.101 -113.7511   38.5943     3.2    -9.1    -3.0    -2.8     7.2 -9999.0 U -9999.0 -9999.0 -9999.0
53171 201103  6.101 -113.7511   38.5943    13.3    -2.0     5.6     5.6     4.3 -9999.0 U -9999.0 -9999.0 -9999.0
53171 201104  6.101 -113.7511   38.5943    15.9    -0.2     7.8     8.0    20.0 -9999.0 U -9999.0 -9999.0 -9999.0
53171 201105  6.101 -113.7511   38.5943    18.8     4.0    11.4    11.3    37.1 -9999.0 U -9999.0 -9999.0 -9999.0
53171 201106  6.101 -113.7511   38.5943    28.1     8.8    18.5    19.3     3.5 -9999.0 U -9999.0 -9999.0 -9999.0
53171 201107  6.101 -113.7511   38.5943    31.9    13.9    22.9    23.1    57.2 -9999.0 U -9999.0 -9999.0 -9999.0
53171 201108  6.101 -113.7511   38.5943    33.6    13.3    23.5    23.7    18.3 -9999.0 U -9999.0 -9999.0 -9999.0
53171 201109  6.101 -113.7511   38.5943    28.1     7.7    17.9    18.0     6.2 -9999.0 U -9999.0 -9999.0 -9999.0
53171 201110  6.101 -113.7511   38.5943    19.4     0.9    10.1     9.9    35.1 -9999.0 U -9999.0 -9999.0 -9999.0
53171 201111  6.101 -113.7511   38.5943    10.5    -5.0     2.7     2.6     4.1 -9999.0 U -9999.0 -9999.0 -9999.0
53171 201112  6.101 -113.7511   38.5943     3.2   -11.6    -4.2    -4.5     6.4 -9999.0 U -9999.0 -9999.0 -9999.0
53171 201201  6.101 -113.7511   38.5943     8.4    -8.7    -0.1    -0.6     5.7 -9999.0 U -9999.0 -9999.0 -9999.0
53171 201202  6.101 -113.7511   38.5943     8.0    -6.1     0.9     0.6     8.1 -9999.0 U -9999.0 -9999.0 -9999.0
53171 201203  6.101 -113.7511   38.5943    15.0    -2.0     6.5     6.7     4.7 -9999.0 U -9999.0 -9999.0 -9999.0
53171 201204  6.101 -113.7511   38.5943    19.6     0.9    10.3    10.6     5.6 -9999.0 U -9999.0 -9999.0 -9999.0
53171 201205  6.101 -113.7511   38.5943    25.1     6.5    15.8    16.8     0.6 -9999.0 U -9999.0 -9999.0 -9999.0
53171 201206  6.101 -113.7511   38.5943    31.6    10.9    21.3    22.8     0.0 -9999.0 U -9999.0 -9999.0 -9999.0
53171 201207  6.101 -113.7511   38.5943    33.3    14.4    23.9    24.2     2.2 -9999.0 U -9999.0 -9999.0 -9999.0
53171 201208  6.101 -113.7511   38.5943    32.5    14.8    23.7    23.4    21.2 -9999.0 U -9999.0 -9999.0 -9999.0
53171 201209  6.101 -113.7511   38.5943    27.6     9.1    18.3    18.3    44.3 -9999.0 U -9999.0 -9999.0 -9999.0
53171 201210  6.101 -113.7511   38.5943    20.1     2.0    11.1    10.7     7.5 -9999.0 U -9999.0 -9999.0 -9999.0
53171 201211  6.101 -113.7511   38.5943    14.1    -3.1     5.5     5.1     3.6 -9999.0 U -9999.0 -9999.0 -9999.0
53171 201212  6.101 -113.7511   38.5943     4.1    -8.2    -2.0    -1.7    15.1 -9999.0 U -9999.0 -9999.0 -9999.0
53171 201301  6.101 -113.7511   38.5943    -4.0   -17.4   -10.7   -10.7     7.7 -9999.0 U -9999.0 -9999.0 -9999.0
53171 201302  6.101 -113.7511   38.5943     6.5    -7.1    -0.3    -0.8     7.4 -9999.0 U -9999.0 -9999.0 -9999.0
53171 201303  6.101 -113.7511   38.5943    15.4    -1.9     6.7     6.7     5.9 -9999.0 U -9999.0 -9999.0 -9999.0
53171 201304  6.101 -113.7511   38.5943    17.0    -0.3     8.4     8.7    31.0 -9999.0 U -9999.0 -9999.0 -9999.0
53171 201305  6.101 -113.7511   38.5943    23.1     4.4    13.8    14.6    10.7 -9999.0 U -9999.0 -9999.0 -9999.0
53171 201306  6.101 -113.7511   38.5943    32.3    10.8    21.5    22.8     0.0 -9999.0 U -9999.0 -9999.0 -9999.0
53171 201307  6.101 -113.7511   38.5943    34.4    15.0    24.7    25.0    25.1 -9999.0 U -9999.0 -9999.0 -9999.0
53171 201308  6.101 -113.7511   38.5943    31.5    12.9    22.2    22.4     9.9 -9999.0 U -9999.0 -9999.0 -9999.0
53171 201309  6.101 -113.7511   38.5943    24.2     9.6    16.9    16.7    46.8 -9999.0 U -9999.0 -9999.0 -9999.0
53171 201310  6.101 -113.7511   38.5943    16.7    -0.9     7.9     7.7    18.2 -9999.0 U -9999.0 -9999.0 -9999.0
53171 201311  6.101 -113.7511   38.5943    10.4    -4.9     2.8     2.3    13.3 -9999.0 U -9999.0 -9999.0 -9999.0
53171 201312  6.101 -113.7511   38.5943    -6.2   -19.3   -12.7   -12.4    13.1 -9999.0 U -9999.0 -9999.0 -9999.0
53171 201401  6.101 -113.7511   38.5943     0.2   -15.5    -7.7    -7.3     8.3 -9999.0 U -9999.0 -9999.0 -9999.0
53171 201402  6.101 -113.7511   38.5943    10.8    -5.2     2.8     2.6     7.2 -9999.0 U -9999.0 -9999.0 -9999.0
53171 201403  6.101 -113.7511   38.5943    14.4    -2.8     5.8     6.1     9.6 -9999.0 U -9999.0 -9999.0 -9999.0
53171 201404  6.101 -113.7511   38.5943    18.1     1.2     9.7    10.2     7.0 -9999.0 U -9999.0 -9999.0 -9999.0
53171 201405  6.101 -113.7511   38.5943    24.2     5.6    14.9    15.6     6.0 -9999.0 U -9999.0 -9999.0 -9999.0
53171 201406  6.101 -113.7511   38.5943 -9999.0 -9999.0 -9999.0 -9999.0 -9999.0 -9999.0 U -9999.0 -9999.0 -9999.0
