03093 201007  6.101 -103.5170   39.7857    31.6    14.3    23.0    22.6    77.5 -9999.0 U -9999.0 -9999.0 -9999.0
03093 201008  6.101 -103.5170   39.7857    31.7    13.7    22.7    22.9    38.1 -9999.0 U -9999.0 -9999.0 -9999.0
03093 201009  6.101 -103.5170   39.7857    29.1     7.1    18.1    18.9     0.5 -9999.0 U -9999.0 -9999.0 -9999.0
03093 201010  6.101 -103.5170   39.7857    21.0     0.4    10.7    10.8     9.3 -9999.0 U -9999.0 -9999.0 -9999.0
03093 201011  6.101 -103.5170   39.7857    11.2    -8.2     1.5     1.5    10.2 -9999.0 U -9999.0 -9999.0 -9999.0
03093 201012  6.101 -103.5170   39.7857     8.6   -10.3    -0.8    -1.0     2.6 -9999.0 U -9999.0 -9999.0 -9999.0
03093 201101  6.101 -103.5170   39.7857     3.5   -12.5    -4.5    -4.3    13.2 -9999.0 U -9999.0 -9999.0 -9999.0
03093 201102  6.101 -103.5170   39.7857     5.8   -11.9    -3.1    -3.0     3.7 -9999.0 U -9999.0 -9999.0 -9999.0
03093 201103  6.101 -103.5170   39.7857    13.9    -5.0     4.4     4.9    10.1 -9999.0 U -9999.0 -9999.0 -9999.0
03093 201104  6.101 -103.5170   39.7857    16.3    -0.5     7.9     7.8    37.0 -9999.0 U -9999.0 -9999.0 -9999.0
03093 201105  6.101 -103.5170   39.7857    19.2     2.4    10.8    11.3   149.1 -9999.0 U -9999.0 -9999.0 -9999.0
03093 201106  6.101 -103.5170   39.7857    28.2    10.2    19.2    19.3    32.5 -9999.0 U -9999.0 -9999.0 -9999.0
03093 201107  6.101 -103.5170   39.7857    34.2    14.7    24.5    24.4    37.2 -9999.0 U -9999.0 -9999.0 -9999.0
03093 201108  6.101 -103.5170   39.7857    33.6    14.3    24.0    23.9    54.5 -9999.0 U -9999.0 -9999.0 -9999.0
03093 201109  6.101 -103.5170   39.7857    25.4     6.7    16.0    16.0    21.0 -9999.0 U -9999.0 -9999.0 -9999.0
03093 201110  6.101 -103.5170   39.7857    19.3    -0.2     9.6     9.3    35.5 -9999.0 U -9999.0 -9999.0 -9999.0
03093 201111  6.101 -103.5170   39.7857    12.4    -7.9     2.2     2.0    12.2 -9999.0 U -9999.0 -9999.0 -9999.0
03093 201112  6.101 -103.5170   39.7857     4.6   -13.6    -4.5    -4.4     6.6 -9999.0 U -9999.0 -9999.0 -9999.0
03093 201201  6.101 -103.5170   39.7857    10.0   -11.0    -0.5    -0.6     3.0 -9999.0 U -9999.0 -9999.0 -9999.0
03093 201202  6.101 -103.5170   39.7857     1.9   -11.7    -4.9    -4.1    21.2 -9999.0 U -9999.0 -9999.0 -9999.0
03093 201203  6.101 -103.5170   39.7857    17.8    -3.0     7.4     7.8     2.8 -9999.0 U -9999.0 -9999.0 -9999.0
03093 201204  6.101 -103.5170   39.7857    19.9     1.4    10.6    11.1    59.2 -9999.0 U -9999.0 -9999.0 -9999.0
03093 201205  6.101 -103.5170   39.7857    24.3     4.4    14.3    15.3    36.2 -9999.0 U -9999.0 -9999.0 -9999.0
03093 201206  6.101 -103.5170   39.7857    34.0    12.8    23.4    24.0    12.2 -9999.0 U -9999.0 -9999.0 -9999.0
03093 201207  6.101 -103.5170   39.7857    35.0    14.8    24.9    25.2    44.5 -9999.0 U -9999.0 -9999.0 -9999.0
03093 201208  6.101 -103.5170   39.7857    32.8    13.1    22.9    23.3     0.6 -9999.0 U -9999.0 -9999.0 -9999.0
03093 201209  6.101 -103.5170   39.7857    27.2     7.6    17.4    17.5    52.9 -9999.0 U -9999.0 -9999.0 -9999.0
03093 201210  6.101 -103.5170   39.7857    16.9    -1.8     7.5     7.6    16.1 -9999.0 U -9999.0 -9999.0 -9999.0
03093 201211  6.101 -103.5170   39.7857    15.1    -6.2     4.4     3.5     1.6 -9999.0 U -9999.0 -9999.0 -9999.0
03093 201212  6.101 -103.5170   39.7857     5.5   -12.5    -3.5    -3.0     6.5 -9999.0 U -9999.0 -9999.0 -9999.0
03093 201301  6.101 -103.5170   39.7857     6.3   -12.3    -3.0    -3.2     1.8 -9999.0 U -9999.0 -9999.0 -9999.0
03093 201302  6.101 -103.5170   39.7857     5.9   -12.1    -3.1    -2.7    10.6 -9999.0 U -9999.0 -9999.0 -9999.0
03093 201303  6.101 -103.5170   39.7857     9.6    -7.3     1.2     1.3    27.7 -9999.0 U -9999.0 -9999.0 -9999.0
03093 201304  6.101 -103.5170   39.7857    12.5    -3.3     4.6     4.8    11.7 -9999.0 U -9999.0 -9999.0 -9999.0
03093 201305  6.101 -103.5170   39.7857    21.8     3.6    12.7    13.2    23.8 -9999.0 U -9999.0 -9999.0 -9999.0
03093 201306  6.101 -103.5170   39.7857    31.2     9.9    20.6    20.9    47.4 -9999.0 U -9999.0 -9999.0 -9999.0
03093 201307  6.101 -103.5170   39.7857    31.2    13.5    22.3    22.5    74.3 -9999.0 U -9999.0 -9999.0 -9999.0
03093 201308  6.101 -103.5170   39.7857    31.1    13.3    22.2    22.1   129.9 -9999.0 U -9999.0 -9999.0 -9999.0
03093 201309  6.101 -103.5170   39.7857    26.0    10.0    18.0    18.0   134.8 -9999.0 U -9999.0 -9999.0 -9999.0
03093 201310  6.101 -103.5170   39.7857    15.3    -0.6     7.3     7.0    21.7 -9999.0 U -9999.0 -9999.0 -9999.0
03093 201311  6.101 -103.5170   39.7857    11.8    -6.8     2.5     2.1     2.8 -9999.0 U -9999.0 -9999.0 -9999.0
03093 201312  6.101 -103.5170   39.7857     5.1   -13.4    -4.2    -4.4     4.2 -9999.0 U -9999.0 -9999.0 -9999.0
03093 201401  6.101 -103.5170   39.7857     5.7   -11.9    -3.1    -2.6    19.4 -9999.0 U -9999.0 -9999.0 -9999.0
03093 201402  6.101 -103.5170   39.7857     3.3   -13.0    -4.9    -4.8     3.7 -9999.0 U -9999.0 -9999.0 -9999.0
03093 201403  6.101 -103.5170   39.7857    12.4    -6.2     3.1     3.3    10.8 -9999.0 U -9999.0 -9999.0 -9999.0
03093 201404  6.101 -103.5170   39.7857    16.2    -0.7     7.7     8.1    56.7 -9999.0 U -9999.0 -9999.0 -9999.0
03093 201405  6.101 -103.5170   39.7857    21.4     4.0    12.7    13.0    38.3 -9999.0 U -9999.0 -9999.0 -9999.0
03093 201406  6.101 -103.5170   39.7857 -9999.0 -9999.0 -9999.0 -9999.0 -9999.0 -9999.0 U -9999.0 -9999.0 -9999.0
