64758 200410  1.201  -76.2462   42.4401 -9999.0 -9999.0 -9999.0 -9999.0 -9999.0 -9999.0 U -9999.0 -9999.0 -9999.0
64758 200411  1.201  -76.2462   42.4401     8.4    -1.5     3.4     3.6    76.1     4.9 R -9999.0 -9999.0     3.2
64758 200412  1.201  -76.2462   42.4401     1.6    -7.1    -2.7    -2.4    78.8     3.6 R -9999.0 -9999.0    -2.6
64758 200501  1.201  -76.2462   42.4401    -2.3   -12.2    -7.2    -7.1   123.3     5.1 R -9999.0 -9999.0    -7.3
64758 200502  1.201  -76.2462   42.4401     0.5    -9.7    -4.6    -4.3    78.1     8.8 R -9999.0 -9999.0    -4.6
64758 200503  1.201  -76.2462   42.4401     2.0    -8.1    -3.1    -2.5    79.0    12.4 R -9999.0 -9999.0    -2.3
64758 200504  1.201  -76.2462   42.4401    14.2     0.5     7.4     7.5   116.7    17.5 R -9999.0 -9999.0     8.6
64758 200505  1.201  -76.2462   42.4401    16.3     3.0     9.6    10.2    21.0    20.2 R -9999.0 -9999.0    11.2
64758 200506  1.201  -76.2462   42.4401    26.2    13.6    19.9    20.0   117.6    22.0 R -9999.0 -9999.0    20.8
64758 200507  1.201  -76.2462   42.4401 -9999.0 -9999.0 -9999.0 -9999.0    46.0    20.9 R -9999.0 -9999.0    21.4
64758 200508  1.201  -76.2462   42.4401    27.6    14.0    20.8    20.8   110.3    18.0 R -9999.0 -9999.0    23.8
64758 200509  1.201  -76.2462   42.4401    23.0     9.3    16.2    16.5    46.4    16.2 R -9999.0 -9999.0    16.5
64758 200510  1.201  -76.2462   42.4401    13.6     4.9     9.3     9.2   171.9     7.6 R -9999.0 -9999.0     9.9
64758 200511  1.301  -76.2462   42.4401    10.0    -1.2     4.4     4.5   126.5     5.4 R -9999.0 -9999.0     3.9
64758 200512  1.301  -76.2462   42.4401    -1.1    -8.8    -4.9    -4.3    73.6     4.2 R    -0.8   -12.2    -6.0
64758 200601  1.301  -76.2462   42.4401     3.8    -5.1    -0.7    -0.5    94.6     4.8 R     4.0    -7.0    -2.0
64758 200602  1.301  -76.2462   42.4401     0.6    -8.3    -3.8    -3.5    50.6     8.6 R     1.9   -10.6    -4.4
64758 200603  1.301  -76.2462   42.4401     4.3    -5.8    -0.7    -0.4    61.1    12.5 R     7.8    -7.2    -0.9
64758 200604  1.301  -76.2462   42.4401    13.4    -0.1     6.6     7.0    55.0    17.0 R    19.4    -1.2     7.1
64758 200605  1.301  -76.2462   42.4401    18.9     5.5    12.2    12.6    78.9    17.9 R    23.6     4.0    12.2
64758 200606  1.301  -76.2462   42.4401    22.3    12.2    17.3    17.2   209.4    17.8 R    28.9    11.2    17.9
64758 200607  1.301  -76.2462   42.4401    25.8    14.8    20.3    20.6   111.2    21.4 R    29.4    14.1    20.5
64758 200608  1.301  -76.2462   42.4401    23.1    12.2    17.7    18.1   139.9    19.5 R    35.9    10.9    20.0
64758 200609  1.301  -76.2462   42.4401    18.1     8.7    13.4    13.5    70.8    11.9 R    24.8     8.2    14.2
64758 200610  1.301  -76.2462   42.4401    12.9     2.9     7.9     7.8   112.3     8.5 R    17.3     1.9     7.8
64758 200611  1.301  -76.2462   42.4401     9.8     1.3     5.6     5.3    88.8     5.2 R    12.8     0.2     4.7
64758 200612  1.301  -76.2462   42.4401     5.6    -3.2     1.2     1.5    50.6     4.0 R     7.1    -4.7     0.6
64758 200701  1.301  -76.2462   42.4401     1.0    -7.2    -3.1    -2.7    78.1     4.7 R     2.4    -9.0    -3.4
64758 200702  1.301  -76.2462   42.4401    -4.5   -12.7    -8.6    -8.1    59.3     9.1 R    -4.0   -15.6    -9.3
64758 200703  1.301  -76.2462   42.4401     4.9    -7.1    -1.1    -0.8   108.0    12.9 R     5.6    -9.1    -2.0
64758 200704  1.301  -76.2462   42.4401     9.9    -0.5     4.7     4.7   119.2    13.7 R    15.1    -1.1     4.7
64758 200705  1.301  -76.2462   42.4401    20.4     4.5    12.4    13.0    24.3    23.2 R    25.3     2.6    12.7
64758 200706  1.301  -76.2462   42.4401    24.9    10.5    17.7    17.9   109.7    24.2 R    29.6     9.5    18.2
64758 200707  1.301  -76.2462   42.4401    24.5    11.6    18.0    18.3   145.6    21.0 R    35.2    10.6    19.9
64758 200708  1.301  -76.2462   42.4401    24.8    12.8    18.8    19.0    78.5    18.8 R    33.3    12.1    20.3
64758 200709  1.301  -76.2462   42.4401    22.4     9.3    15.8    15.8    99.4    16.1 R    28.2     8.3    16.2
64758 200710  1.302  -76.2462   42.4401    18.1     7.3    12.7    12.7   122.0     9.4 R    22.6     6.7    12.6
64758 200711  1.302  -76.2462   42.4401     6.6    -2.4     2.1     2.2   104.4     6.0 R    12.8    -3.4     1.9
64758 200712  1.302  -76.2462   42.4401     0.6    -6.9    -3.2    -2.6   127.2     3.1 R     5.8    -8.6    -3.8
64758 200801  1.302  -76.2462   42.4401     0.6    -8.4    -3.9    -3.1    40.9     5.6 R     6.9   -10.7    -4.4
64758 200802  1.302  -76.2462   42.4401    -0.5    -9.6    -5.1    -4.7   135.6     7.3 R     7.0   -11.2    -5.5
64758 200803  1.302  -76.2462   42.4401     3.4    -6.0    -1.3    -1.1   158.9    12.1 R    10.9    -7.2    -1.6
64758 200804  1.302  -76.2462   42.4401    15.5     2.1     8.8     9.1    55.0    19.2 R    25.7     0.8     9.4
64758 200805  1.302  -76.2462   42.4401    17.0     2.8     9.9    10.5    52.7    18.6 R    25.9     1.3    10.8
64758 200806  1.302  -76.2462   42.4401    24.5    13.2    18.8    18.8    96.8    19.7 R    34.1    12.6    19.9
64758 200807  1.302  -76.2462   42.4401    25.5    13.5    19.5    19.6   142.2    20.2 R    34.2    13.1    20.8
64758 200808  1.302  -76.2462   42.4401    22.9    10.6    16.8    16.9    73.0    19.7 R    31.3    10.5    18.3
64758 200809  1.302  -76.2462   42.4401    21.3     8.6    14.9    15.0    79.8    14.1 R    29.3     8.2    15.7
64758 200810  1.302  -76.2462   42.4401    13.7     0.8     7.2     6.9    95.2    11.1 R    18.7     0.8     7.5
64758 200811  1.302  -76.2462   42.4401     5.8    -2.6     1.6     2.1    90.3     5.0 R     8.9    -3.6     1.8
64758 200812  1.302  -76.2462   42.4401     1.2    -7.0    -2.9    -2.6    88.9     3.7 R     1.5    -7.5    -3.1
64758 200901  1.302  -76.2462   42.4401    -4.5   -16.1   -10.3    -9.3    50.9     6.0 R    -3.2   -17.9    -9.9
64758 200902  1.302  -76.2462   42.4401     1.0   -10.2    -4.6    -3.9    51.7     9.0 R     1.9   -11.0    -4.5
64758 200903  1.302  -76.2462   42.4401     6.5    -4.6     0.9     0.8    82.6    12.7 R    11.2    -4.6     1.7
64758 200904  1.302  -76.2462   42.4401    14.2     1.2     7.7     7.9   100.1    16.9 R    19.0     0.5     8.3
64758 200905  1.302  -76.2462   42.4401    19.0     5.2    12.1    12.6   100.0    19.9 R    23.5     4.6    13.2
64758 200906  1.302  -76.2462   42.4401    21.8    10.3    16.1    16.2   112.1    18.3 R    26.7     9.6    16.9
64758 200907  1.302  -76.2462   42.4401    23.1    11.2    17.1    17.3   120.8    19.8 R    28.0    10.5    18.1
64758 200908  1.302  -76.2462   42.4401    24.7    13.4    19.1    18.9   127.5    17.8 R    29.4    12.9    19.6
64758 200909  1.302  -76.2462   42.4401    19.6     7.8    13.7    13.7    61.2    14.2 R    24.0     6.9    14.2
64758 200910  1.302  -76.2462   42.4401    12.5     3.3     7.9     8.0    84.3     7.7 R    18.1     1.9     8.2
64758 200911  1.302  -76.2462   42.4401    10.4     0.0     5.2     5.2    48.0     6.0 R    16.2     0.0     6.8
64758 200912  1.302  -76.2462   42.4401     0.1    -7.1    -3.5    -3.2    65.0     3.9 R     2.6    -7.7    -2.7
64758 201001  1.302  -76.2462   42.4401    -2.4    -9.7    -6.1    -5.9    65.1     5.5 R     0.6   -11.0    -6.0
64758 201002  1.302  -76.2462   42.4401    -1.9    -8.0    -5.0    -4.4    71.2     7.0 R     0.0    -9.4    -4.6
64758 201003  1.302  -76.2462   42.4401     8.3    -2.9     2.7     2.6    72.2    12.5 R    12.1    -4.0     2.6
64758 201004  1.302  -76.2462   42.4401    16.2     1.2     8.7     9.0    60.1    17.9 R    22.2    -0.1     9.2
64758 201005  1.302  -76.2462   42.4401    20.9     6.8    13.9    14.6    68.6    20.6 R    24.1     5.0    14.1
64758 201006  1.302  -76.2462   42.4401    23.7    11.8    17.7    18.2   122.3    19.0 R    30.0    10.7    18.9
64758 201007  1.302  -76.2462   42.4401    27.2    13.7    20.5    20.8    80.0    22.7 R    39.0    12.4    22.8
64758 201008  1.302  -76.2462   42.4401    25.2    13.6    19.4    19.4   102.5    17.9 R    33.3    12.7    20.5
64758 201009  1.302  -76.2462   42.4401    20.8     9.6    15.2    15.4   145.0    12.4 R    24.7     8.5    15.3
64758 201010  2.302  -76.2462   42.4401    13.4     2.6     8.0     8.4    98.8     9.5 R    17.1     1.6     8.0
64758 201011  2.302  -76.2462   42.4401     8.1    -1.4     3.3     3.3    76.7     5.6 R    11.4    -2.4     3.1
64758 201012  2.302  -76.2462   42.4401    -2.0    -9.1    -5.5    -5.0    72.1     4.2 R    -1.1    -9.9    -5.3
64758 201101  2.302  -76.2462   42.4401    -3.5   -12.4    -8.0    -7.0    40.8     5.5 R    -2.7   -14.9    -7.6
64758 201102  2.302  -76.2462   42.4401     0.4   -12.5    -6.1    -5.3   110.6     8.1 R    -0.2   -14.1    -6.6
64758 201103  2.302  -76.2462   42.4401     3.7    -5.8    -1.0    -0.6   122.0    11.6 R     7.9    -6.8    -0.6
64758 201104  2.402  -76.2462   42.4401    12.4     2.4     7.4     7.4   199.1    12.1 R    17.3     2.0     7.9
64758 201105  2.402  -76.2462   42.4401    19.7     8.8    14.3    14.5   124.8    17.2 R    22.4     8.2    14.1
64758 201106  2.402  -76.2462   42.4401    23.8    12.0    17.9    18.0    99.8    20.3 R    26.4    11.3    17.9
64758 201107  2.402  -76.2462   42.4401    29.0    13.7    21.4    21.6    15.6    23.3 R    35.0    13.5    22.5
64758 201108  2.402  -76.2462   42.4401    24.7    12.8    18.7    18.7   190.2    16.3 R    29.2    12.6    19.3
64758 201109  2.402  -76.2462   42.4401    21.4    11.6    16.5    16.3   251.9    11.4 R    24.4    11.2    16.6
64758 201110  2.402  -76.2462   42.4401    14.4     4.1     9.2     9.0    92.5     8.5 R    17.1     3.9     9.1
64758 201111  2.402  -76.2462   42.4401    11.8     0.6     6.2     6.1    75.9     6.9 R    13.9    -0.3     5.7
64758 201112  2.402  -76.2462   42.4401     4.6    -4.0     0.3     0.4    86.7     4.5 R     6.0    -4.5     0.2
64758 201201  2.402  -76.2462   42.4401     2.1    -8.1    -3.0    -2.8    83.5     4.9 R     1.7   -10.0    -3.9
64758 201202  2.402  -76.2462   42.4401     2.8    -5.4    -1.3    -0.9    40.0     6.8 R     4.7    -6.9    -1.4
64758 201203  2.402  -76.2462   42.4401    12.8     0.8     6.8     6.6    51.6    13.2 R    17.8    -0.1     6.9
64758 201204  2.402  -76.2462   42.4401    11.8    -0.9     5.5     5.9    76.7    17.5 R    17.8    -1.7     6.4
64758 201205  2.402  -76.2462   42.4401    21.8     8.9    15.3    15.6    97.6    19.3 R    24.7     8.0    15.6
64758 201206  2.412  -76.2462   42.4401    23.7    11.3    17.5    17.8    84.4    21.6 R    29.7    10.2    18.5
64758 201207  2.412  -76.2462   42.4401    28.0    13.8    20.9    21.1    43.3    21.4 C    35.0    12.9    22.4
64758 201208  2.412  -76.2462   42.4401    26.4    12.1    19.2    19.2    94.0    19.6 C    32.8    11.4    20.3
64758 201209  2.412  -76.2462   42.4401    20.5     8.1    14.3    14.4    68.5    13.6 C    25.0     7.3    14.8
64758 201210  2.412  -76.2462   42.4401    14.8     5.0     9.9    10.1    98.2     7.2 C    17.8     4.6    10.2
64758 201211  2.412  -76.2462   42.4401     6.3    -2.3     2.0     1.6    32.8     6.0 C     9.6    -3.0     1.6
64758 201212  2.412  -76.2462   42.4401     3.6    -2.9     0.3     0.5   141.6     3.8 C     4.6    -3.9     0.3
64758 201301  2.412  -76.2462   42.4401     0.9    -8.9    -4.0    -3.4    48.8     4.9 C     0.5   -10.9    -4.5
64758 201302  2.412  -76.2462   42.4401    -1.1    -8.4    -4.8    -4.4    61.5     7.4 C    -1.1   -10.2    -4.9
64758 201303  2.412  -76.2462   42.4401     2.5    -5.6    -1.5    -1.2    49.4    10.7 C     3.4    -7.4    -2.0
64758 201304  2.412  -76.2462   42.4401    12.1     0.5     6.3     6.6    68.8    16.1 C    19.2    -0.4     7.7
64758 201305  2.412  -76.2462   42.4401    20.4     6.2    13.3    13.7    77.2    20.9 C    24.8     5.5    14.2
64758 201306  2.412  -76.2462   42.4401    22.4    11.6    17.0    17.4    90.4    18.5 C    26.0    11.0    17.9
64758 201307  2.412  -76.2462   42.4401    26.6    15.4    21.0    21.0   125.3    20.1 C    31.2    15.2    22.1
64758 201308  2.412  -76.2462   42.4401    24.0    11.6    17.8    17.7   140.7    18.3 C    28.5    11.1    18.6
64758 201309  2.422  -76.2462   42.4401    20.0     7.2    13.6    13.6    86.0    14.6 C    24.6     6.4    14.1
64758 201310  2.422  -76.2462   42.4401    15.8     5.1    10.4    10.4    74.0     8.9 C    21.2     3.2    10.2
64758 201311  2.422  -76.2462   42.4401     5.6    -4.0     0.8     1.4    92.1     5.8 C     6.9    -7.0    -0.1
64758 201312  2.422  -76.2462   42.4401     1.2    -7.7    -3.2    -2.5    79.2     3.1 C    -0.5   -11.1    -4.5
64758 201401  2.422  -76.2462   42.4401    -3.4   -13.8    -8.6    -8.0    67.8     5.7 C    -4.3   -17.2    -9.9
64758 201402  2.422  -76.2462   42.4401    -3.1   -13.7    -8.4    -7.4    61.2     7.7 C    -3.8   -18.1    -9.8
64758 201403  2.422  -76.2462   42.4401     1.2    -9.4    -4.1    -3.7    76.2    11.9 C     1.8   -11.3    -4.6
64758 201404  2.422  -76.2462   42.4401    12.4     0.0     6.2     6.4    78.5    14.4 C    19.3    -2.1     6.6
64758 201405  2.422  -76.2462   42.4401    19.6     7.2    13.4    13.6    91.9    19.1 C    24.1     5.3    13.3
64758 201406  2.422  -76.2462   42.4401    23.9    12.0    18.0    18.2   135.9    20.1 C    28.8    10.7    18.5
64758 201407  2.422  -76.2462   42.4401    24.3    12.7    18.5    18.7   104.6    20.4 C    34.4    11.4    20.4
64758 201408  2.422  -76.2462   42.4401    23.1    11.5    17.3    17.5   108.8    18.0 C    30.2     9.9    18.1
64758 201409  2.422  -76.2462   42.4401    21.0     8.6    14.8    14.7    51.9    15.8 C    25.0     6.7    14.3
64758 201410  2.422  -76.2462   42.4401    15.1     5.0    10.0    10.4    80.0     8.4 C    18.9     3.6    10.0
64758 201411  2.422  -76.2462   42.4401     5.6    -3.5     1.1     1.7    62.8     5.6 C     6.6    -6.3     0.4
64758 201412  2.422  -76.2462   42.4401     2.3    -3.5    -0.6    -0.6    72.4     3.1 C     2.3    -4.6    -1.3
64758 201501  2.422  -76.2462   42.4401    -3.2   -14.4    -8.8    -8.1    42.9     6.0 C    -4.0   -17.2    -9.6
64758 201502  2.422  -76.2462   42.4401    -6.7   -19.7   -13.2   -12.0    59.7     9.5 C    -6.9   -23.5   -13.9
64758 201503  2.422  -76.2462   42.4401     1.3    -9.1    -3.9    -3.3    49.6    12.1 C    -1.1   -12.4    -5.4
64758 201504  2.422  -76.2462   42.4401    11.9    -0.4     5.8     6.1   106.9    15.5 C    17.1    -2.4     5.6
64758 201505  2.422  -76.2462   42.4401    22.3     8.1    15.2    15.6    90.8    21.1 C    26.8     6.3    15.3
64758 201506  2.422  -76.2462   42.4401    22.7    11.4    17.0    17.4   172.2    19.0 C    26.6    10.2    17.7
64758 201507  2.422  -76.2462   42.4401    25.0    12.7    18.8    19.1   126.0    22.4 C    29.2    11.4    19.3
64758 201508  2.422  -76.2462   42.4401    24.8    12.0    18.4    18.5    39.4    19.6 C    29.0    10.4    18.3
64758 201509  2.422  -76.2462   42.4401    24.2    11.0    17.6    17.3    89.7    15.3 C    29.5     9.2    17.2
64758 201510  2.422  -76.2462   42.4401    13.6     3.0     8.3     8.4    63.1     9.2 C    19.0     0.4     8.3
64758 201511  2.422  -76.2462   42.4401    11.3     0.3     5.8     5.9    44.9     6.4 C    13.9    -2.4     4.5
64758 201512  2.422  -76.2462   42.4401     8.2     0.1     4.2     4.4    83.8     3.3 C     9.5    -1.7     3.5
64758 201601  2.422  -76.2462   42.4401    -0.4    -9.1    -4.7    -4.4    52.5     4.5 C    -1.2   -12.9    -6.0
64758 201602  2.422  -76.2462   42.4401     2.4    -8.3    -2.9    -2.5   109.6     7.8 C     4.7   -11.6    -3.9
64758 201603  2.422  -76.2462   42.4401    10.3    -2.4     3.9     3.9    47.1    11.8 C    17.3    -4.6     4.1
64758 201604  2.422  -76.2462   42.4401    11.0    -2.3     4.4     4.9    78.4    16.5 C    17.3    -5.2     4.7
64758 201605  2.422  -76.2462   42.4401    19.0     5.2    12.1    12.6    48.4    18.4 C    23.2     3.1    12.0
64758 201606  2.422  -76.2462   42.4401    24.8     9.3    17.1    17.6    30.9    23.0 C    30.7     7.0    17.5
64758 201607  2.422  -76.2462   42.4401    28.3    12.9    20.6    21.1    49.0    20.9 C    37.6    11.3    22.0
64758 201608  2.422  -76.2462   42.4401    27.2    14.7    21.0    21.0   145.2    18.9 C    32.3    13.4    21.3
64758 201609  2.422  -76.2462   42.4401    23.6     8.7    16.1    16.1    33.4    17.0 C    27.5     6.9    15.7
64758 201610  2.422  -76.2462   42.4401    15.3     4.4     9.9     9.8   123.3     8.5 C    18.8     2.9     9.5
64758 201611  2.422  -76.2462   42.4401     9.9    -1.0     4.5     4.4    43.7     6.6 C    11.1    -2.5     3.2
64758 201612  2.422  -76.2462   42.4401     1.4    -6.9    -2.8    -2.2    92.5     3.7 C    -0.4   -11.0    -4.4
64758 201701  2.422  -76.2462   42.4401     1.2    -6.4    -2.6    -2.2    90.8     4.0 C     0.3    -9.2    -4.0
64758 201702  2.422  -76.2462   42.4401     4.9    -5.4    -0.3     0.0    78.5     8.4 C     4.1    -8.9    -2.3
64758 201703  2.422  -76.2462   42.4401     2.7    -7.1    -2.2    -1.8 -9999.0    10.9 C     4.3   -10.3    -3.0
64758 201704  2.422  -76.2462   42.4401    15.9     3.7     9.8     9.9   127.6    15.1 C    23.0     1.1    10.0
64758 201705  2.422  -76.2462   42.4401    17.3     6.6    12.0    12.1   147.5    15.4 C    21.9     5.2    12.2
64758 201706  2.422  -76.2462   42.4401    23.7    11.2    17.4    17.6   126.7    21.0 C    27.2    10.1    17.6
64758 201707  2.422  -76.2462   42.4401    25.2    14.1    19.6    19.6   192.3    19.2 C    30.0    12.9    19.8
