04140 200807  2.302 -110.2895   46.8847 -9999.0 -9999.0 -9999.0 -9999.0 -9999.0 -9999.0 U -9999.0 -9999.0 -9999.0
04140 200808  2.302 -110.2895   46.8847    25.8     6.5    16.2    16.8    34.4    20.7 R    45.8     5.8    20.3
04140 200809  2.302 -110.2895   46.8847    18.4     0.3     9.3    10.0 -9999.0    14.8 R    32.6     0.1    11.7
04140 200810  2.302 -110.2895   46.8847    12.4    -2.8     4.8     5.8    49.1    10.2 R    20.2    -4.2     4.9
04140 200811  2.302 -110.2895   46.8847     8.9    -2.2     3.3     3.8    19.5     5.8 R    14.3    -4.3     2.1
04140 200812  2.302 -110.2895   46.8847    -3.3   -15.0    -9.2    -8.6    30.0     4.0 R    -2.3   -17.0   -10.0
04140 200901  2.302 -110.2895   46.8847     2.2   -10.7    -4.2    -3.6    25.3     5.8 R     4.5   -13.0    -5.6
04140 200902  2.302 -110.2895   46.8847     3.6    -9.1    -2.8    -2.4     7.0     9.8 R    12.8   -11.3    -2.7
04140 200903  2.302 -110.2895   46.8847     3.5    -9.2    -2.8    -2.4    45.3    14.1 R    15.4   -11.6    -1.9
04140 200904  2.302 -110.2895   46.8847     7.7    -4.8     1.4     2.3    53.6    18.4 R    17.8    -5.9     3.2
04140 200905  2.302 -110.2895   46.8847    15.7     0.1     7.9     8.8    12.9    23.5 R    37.8    -0.7    12.7
04140 200906  2.302 -110.2895   46.8847    17.9     3.3    10.6    11.4    54.9    21.1 R    36.3     3.2    15.3
04140 200907  2.302 -110.2895   46.8847    23.4     6.4    14.9    15.4    87.3    21.8 R    38.5     6.5    18.2
04140 200908  2.302 -110.2895   46.8847    23.2     6.7    14.9    15.4    46.1    20.2 R    37.7     6.7    18.0
04140 200909  2.302 -110.2895   46.8847    24.0     3.6    13.8    14.2    22.0    17.9 R    38.9     2.9    16.4
04140 200910  2.302 -110.2895   46.8847     5.8    -5.2     0.3     1.1    68.3     8.9 R    11.6    -6.2     0.8
04140 200911  2.302 -110.2895   46.8847     7.7    -4.2     1.7     2.4     9.9     6.7 R    12.6    -6.9     0.1
04140 200912  2.302 -110.2895   46.8847    -3.7   -17.3   -10.5    -9.9    14.9     4.8 R    -0.3   -18.8   -11.2
04140 201001  2.302 -110.2895   46.8847     1.9   -10.1    -4.1    -3.6    16.6     5.0 R     5.2   -11.8    -5.5
04140 201002  2.302 -110.2895   46.8847     1.2   -10.5    -4.6    -3.5    12.2     8.6 R     5.0   -11.8    -4.4
04140 201003  2.302 -110.2895   46.8847     9.0    -4.9     2.1     2.4    12.3    13.9 R    25.0    -6.3     3.8
04140 201004  2.302 -110.2895   46.8847    10.0    -3.9     3.1     3.5    33.7    17.6 R    29.1    -4.5     6.6
04140 201005  2.302 -110.2895   46.8847    11.8    -1.5     5.2     5.6    97.3    17.7 R    29.3    -1.5     8.9
04140 201006  2.302 -110.2895   46.8847    18.6     4.5    11.5    12.2    85.0    20.3 R    34.0     4.7    14.9
04140 201007  2.302 -110.2895   46.8847    23.1     6.1    14.6    15.3    77.7    23.0 R    38.3     6.4    18.3
04140 201008  2.302 -110.2895   46.8847    22.8     6.2    14.5    15.2    85.0    19.8 R    37.0     6.6    17.7
04140 201009  2.404 -110.2895   46.8847    18.6     3.2    10.9    11.0    45.4    15.2 R    27.2     3.7    12.2
04140 201010  2.404 -110.2895   46.8847    16.1    -0.9     7.6     8.1    20.4    11.1 R    24.6    -1.1     8.2
04140 201011  2.404 -110.2895   46.8847     2.4    -9.6    -3.6    -3.0    37.1     5.8 R     5.0    -9.9    -3.3
04140 201012  2.404 -110.2895   46.8847     1.3   -10.8    -4.7    -4.5    24.1     4.8 R     0.3   -12.3    -6.3
04140 201101  2.404 -110.2895   46.8847     0.9   -10.4    -4.7    -3.5    17.2     5.0 R     0.7   -10.7    -4.8
04140 201102  2.404 -110.2895   46.8847    -2.1   -14.7    -8.4    -7.4    26.9     9.3 R    -2.5   -18.1    -9.8
04140 201103  2.404 -110.2895   46.8847     5.0    -6.8    -0.9    -0.6    12.1    13.2 R    15.5    -6.9     0.6
04140 201104  2.404 -110.2895   46.8847     6.4    -5.3     0.5     1.1    76.3    16.5 R    17.3    -6.9     2.1
04140 201105  2.404 -110.2895   46.8847    11.8     0.7     6.2     6.6   190.3    17.3 R    27.1     0.7     9.6
04140 201106  2.402 -110.2895   46.8847    17.9     3.6    10.8    11.4   115.9    20.8 R    29.9     4.3    14.0
04140 201107  2.402 -110.2895   46.8847    26.8     7.1    16.9    18.0    13.6    24.0 R    44.7     7.6    22.2
04140 201108  2.402 -110.2895   46.8847    26.6     7.0    16.8    17.6    22.4    18.8 R    44.9     7.2    20.9
04140 201109  2.402 -110.2895   46.8847    23.2     1.8    12.5    13.4     2.5    16.3 R    38.5     2.1    16.0
04140 201110  2.402 -110.2895   46.8847    13.3    -0.8     6.3     6.9    24.1     8.4 R    21.1    -0.6     7.3
04140 201111  2.402 -110.2895   46.8847     4.4    -7.2    -1.4    -0.8    25.9     5.4 R     6.2    -9.0    -2.2
04140 201112  2.402 -110.2895   46.8847     2.7    -9.3    -3.3    -2.3     9.4     4.4 R     3.3   -11.4    -4.1
04140 201201  2.402 -110.2895   46.8847     2.2    -8.9    -3.3    -2.5    28.2     5.0 R     3.9   -11.0    -3.9
04140 201202  2.402 -110.2895   46.8847     1.6   -11.2    -4.8    -4.0    15.9     7.4 R     7.0   -11.8    -4.0
04140 201203  2.402 -110.2895   46.8847    10.3    -3.1     3.6     3.6    27.8    12.1 R    18.5    -4.0     3.9
04140 201204  2.402 -110.2895   46.8847    12.5    -2.3     5.1     5.6    59.8    15.0 R    23.6    -2.3     7.3
04140 201205  2.402 -110.2895   46.8847    14.7    -0.9     6.9     7.9    35.1    18.9 R    30.4    -0.6    11.2
04140 201206  2.412 -110.2895   46.8847    21.8     4.4    13.1    14.2    27.5    23.5 R    39.5     4.3    17.7
04140 201207  2.412 -110.2895   46.8847    29.1     8.1    18.6    19.8    31.9    22.9 C    48.1     7.8    23.3
04140 201208  2.412 -110.2895   46.8847    27.6     5.7    16.7    18.0    16.9    21.6 C    46.9     5.4    21.9
04140 201209  2.412 -110.2895   46.8847    22.9     1.3    12.1    12.9     0.8    17.0 C    41.9     0.7    15.8
04140 201210  2.412 -110.2895   46.8847    10.1    -2.6     3.8     4.5    27.6     8.4 C    17.8    -4.7     4.3
04140 201211  2.412 -110.2895   46.8847     6.7    -4.8     0.9     1.9    36.2     5.3 C     7.9    -7.2    -0.9
04140 201212  2.412 -110.2895   46.8847    -0.1   -11.2    -5.7    -4.7    17.6     4.6 C    -0.6   -15.3    -7.7
04140 201301  2.412 -110.2895   46.8847     3.4    -8.6    -2.6    -2.1    16.5     5.1 C     2.6   -12.9    -5.6
04140 201302  2.412 -110.2895   46.8847     2.5    -9.2    -3.4    -2.4    15.7     9.0 C     8.0   -11.7    -3.6
04140 201303  2.412 -110.2895   46.8847     6.5    -8.5    -1.0    -0.1     4.6    12.7 C    22.5   -10.0     1.3
04140 201304  2.412 -110.2895   46.8847     8.1    -5.8     1.1     1.7    32.0    17.8 C    27.0    -7.9     4.7
04140 201305  2.412 -110.2895   46.8847    15.5     1.3     8.4     9.3    68.6    18.3 C    31.8     1.1    12.7
04140 201306  2.412 -110.2895   46.8847    20.1     4.6    12.4    13.1    94.1    22.8 C    35.3     4.9    16.3
04140 201307  2.422 -110.2895   46.8847    26.2     8.8    17.5    18.3    35.0    25.5 C    46.6     8.4    22.6
04140 201308  2.422 -110.2895   46.8847    27.1     8.0    17.5    17.9    45.0    20.9 C    44.5     7.5    20.6
04140 201309  2.422 -110.2895   46.8847    20.8     4.9    12.8    13.4    35.3    14.4 C    34.5     4.3    15.2
04140 201310  2.422 -110.2895   46.8847    10.3    -4.2     3.1     3.3    35.9    10.5 C    19.0    -5.0     3.5
04140 201311  2.422 -110.2895   46.8847     6.0    -7.7    -0.8     0.0     5.9     6.3 C    11.8    -9.7    -1.7
04140 201312  2.422 -110.2895   46.8847    -0.9   -11.5    -6.2    -5.2    33.4     4.1 C    -2.9   -15.8    -8.7
04140 201401  2.422 -110.2895   46.8847     3.1   -10.1    -3.5    -2.5    42.2     5.8 C    -0.1   -13.5    -6.0
04140 201402  2.422 -110.2895   46.8847    -4.7   -17.0   -10.9   -10.1    33.1     8.5 C    -5.0   -20.6   -12.4
04140 201403  2.422 -110.2895   46.8847     3.2    -7.2    -2.0    -1.3    47.5    12.1 C     7.7    -8.7    -1.9
04140 201404  2.422 -110.2895   46.8847    10.3    -3.1     3.6     4.0    26.5    17.4 C    27.1    -4.9     6.3
04140 201405  2.422 -110.2895   46.8847    15.0     0.3     7.6     8.4    49.1    18.7 C    31.9     0.2    11.8
04140 201406  2.422 -110.2895   46.8847    17.5     3.9    10.7    11.4    57.5    21.0 C    33.9     3.7    14.5
04140 201407  2.422 -110.2895   46.8847    27.0     8.0    17.5    18.5    30.6    25.0 C    45.2     7.9    22.3
04140 201408  2.422 -110.2895   46.8847    23.3     7.6    15.5    15.9   180.7    18.2 C    36.3     8.0    18.1
04140 201409  2.422 -110.2895   46.8847    18.4     2.5    10.5    10.8    62.0    15.7 C    29.2     2.6    12.5
04140 201410  2.422 -110.2895   46.8847    15.9    -0.1     7.9     8.5     7.6    11.4 C    24.5    -1.1     8.0
04140 201411  2.422 -110.2895   46.8847     2.7    -9.6    -3.5    -2.9    24.2     6.6 C     7.3   -11.6    -3.9
04140 201412  2.422 -110.2895   46.8847     3.8    -7.8    -2.0    -1.2    13.5     4.4 C     3.0   -11.4    -4.9
04140 201501  2.422 -110.2895   46.8847     5.2    -9.8    -2.3    -2.2    15.5     6.0 C     3.7   -11.4    -4.4
04140 201502  2.422 -110.2895   46.8847     4.4    -8.9    -2.3    -1.5    18.4     8.9 C     8.2   -10.8    -2.9
04140 201503  2.422 -110.2895   46.8847    11.4    -3.5     3.9     4.2    12.4    14.7 C    19.7    -5.9     3.8
04140 201504  2.422 -110.2895   46.8847    11.3    -4.1     3.6     4.0    43.8    19.4 C    28.9    -5.1     7.0
04140 201505  2.422 -110.2895   46.8847    13.6     0.9     7.2     7.7   100.0    16.9 C    28.2     1.2    10.9
04140 201506  2.422 -110.2895   46.8847    22.5     6.2    14.3    15.5    60.0    23.1 C    38.9     6.3    18.8
04140 201507  2.422 -110.2895   46.8847    24.1     6.9    15.5    16.3    39.8    21.2 C    41.5     6.7    19.6
04140 201508  2.422 -110.2895   46.8847    25.4     6.1    15.8    16.7    16.3    18.6 C    41.6     5.5    19.1
04140 201509  2.422 -110.2895   46.8847    21.2     2.6    11.9    12.4    21.3    16.0 C    37.1     1.8    14.5
04140 201510  2.422 -110.2895   46.8847    16.0    -1.3     7.3     8.1     4.6     9.8 C    27.3    -2.8     8.4
04140 201511  2.422 -110.2895   46.8847     4.0    -8.0    -2.0    -1.9    30.1     6.4 C     5.7   -11.4    -4.5
04140 201512  2.422 -110.2895   46.8847     0.6   -10.4    -4.9    -3.7    26.0     4.7 C    -0.9   -15.0    -7.5
04140 201601  2.422 -110.2895   46.8847     2.7    -7.0    -2.2    -2.0     7.6     5.9 C     1.1   -10.9    -5.2
04140 201602  2.422 -110.2895   46.8847     7.5    -5.9     0.8     1.7     7.4     9.6 C    16.9    -8.8     0.6
04140 201603  2.422 -110.2895   46.8847     8.4    -5.9     1.2     1.8    32.2    13.2 C    23.6    -8.6     2.7
04140 201604  2.422 -110.2895   46.8847    12.5    -1.9     5.3     5.9    36.4    15.9 C    27.8    -2.7     8.3
04140 201605  2.422 -110.2895   46.8847    14.9     0.4     7.7     8.3    73.0    19.5 C    30.2     0.1    11.4
04140 201606  2.422 -110.2895   46.8847    23.6     4.7    14.1    15.4    41.1    25.9 C    45.2     4.3    20.1
04140 201607  2.422 -110.2895   46.8847    25.3     7.0    16.1    17.0    37.6    24.1 C    45.7     6.6    21.1
04140 201608  2.422 -110.2895   46.8847    24.3     5.4    14.8    15.8    64.7    21.4 C    41.9     5.5    19.0
04140 201609  2.422 -110.2895   46.8847    17.6     3.5    10.5    11.0    76.4    12.9 C    29.9     3.3    12.5
04140 201610  2.422 -110.2895   46.8847    12.2    -0.2     6.0     6.6    52.0     8.2 C    18.3    -1.5     5.9
04140 201611  2.422 -110.2895   46.8847    10.8    -3.5     3.7     4.2     5.6     6.6 C    14.8    -5.2     1.8
04140 201612  2.422 -110.2895   46.8847 -9999.0 -9999.0 -9999.0 -9999.0 -9999.0 -9999.0 U -9999.0 -9999.0 -9999.0
04140 201701  2.422 -110.2895   46.8847    -0.9   -14.9    -7.9    -7.4    10.8     6.0 C    -0.8   -17.4   -10.0
04140 201702  2.422 -110.2895   46.8847     2.2   -10.3    -4.1    -3.3    25.5     8.7 C     4.5   -13.0    -5.2
04140 201703  2.422 -110.2895   46.8847     8.9    -4.7     2.1     2.7    17.2    13.1 C    16.2    -5.8     2.5
04140 201704  2.422 -110.2895   46.8847    10.7    -2.9     3.9     4.5    51.9    15.8 C    26.6    -3.6     7.0
04140 201705  2.422 -110.2895   46.8847    16.8     0.1     8.4     9.4    91.8    21.1 C    33.9     0.4    13.1
04140 201706  2.422 -110.2895   46.8847    21.2     5.0    13.1    14.2    56.9    24.0 C    41.0     4.6    18.4
04140 201707  2.422 -110.2895   46.8847    29.4     8.2    18.8    20.2    16.7    23.8 C    50.1     7.7    24.1
