63866 200605  5.001  -86.3156   34.3337 -9999.0 -9999.0 -9999.0 -9999.0 -9999.0 -9999.0 U -9999.0 -9999.0 -9999.0
63866 200606  5.001  -86.3156   34.3337    31.5    19.0    25.3    24.8    31.8 -9999.0 U -9999.0 -9999.0 -9999.0
63866 200607  5.001  -86.3156   34.3337    33.5    22.3    27.9    27.3    50.1 -9999.0 U -9999.0 -9999.0 -9999.0
63866 200608  5.001  -86.3156   34.3337    34.1    23.1    28.6    27.7    52.5 -9999.0 U -9999.0 -9999.0 -9999.0
63866 200609  5.001  -86.3156   34.3337    27.7    17.0    22.4    22.1   131.0 -9999.0 U -9999.0 -9999.0 -9999.0
63866 200610  5.001  -86.3156   34.3337    21.0    10.5    15.7    15.5   158.0 -9999.0 U -9999.0 -9999.0 -9999.0
63866 200611  5.001  -86.3156   34.3337    16.5     5.6    11.1    10.7    95.8 -9999.0 U -9999.0 -9999.0 -9999.0
63866 200612  5.001  -86.3156   34.3337    14.0     2.6     8.3     7.9    86.0 -9999.0 U -9999.0 -9999.0 -9999.0
63866 200701  5.001  -86.3156   34.3337    11.2     2.2     6.7     6.8    62.6 -9999.0 U -9999.0 -9999.0 -9999.0
63866 200702  5.001  -86.3156   34.3337    11.2     0.2     5.7     5.6    56.8 -9999.0 U -9999.0 -9999.0 -9999.0
63866 200703  5.001  -86.3156   34.3337    21.5     8.9    15.2    15.1    28.4 -9999.0 U -9999.0 -9999.0 -9999.0
63866 200704  5.001  -86.3156   34.3337    20.8     9.0    14.9    14.9    72.7 -9999.0 U -9999.0 -9999.0 -9999.0
63866 200705  5.001  -86.3156   34.3337    28.4    15.8    22.1    22.0    10.0 -9999.0 U -9999.0 -9999.0 -9999.0
63866 200706  5.001  -86.3156   34.3337    32.3    20.0    26.2    25.8    94.8 -9999.0 U -9999.0 -9999.0 -9999.0
63866 200707  5.001  -86.3156   34.3337    29.5    21.3    25.4    24.8   204.4 -9999.0 U -9999.0 -9999.0 -9999.0
63866 200708  5.001  -86.3156   34.3337    35.2    23.3    29.3    28.6    17.5 -9999.0 U -9999.0 -9999.0 -9999.0
63866 200709  5.001  -86.3156   34.3337    30.2    19.3    24.8    24.3    72.3 -9999.0 U -9999.0 -9999.0 -9999.0
63866 200710  5.001  -86.3156   34.3337    24.4    13.7    19.1    18.9    29.5 -9999.0 U -9999.0 -9999.0 -9999.0
63866 200711  5.001  -86.3156   34.3337    17.7     5.3    11.5    11.2    58.5 -9999.0 U -9999.0 -9999.0 -9999.0
63866 200712  5.001  -86.3156   34.3337    14.8     4.9     9.9     9.6    54.7 -9999.0 U -9999.0 -9999.0 -9999.0
63866 200801  5.001  -86.3156   34.3337     9.9    -0.2     4.8     4.9    97.8 -9999.0 U -9999.0 -9999.0 -9999.0
63866 200802  5.001  -86.3156   34.3337    14.1     2.3     8.2     8.1   120.7 -9999.0 U -9999.0 -9999.0 -9999.0
63866 200803  5.001  -86.3156   34.3337    17.9     5.5    11.7    11.7   128.1 -9999.0 U -9999.0 -9999.0 -9999.0
63866 200804  5.001  -86.3156   34.3337    21.8    11.1    16.5    16.4   110.4 -9999.0 U -9999.0 -9999.0 -9999.0
63866 200805  5.001  -86.3156   34.3337    25.6    15.3    20.4    20.3   111.7 -9999.0 U -9999.0 -9999.0 -9999.0
63866 200806  5.001  -86.3156   34.3337    31.0    20.4    25.7    25.4    38.3 -9999.0 U -9999.0 -9999.0 -9999.0
63866 200807  5.001  -86.3156   34.3337    32.3    21.3    26.8    26.2    61.4 -9999.0 U -9999.0 -9999.0 -9999.0
63866 200808  5.001  -86.3156   34.3337    30.9    21.0    26.0    25.6   164.3 -9999.0 U -9999.0 -9999.0 -9999.0
63866 200809  5.001  -86.3156   34.3337    28.0    19.2    23.6    23.1    24.2 -9999.0 U -9999.0 -9999.0 -9999.0
63866 200810  5.001  -86.3156   34.3337    21.7    11.4    16.6    16.2    53.4 -9999.0 U -9999.0 -9999.0 -9999.0
63866 200811  5.001  -86.3156   34.3337    15.0     3.9     9.4     9.1    53.6 -9999.0 U -9999.0 -9999.0 -9999.0
63866 200812  5.001  -86.3156   34.3337    12.5     2.8     7.7     7.6   280.9 -9999.0 U -9999.0 -9999.0 -9999.0
63866 200901  5.001  -86.3156   34.3337    10.5     0.1     5.3     5.1   181.5 -9999.0 U -9999.0 -9999.0 -9999.0
63866 200902  5.001  -86.3156   34.3337    13.6     2.3     7.9     7.9   144.2 -9999.0 U -9999.0 -9999.0 -9999.0
63866 200903  5.001  -86.3156   34.3337    17.8     7.6    12.7    12.8   128.1 -9999.0 U -9999.0 -9999.0 -9999.0
63866 200904  5.001  -86.3156   34.3337    21.6    10.1    15.8    15.8    83.7 -9999.0 U -9999.0 -9999.0 -9999.0
63866 200905  5.101  -86.3156   34.3337    24.8    16.5    20.7    20.4   221.7 -9999.0 U -9999.0 -9999.0 -9999.0
63866 200906  5.101  -86.3156   34.3337    31.4    20.4    25.9    25.7    40.4 -9999.0 U -9999.0 -9999.0 -9999.0
63866 200907  5.101  -86.3156   34.3337    29.8    20.4    25.1    24.9   111.8 -9999.0 U -9999.0 -9999.0 -9999.0
63866 200908  5.101  -86.3156   34.3337    29.9    20.9    25.4    25.0   142.9 -9999.0 U -9999.0 -9999.0 -9999.0
63866 200909  5.101  -86.3156   34.3337    26.6    19.5    23.0    22.6   109.6 -9999.0 U -9999.0 -9999.0 -9999.0
63866 200910  5.101  -86.3156   34.3337    20.1    11.5    15.8    15.7   194.2 -9999.0 U -9999.0 -9999.0 -9999.0
63866 200911  5.101  -86.3156   34.3337    17.2     6.1    11.7    11.1    87.1 -9999.0 U -9999.0 -9999.0 -9999.0
63866 200912  5.101  -86.3156   34.3337    10.2     1.9     6.1     5.9   170.7 -9999.0 U -9999.0 -9999.0 -9999.0
63866 201001  5.101  -86.3156   34.3337     6.9    -2.0     2.5     2.3   131.2 -9999.0 U -9999.0 -9999.0 -9999.0
63866 201002  5.101  -86.3156   34.3337     7.9    -0.9     3.5     3.3 -9999.0 -9999.0 U -9999.0 -9999.0 -9999.0
63866 201003  5.101  -86.3156   34.3337    14.9     4.7     9.8     9.6   141.4 -9999.0 U -9999.0 -9999.0 -9999.0
63866 201004  5.101  -86.3156   34.3337    24.1    11.0    17.6    17.6   129.5 -9999.0 U -9999.0 -9999.0 -9999.0
63866 201005  5.101  -86.3156   34.3337    27.1    17.2    22.1    21.8   203.1 -9999.0 U -9999.0 -9999.0 -9999.0
63866 201006  5.101  -86.3156   34.3337    31.2    22.0    26.6    26.1    79.1 -9999.0 U -9999.0 -9999.0 -9999.0
63866 201007  5.101  -86.3156   34.3337    33.3    23.0    28.2    27.5    52.3 -9999.0 U -9999.0 -9999.0 -9999.0
63866 201008  5.101  -86.3156   34.3337    33.6    23.8    28.7    28.0    69.1 -9999.0 U -9999.0 -9999.0 -9999.0
63866 201009  5.101  -86.3156   34.3337    31.0    18.4    24.7    24.1    28.5 -9999.0 U -9999.0 -9999.0 -9999.0
63866 201010  5.101  -86.3156   34.3337    24.7    10.0    17.4    17.0    88.8 -9999.0 U -9999.0 -9999.0 -9999.0
63866 201011  5.101  -86.3156   34.3337    17.6     6.3    11.9    11.5   153.5 -9999.0 U -9999.0 -9999.0 -9999.0
63866 201012  5.101  -86.3156   34.3337     7.4    -1.3     3.1     2.8    31.5 -9999.0 U -9999.0 -9999.0 -9999.0
63866 201101  5.101  -86.3156   34.3337     9.1    -0.5     4.3     4.1   132.2 -9999.0 U -9999.0 -9999.0 -9999.0
63866 201102  5.101  -86.3156   34.3337    15.7     3.6     9.6     9.3    71.5 -9999.0 U -9999.0 -9999.0 -9999.0
63866 201103  5.101  -86.3156   34.3337    17.8     7.6    12.7    12.4   268.2 -9999.0 U -9999.0 -9999.0 -9999.0
63866 201104  5.101  -86.3156   34.3337    23.9    11.9    17.9    18.1   259.2 -9999.0 U -9999.0 -9999.0 -9999.0
63866 201105  5.101  -86.3156   34.3337    26.4    15.1    20.7    20.5    56.0 -9999.0 U -9999.0 -9999.0 -9999.0
63866 201106  5.101  -86.3156   34.3337    32.2    20.9    26.6    26.2   145.4 -9999.0 U -9999.0 -9999.0 -9999.0
63866 201107  5.101  -86.3156   34.3337    31.8    22.8    27.3    26.7   137.6 -9999.0 U -9999.0 -9999.0 -9999.0
63866 201108  5.101  -86.3156   34.3337    32.5    21.9    27.2    26.8    21.2 -9999.0 U -9999.0 -9999.0 -9999.0
63866 201109  5.101  -86.3156   34.3337    26.0    16.6    21.3    20.9   343.9 -9999.0 U -9999.0 -9999.0 -9999.0
63866 201110  5.101  -86.3156   34.3337    21.5     9.9    15.7    15.2    12.5 -9999.0 U -9999.0 -9999.0 -9999.0
63866 201111  5.101  -86.3156   34.3337    18.2     7.8    13.0    12.9   170.7 -9999.0 U -9999.0 -9999.0 -9999.0
63866 201112  5.101  -86.3156   34.3337    14.3     4.3     9.3     8.9   152.6 -9999.0 U -9999.0 -9999.0 -9999.0
63866 201201  5.101  -86.3156   34.3337 -9999.0 -9999.0 -9999.0 -9999.0   171.4 -9999.0 U -9999.0 -9999.0 -9999.0
63866 201202  5.101  -86.3156   34.3337    14.9     4.6     9.7     9.8    88.7 -9999.0 U -9999.0 -9999.0 -9999.0
63866 201203  5.101  -86.3156   34.3337    23.0    11.8    17.4    17.2   149.5 -9999.0 U -9999.0 -9999.0 -9999.0
63866 201204  5.101  -86.3156   34.3337    23.5    12.3    17.9    17.7    46.8 -9999.0 U -9999.0 -9999.0 -9999.0
63866 201205  5.101  -86.3156   34.3337    28.0    17.6    22.8    22.5    94.2 -9999.0 U -9999.0 -9999.0 -9999.0
63866 201206  5.101  -86.3156   34.3337    30.5    19.4    24.9    24.9   112.8 -9999.0 U -9999.0 -9999.0 -9999.0
63866 201207  5.101  -86.3156   34.3337    32.6    22.6    27.6    26.9   202.5 -9999.0 U -9999.0 -9999.0 -9999.0
63866 201208  5.101  -86.3156   34.3337    30.1    21.0    25.6    25.1    51.0 -9999.0 U -9999.0 -9999.0 -9999.0
63866 201209  5.101  -86.3156   34.3337    27.2    17.3    22.3    21.8   154.9 -9999.0 U -9999.0 -9999.0 -9999.0
63866 201210  5.101  -86.3156   34.3337    21.1    10.9    16.0    15.6    56.0 -9999.0 U -9999.0 -9999.0 -9999.0
63866 201211  5.101  -86.3156   34.3337    16.6     3.7    10.1     9.6    41.3 -9999.0 U -9999.0 -9999.0 -9999.0
63866 201212  5.101  -86.3156   34.3337    14.5     5.0     9.8     9.5   156.8 -9999.0 U -9999.0 -9999.0 -9999.0
63866 201301  5.101  -86.3156   34.3337    11.7     3.3     7.5     7.4   283.1 -9999.0 U -9999.0 -9999.0 -9999.0
63866 201302  5.101  -86.3156   34.3337    11.3     2.6     7.0     6.9   124.1 -9999.0 U -9999.0 -9999.0 -9999.0
63866 201303  5.101  -86.3156   34.3337    14.0     3.5     8.8     8.7   143.2 -9999.0 U -9999.0 -9999.0 -9999.0
63866 201304  5.101  -86.3156   34.3337    21.5    10.5    16.0    15.8   159.6 -9999.0 U -9999.0 -9999.0 -9999.0
63866 201305  5.101  -86.3156   34.3337    24.5    14.5    19.5    19.4   211.8 -9999.0 U -9999.0 -9999.0 -9999.0
63866 201306  5.101  -86.3156   34.3337    29.4    20.3    24.9    24.6   150.2 -9999.0 U -9999.0 -9999.0 -9999.0
63866 201307  5.101  -86.3156   34.3337    28.9    21.1    25.0    24.5   277.2 -9999.0 U -9999.0 -9999.0 -9999.0
63866 201308  5.101  -86.3156   34.3337    29.0    21.0    25.0    24.5   151.9 -9999.0 U -9999.0 -9999.0 -9999.0
63866 201309  5.101  -86.3156   34.3337    27.9    18.5    23.2    22.7   194.8 -9999.0 U -9999.0 -9999.0 -9999.0
63866 201310  5.101  -86.3156   34.3337    22.7    12.7    17.7    17.2    25.0 -9999.0 U -9999.0 -9999.0 -9999.0
63866 201311  5.101  -86.3156   34.3337    14.6     4.5     9.5     9.4   113.9 -9999.0 U -9999.0 -9999.0 -9999.0
63866 201312  5.101  -86.3156   34.3337 -9999.0 -9999.0 -9999.0 -9999.0 -9999.0 -9999.0 U -9999.0 -9999.0 -9999.0
