04136 200708  1.302 -117.5264   47.4174    27.5     4.9    16.2    17.4    13.1    22.7 R    56.1     3.5    23.5
04136 200709  1.302 -117.5264   47.4174    22.4     0.3    11.4    12.0    12.9    17.4 R    45.2    -1.3    15.7
04136 200710  1.302 -117.5264   47.4174    14.3    -1.1     6.6     6.4    30.8     9.0 R    25.0    -2.1     6.9
04136 200711  1.302 -117.5264   47.4174     6.0    -5.5     0.2     0.8    40.7     4.5 R    10.8    -6.1     0.6
04136 200712  1.302 -117.5264   47.4174     1.2    -6.2    -2.5    -1.8    92.9     3.1 R     1.4    -7.8    -2.8
04136 200801  1.302 -117.5264   47.4174    -0.2   -10.2    -5.2    -4.6 -9999.0     4.6 R    -0.9   -11.3    -5.6
04136 200802  1.302 -117.5264   47.4174     3.5    -5.8    -1.1    -0.8    19.6     8.5 R     1.3    -8.1    -2.9
04136 200803  1.302 -117.5264   47.4174     6.9    -3.4     1.7     1.6    45.0    10.9 R    13.9    -3.9     1.9
04136 200804  1.302 -117.5264   47.4174    11.1    -2.3     4.4     4.5    26.8    16.9 R    28.1    -3.4     6.8
04136 200805  1.302 -117.5264   47.4174    19.5     3.6    11.5    12.1    23.5    21.1 R    41.3     2.6    16.5
04136 200806  1.302 -117.5264   47.4174    21.7     4.8    13.2    14.0    30.6    24.0 R    42.6     4.4    18.8
04136 200807  1.302 -117.5264   47.4174    28.4     6.2    17.3    18.6     0.2    26.7 R    55.8     5.0    25.5
04136 200808  1.302 -117.5264   47.4174    27.6     5.7    16.7    17.7    11.6    21.5 R    51.6     5.1    23.0
04136 200809  1.302 -117.5264   47.4174    23.8     0.0    11.9    12.4     3.6    17.5 R    44.9    -1.1    16.1
04136 200810  1.302 -117.5264   47.4174    16.0    -4.3     5.8     6.3     6.7    10.3 R    31.0    -6.0     7.1
04136 200811  1.302 -117.5264   47.4174     8.4    -2.3     3.0     3.2    50.1     3.5 R    11.9    -3.2     2.7
04136 200812  1.302 -117.5264   47.4174 -9999.0 -9999.0 -9999.0 -9999.0   132.3     2.3 R    -1.0   -12.3    -5.9
04136 200901  1.302 -117.5264   47.4174     0.2    -7.4    -3.6    -3.1    45.4     4.4 R    -0.7    -8.6    -3.9
04136 200902  1.302 -117.5264   47.4174     3.2    -6.2    -1.5    -1.2    31.9     7.1 R     1.8    -6.9    -2.1
04136 200903  1.302 -117.5264   47.4174     6.0    -3.1     1.4     1.2    74.3    10.9 R    15.7    -3.2     2.6
04136 200904  1.302 -117.5264   47.4174    13.0    -0.7     6.1     6.3    33.9    17.4 R    30.5    -1.9     8.8
04136 200905  1.302 -117.5264   47.4174    19.4     2.3    10.8    11.6    31.1    24.4 R    40.6     1.6    16.1
04136 200906  1.302 -117.5264   47.4174    23.4     5.9    14.6    15.6     8.3    25.5 R    53.6     4.5    22.4
04136 200907  1.302 -117.5264   47.4174    29.8     7.0    18.4    19.6    16.6    26.4 R    59.7     6.1    26.9
04136 200908  1.302 -117.5264   47.4174    28.8     7.2    18.0    19.0    11.1    21.8 R    55.2     6.2    24.4
04136 200909  1.302 -117.5264   47.4174    25.1     1.6    13.3    13.9    11.3    18.5 R    45.9     0.4    17.2
04136 200910  1.302 -117.5264   47.4174    11.9    -3.6     4.1     4.9    86.2    10.4 R    24.0    -5.2     6.0
04136 200911  1.302 -117.5264   47.4174     6.9    -3.3     1.8     2.1    55.1     5.6 R    11.2    -4.5     1.4
04136 200912  1.302 -117.5264   47.4174    -0.5    -9.7    -5.1    -4.9    73.2     4.3 R     4.1    -9.0    -4.1
04136 201001  1.302 -117.5264   47.4174     5.4    -1.9     1.7     1.6    54.0     4.6 R     8.3    -2.0     1.2
04136 201002  1.302 -117.5264   47.4174     7.5    -2.9     2.3     2.0    49.0     7.6 R    15.6    -2.8     3.2
04136 201003  1.302 -117.5264   47.4174    11.1    -3.8     3.7     3.6    49.3    14.5 R    24.5    -4.5     5.2
04136 201004  1.302 -117.5264   47.4174 -9999.0 -9999.0 -9999.0 -9999.0 -9999.0 -9999.0 U -9999.0 -9999.0 -9999.0
04136 201005  1.302 -117.5264   47.4174    16.1     0.9     8.5     9.1    68.4    22.5 R    35.5     1.3    13.2
04136 201006  1.302 -117.5264   47.4174    20.0     6.5    13.2    13.7    92.8    24.5 R    35.2     6.9    17.2
04136 201007  1.302 -117.5264   47.4174    27.2     5.6    16.4    17.7     8.8    29.1 R    45.0     5.7    21.4
04136 201008  1.302 -117.5264   47.4174    27.4     5.2    16.3    17.5     9.0    25.3 R    49.5     4.6    21.9
04136 201009  1.302 -117.5264   47.4174    22.1     2.8    12.4    12.9    27.1    17.5 R    37.0     2.5    15.3
04136 201010  2.302 -117.5264   47.4174    15.5     0.1     7.8     7.6    47.5     9.1 R    23.8    -0.8     8.3
04136 201011  2.302 -117.5264   47.4174     4.8    -5.3    -0.2     0.3    89.7     4.2 R     7.8    -6.7     0.0
04136 201012  2.302 -117.5264   47.4174     1.9    -6.4    -2.2    -1.3    88.9     3.4 R     1.3    -8.6    -3.0
04136 201101  2.302 -117.5264   47.4174     2.4    -6.1    -1.9    -1.4    55.8     3.8 R     3.8    -8.3    -2.5
04136 201102  2.302 -117.5264   47.4174     2.7    -6.7    -2.0    -1.7    43.1     7.3 R     7.9    -9.1    -2.2
04136 201103  2.302 -117.5264   47.4174     8.2    -0.8     3.7     3.6    89.2     9.7 R    17.9    -3.3     3.7
04136 201104  2.302 -117.5264   47.4174    10.0    -1.0     4.5     4.6    51.2    15.7 R    24.8    -3.5     6.2
04136 201105  2.302 -117.5264   47.4174    16.3     2.9     9.6     9.9    72.2    19.9 R    33.6     1.4    12.8
04136 201106  2.302 -117.5264   47.4174    20.1     5.9    13.0    13.6    13.0    22.8 R    37.3     4.9    16.6
04136 201107  2.302 -117.5264   47.4174    25.9     5.8    15.8    16.8    18.1    26.3 R    44.8     4.5    20.4
04136 201108  2.402 -117.5264   47.4174    29.0     5.4    17.2    18.0     0.0    23.6 R    49.4     3.2    21.8
04136 201109  2.402 -117.5264   47.4174    26.4     2.1    14.3    14.6     6.2    17.3 R    42.0     0.1    16.6
04136 201110  2.402 -117.5264   47.4174    14.0    -0.5     6.8     6.9    22.6     8.2 R    23.2    -1.8     7.3
04136 201111  2.402 -117.5264   47.4174     6.2    -5.9     0.1     0.5    47.0     4.8 R    10.2    -7.5    -0.2
04136 201112  2.402 -117.5264   47.4174     1.9    -8.3    -3.2    -3.2    37.8     3.2 R     5.6    -9.3    -3.3
04136 201201  2.402 -117.5264   47.4174     3.3    -7.8    -2.3    -1.5    55.6     4.3 R     6.1    -9.3    -2.3
04136 201202  2.402 -117.5264   47.4174     4.6    -4.5     0.1     0.3    37.7     6.2 R     9.6    -6.1     0.1
04136 201203  2.402 -117.5264   47.4174     8.4    -1.9     3.3     3.4   120.2     8.9 R    16.9    -4.2     3.5
04136 201204  2.402 -117.5264   47.4174    14.8     1.5     8.2     8.2    54.0    16.2 R    30.7    -1.1     9.9
04136 201205  2.402 -117.5264   47.4174    17.9     2.8    10.4    10.8    24.4    22.1 R    37.9     1.3    14.4
04136 201206  2.402 -117.5264   47.4174    20.6     6.5    13.5    14.0    67.2    20.1 R    38.3     6.0    17.3
04136 201207  2.402 -117.5264   47.4174    28.9     9.0    18.9    20.0    12.6    25.7 R    49.2     8.5    24.4
04136 201208  2.402 -117.5264   47.4174    30.1     5.3    17.7    18.8     3.5    23.0 R    52.3     4.2    23.5
04136 201209  2.412 -117.5264   47.4174    25.8     0.6    13.2    13.4     0.3    17.9 R    43.6    -0.4    16.7
04136 201210  2.412 -117.5264   47.4174    14.8    -1.3     6.8     6.9    43.2     9.5 C    22.5    -2.6     7.5
04136 201211  2.412 -117.5264   47.4174     7.5    -1.6     3.0     3.5    82.8     3.6 C    10.3    -2.3     3.5
04136 201212  2.412 -117.5264   47.4174     2.3    -3.7    -0.7    -0.2    65.9     2.4 C     2.9    -4.8    -0.6
04136 201301  2.412 -117.5264   47.4174    -0.6    -9.3    -4.9    -4.8    42.9     4.3 C    -0.2   -10.4    -5.3
04136 201302  2.412 -117.5264   47.4174     4.9    -4.6     0.2     0.2    31.0     6.4 C     9.4    -5.9     0.3
04136 201303  2.412 -117.5264   47.4174    10.5    -2.4     4.0     3.7    26.4    12.0 C    20.7    -4.7     4.6
04136 201304  2.412 -117.5264   47.4174    13.4    -0.8     6.3     6.7    27.4    17.4 C    25.9    -2.8     8.4
04136 201305  2.412 -117.5264   47.4174    19.8     1.8    10.8    11.6    33.2    21.6 C    34.5     1.0    14.7
04136 201306  2.412 -117.5264   47.4174    22.1     5.3    13.7    14.7    64.5    22.9 C    35.7     4.8    17.9
04136 201307  2.412 -117.5264   47.4174    30.7     6.1    18.4    19.8     0.0    28.2 C    47.2     5.0    24.0
04136 201308  2.412 -117.5264   47.4174    29.2     7.5    18.3    19.2    27.2    21.2 C    44.6     6.7    22.6
04136 201309  2.412 -117.5264   47.4174    22.9     6.2    14.5    14.7    57.4    12.8 C    34.5     5.1    16.2
04136 201310  2.412 -117.5264   47.4174    14.4    -4.7     4.9     4.3     0.9    11.0 C    25.6    -6.0     5.6
04136 201311  2.412 -117.5264   47.4174     5.9    -5.8     0.1     0.1    42.2     4.4 C    10.5    -6.5     0.2
04136 201312  2.412 -117.5264   47.4174     0.6    -9.7    -4.6    -4.0    22.7     3.3 C     3.2   -10.4    -4.1
04136 201401  2.412 -117.5264   47.4174     2.0    -4.7    -1.3    -1.2    30.5     3.3 C     3.8    -4.9    -1.1
04136 201402  2.412 -117.5264   47.4174     0.6    -8.2    -3.8    -3.2    57.3     7.0 C     1.7    -9.6    -4.0
04136 201403  2.412 -117.5264   47.4174     9.7    -2.6     3.6     3.5   103.2    11.4 C    17.9    -4.4     3.9
04136 201404  2.412 -117.5264   47.4174    14.3    -1.1     6.6     7.2    45.5    17.9 C    27.2    -3.0     9.1
04136 201405  2.412 -117.5264   47.4174    20.3     2.0    11.2    12.1    10.9    24.2 C    36.3     1.6    15.7
04136 201406  2.412 -117.5264   47.4174    22.4     4.4    13.4    14.4    50.3    23.0 C    38.1     3.8    17.9
04136 201407  2.412 -117.5264   47.4174    31.4     9.5    20.4    21.4     1.7    25.9 C    50.6     8.5    26.1
04136 201408  2.412 -117.5264   47.4174    29.6     7.6    18.6    19.7     4.0    21.8 C    49.6     6.6    24.1
04136 201409  2.422 -117.5264   47.4174    24.6     2.0    13.3    14.0     4.7    17.1 C    43.2     0.4    17.0
04136 201410  2.422 -117.5264   47.4174    17.7     1.0     9.4     9.7    38.0     9.1 C    29.1    -1.3    10.2
04136 201411  2.422 -117.5264   47.4174     5.9    -5.4     0.2     0.3    45.6     4.9 C    10.5    -6.7     0.0
04136 201412  2.422 -117.5264   47.4174     3.5    -4.6    -0.5    -0.2    63.9     3.0 C     5.3    -5.1    -0.8
04136 201501  2.422 -117.5264   47.4174     3.3    -4.2    -0.4    -0.3    50.2     2.8 C     5.2    -4.6    -0.3
04136 201502  2.422 -117.5264   47.4174     8.9    -3.6     2.7     2.6    33.7     7.3 C    16.2    -4.5     2.9
04136 201503  2.422 -117.5264   47.4174    13.3    -2.7     5.3     5.6    69.1    12.2 C    24.6    -4.7     6.2
04136 201504  2.422 -117.5264   47.4174    14.7    -2.7     6.0     6.8    22.8    19.8 C    33.1    -4.7     9.5
04136 201505  2.422 -117.5264   47.4174    21.7     3.2    12.5    13.5    34.6    23.7 C    44.3     2.0    18.0
04136 201506  2.422 -117.5264   47.4174    28.8     6.3    17.5    19.2     1.8    27.6 C    55.6     4.5    25.6
04136 201507  2.422 -117.5264   47.4174    30.6     7.9    19.2    20.9     4.0    26.4 C    58.5     5.6    27.3
04136 201508  2.422 -117.5264   47.4174    29.8     6.7    18.3    19.4     5.5    19.9 C    51.8     4.3    23.4
04136 201509  2.422 -117.5264   47.4174    22.0     0.3    11.1    11.8     7.0    15.3 C    41.7    -2.0    14.2
04136 201510  2.422 -117.5264   47.4174    18.7     0.2     9.4     9.6    20.7 -9999.0 C    31.2    -2.3    10.3
04136 201511  2.422 -117.5264   47.4174     5.7    -5.6     0.0     0.4    31.4 -9999.0 C     9.6    -7.0    -0.2
04136 201512  2.422 -117.5264   47.4174     2.2    -5.8    -1.8    -0.9   139.0 -9999.0 C     2.4    -8.3    -2.1
04136 201601  2.422 -117.5264   47.4174     2.4    -4.8    -1.2    -0.8    70.6 -9999.0 C     2.0    -6.6    -2.2
04136 201602  2.422 -117.5264   47.4174     8.6    -2.2     3.2     3.0    27.9 -9999.0 C    15.4    -3.7     2.8
04136 201603  2.422 -117.5264   47.4174    10.8    -0.9     4.9     5.0    83.5 -9999.0 C    22.1    -3.5     5.4
04136 201604  2.422 -117.5264   47.4174    18.3     1.8    10.1    10.2    14.4 -9999.0 C    34.3     0.0    12.7
04136 201605  2.422 -117.5264   47.4174    20.1     3.9    12.0    12.8    44.0 -9999.0 C    39.8     2.6    16.6
04136 201606  2.422 -117.5264   47.4174    24.3     5.0    14.6    15.9    17.9    24.8 C    46.9     3.3    20.9
04136 201607  2.422 -117.5264   47.4174    27.1     6.0    16.6    18.1     9.6    24.7 C    54.5     3.8    24.3
04136 201608  2.422 -117.5264   47.4174    29.1     5.5    17.3    18.4    14.7    22.5 C    55.0     3.6    23.7
04136 201609  2.422 -117.5264   47.4174    22.0     2.3    12.1    12.7     8.6    15.2 C    42.9    -0.2    15.7
04136 201610  2.422 -117.5264   47.4174    13.3     2.4     7.8     8.0   160.8     6.4 C    20.0     1.0     8.3
04136 201611  2.422 -117.5264   47.4174    10.8    -0.5     5.1     5.2    58.2     4.6 C    13.5    -1.9     4.3
04136 201612  2.422 -117.5264   47.4174    -1.4   -10.4    -5.9    -5.0    39.3     3.0 C    -0.6   -12.6    -6.2
04136 201701  2.422 -117.5264   47.4174    -3.4   -12.3    -7.9    -7.4    45.5     4.1 C    -3.9   -15.0    -9.0
04136 201702  2.422 -117.5264   47.4174     2.7    -6.5    -1.9    -1.8   108.4     6.5 C     1.1    -8.0    -3.4
04136 201703  2.422 -117.5264   47.4174     9.3     0.3     4.8     4.8    24.7     8.6 C    16.9    -1.7     5.0
04136 201704  2.422 -117.5264   47.4174    13.1     1.1     7.1     7.2    40.3    15.1 C    25.4    -0.7     8.6
04136 201705  2.422 -117.5264   47.4174    19.4     3.7    11.5    12.1    31.9    21.0 C    34.9     3.4    15.5
04136 201706  2.422 -117.5264   47.4174    23.9     6.0    15.0    15.8    17.5    24.6 C    41.5     4.9    19.9
04136 201707  2.422 -117.5264   47.4174    31.4     6.7    19.1    20.5     0.0    27.2 C    53.9     5.3    26.7
