73803 200812  5.001  -86.0573   33.5721    15.4     4.3     9.8     9.8 -9999.0 -9999.0 U -9999.0 -9999.0 -9999.0
73803 200901  5.001  -86.0573   33.5721    12.8     0.1     6.4     6.3   135.8 -9999.0 U -9999.0 -9999.0 -9999.0
73803 200902  5.001  -86.0573   33.5721    15.3     0.1     7.7     7.7   123.8 -9999.0 U -9999.0 -9999.0 -9999.0
73803 200903  5.001  -86.0573   33.5721    19.2     6.8    13.0    13.0   145.1 -9999.0 U -9999.0 -9999.0 -9999.0
73803 200904  5.001  -86.0573   33.5721    23.0     8.5    15.7    16.0    88.4 -9999.0 U -9999.0 -9999.0 -9999.0
73803 200905  5.001  -86.0573   33.5721    25.7    16.6    21.2    20.8   210.4 -9999.0 U -9999.0 -9999.0 -9999.0
73803 200906  5.101  -86.0573   33.5721    31.7    19.3    25.5    25.5    58.9 -9999.0 U -9999.0 -9999.0 -9999.0
73803 200907  5.101  -86.0573   33.5721    31.1    19.3    25.2    24.8   132.5 -9999.0 U -9999.0 -9999.0 -9999.0
73803 200908  5.101  -86.0573   33.5721    30.8    20.1    25.4    24.8   127.6 -9999.0 U -9999.0 -9999.0 -9999.0
73803 200909  5.101  -86.0573   33.5721    27.5    18.6    23.0    22.4   201.4 -9999.0 U -9999.0 -9999.0 -9999.0
73803 200910  5.101  -86.0573   33.5721    21.4    10.6    16.0    15.9   264.3 -9999.0 U -9999.0 -9999.0 -9999.0
73803 200911  5.101  -86.0573   33.5721    18.1     3.6    10.9    10.4   164.0 -9999.0 U -9999.0 -9999.0 -9999.0
73803 200912  5.101  -86.0573   33.5721    11.6     0.7     6.1     6.3   182.7 -9999.0 U -9999.0 -9999.0 -9999.0
73803 201001  5.101  -86.0573   33.5721     8.8    -2.6     3.1     2.9   116.7 -9999.0 U -9999.0 -9999.0 -9999.0
73803 201002  5.101  -86.0573   33.5721     9.6    -2.2     3.7     3.7   107.3 -9999.0 U -9999.0 -9999.0 -9999.0
73803 201003  5.101  -86.0573   33.5721    16.0     3.4     9.7     9.7   168.0 -9999.0 U -9999.0 -9999.0 -9999.0
73803 201004  5.101  -86.0573   33.5721    25.6     9.0    17.3    17.4    80.9 -9999.0 U -9999.0 -9999.0 -9999.0
73803 201005  5.101  -86.0573   33.5721    28.2    16.0    22.1    21.9   185.7 -9999.0 U -9999.0 -9999.0 -9999.0
73803 201006  5.101  -86.0573   33.5721    32.8    20.8    26.8    26.3    24.7 -9999.0 U -9999.0 -9999.0 -9999.0
73803 201007  5.101  -86.0573   33.5721    34.3    22.2    28.2    27.7   100.3 -9999.0 U -9999.0 -9999.0 -9999.0
73803 201008  5.101  -86.0573   33.5721    34.1    22.7    28.4    27.6   110.0 -9999.0 U -9999.0 -9999.0 -9999.0
73803 201009  5.101  -86.0573   33.5721    32.3    16.5    24.4    24.1    21.3 -9999.0 U -9999.0 -9999.0 -9999.0
73803 201010  5.101  -86.0573   33.5721    26.2     7.9    17.1    16.8    74.1 -9999.0 U -9999.0 -9999.0 -9999.0
73803 201011  5.101  -86.0573   33.5721    19.3     4.3    11.8    11.4   109.3 -9999.0 U -9999.0 -9999.0 -9999.0
73803 201012  5.101  -86.0573   33.5721     9.4    -2.3     3.6     3.4    35.4 -9999.0 U -9999.0 -9999.0 -9999.0
73803 201101  5.101  -86.0573   33.5721     9.8    -2.2     3.8     3.8    82.2 -9999.0 U -9999.0 -9999.0 -9999.0
73803 201102  5.101  -86.0573   33.5721    16.5     1.2     8.8     8.8    90.2 -9999.0 U -9999.0 -9999.0 -9999.0
73803 201103  5.101  -86.0573   33.5721    19.6     6.8    13.2    13.0   268.0 -9999.0 U -9999.0 -9999.0 -9999.0
73803 201104  5.101  -86.0573   33.5721    25.2    10.3    17.7    18.1   146.7 -9999.0 U -9999.0 -9999.0 -9999.0
73803 201105  5.101  -86.0573   33.5721    27.8    13.1    20.4    20.4    44.3 -9999.0 U -9999.0 -9999.0 -9999.0
73803 201106  5.101  -86.0573   33.5721    34.1    19.7    26.9    26.3    93.2 -9999.0 U -9999.0 -9999.0 -9999.0
73803 201107  5.101  -86.0573   33.5721    32.6    22.1    27.4    26.6   164.1 -9999.0 U -9999.0 -9999.0 -9999.0
73803 201108  5.101  -86.0573   33.5721    33.8    20.4    27.1    26.8    41.9 -9999.0 U -9999.0 -9999.0 -9999.0
73803 201109  5.101  -86.0573   33.5721    27.5    15.7    21.6    21.2   154.2 -9999.0 U -9999.0 -9999.0 -9999.0
73803 201110  5.101  -86.0573   33.5721    22.5     7.4    14.9    14.5    18.5 -9999.0 U -9999.0 -9999.0 -9999.0
73803 201111  5.101  -86.0573   33.5721    18.9     5.4    12.1    12.1   110.6 -9999.0 U -9999.0 -9999.0 -9999.0
73803 201112  5.101  -86.0573   33.5721    15.4     2.1     8.8     8.7    98.5 -9999.0 U -9999.0 -9999.0 -9999.0
73803 201201  5.101  -86.0573   33.5721    15.8     2.0     8.9     9.0   135.9 -9999.0 U -9999.0 -9999.0 -9999.0
73803 201202  5.101  -86.0573   33.5721    16.4     4.0    10.2    10.4    44.2 -9999.0 U -9999.0 -9999.0 -9999.0
73803 201203  5.101  -86.0573   33.5721    23.8    10.3    17.1    17.1   137.8 -9999.0 U -9999.0 -9999.0 -9999.0
73803 201204  5.101  -86.0573   33.5721    24.6    10.5    17.5    17.5    28.5 -9999.0 U -9999.0 -9999.0 -9999.0
73803 201205  5.101  -86.0573   33.5721    28.8    16.1    22.5    22.3    90.4 -9999.0 U -9999.0 -9999.0 -9999.0
73803 201206  5.101  -86.0573   33.5721    31.4    17.7    24.5    24.4    87.9 -9999.0 U -9999.0 -9999.0 -9999.0
73803 201207  5.101  -86.0573   33.5721    33.7    21.5    27.6    27.0    99.0 -9999.0 U -9999.0 -9999.0 -9999.0
73803 201208  5.101  -86.0573   33.5721    30.6    19.9    25.3    24.7   155.7 -9999.0 U -9999.0 -9999.0 -9999.0
73803 201209  5.101  -86.0573   33.5721    28.3    15.8    22.0    21.5    94.1 -9999.0 U -9999.0 -9999.0 -9999.0
73803 201210  5.101  -86.0573   33.5721    22.7     8.9    15.8    15.5    62.3 -9999.0 U -9999.0 -9999.0 -9999.0
73803 201211  5.101  -86.0573   33.5721    17.8     1.3     9.6     9.1    31.0 -9999.0 U -9999.0 -9999.0 -9999.0
73803 201212  5.101  -86.0573   33.5721    15.6     3.6     9.6     9.3   151.1 -9999.0 U -9999.0 -9999.0 -9999.0
73803 201301  5.101  -86.0573   33.5721    14.6     4.0     9.3     9.0   230.7 -9999.0 U -9999.0 -9999.0 -9999.0
73803 201302  5.101  -86.0573   33.5721    13.1     1.9     7.5     7.5   184.9 -9999.0 U -9999.0 -9999.0 -9999.0
73803 201303  5.101  -86.0573   33.5721    15.9     2.7     9.3     9.3    99.5 -9999.0 U -9999.0 -9999.0 -9999.0
73803 201304  5.101  -86.0573   33.5721    22.8     9.1    16.0    16.0   158.6 -9999.0 U -9999.0 -9999.0 -9999.0
73803 201305  5.101  -86.0573   33.5721    25.6    13.5    19.5    19.4   246.8 -9999.0 U -9999.0 -9999.0 -9999.0
73803 201306  5.101  -86.0573   33.5721    30.4    20.0    25.2    24.7   192.9 -9999.0 U -9999.0 -9999.0 -9999.0
73803 201307  5.101  -86.0573   33.5721    29.6    20.6    25.1    24.5   235.5 -9999.0 U -9999.0 -9999.0 -9999.0
73803 201308  5.101  -86.0573   33.5721    30.0    20.0    25.0    24.4   101.2 -9999.0 U -9999.0 -9999.0 -9999.0
73803 201309  5.101  -86.0573   33.5721    29.1    16.5    22.8    22.3    66.3 -9999.0 U -9999.0 -9999.0 -9999.0
73803 201310  5.101  -86.0573   33.5721    23.9    10.7    17.3    16.9    67.9 -9999.0 U -9999.0 -9999.0 -9999.0
73803 201311  5.101  -86.0573   33.5721    16.4     3.0     9.7     9.6    79.1 -9999.0 U -9999.0 -9999.0 -9999.0
73803 201312  5.101  -86.0573   33.5721    13.5     2.1     7.8     7.9   263.6 -9999.0 U -9999.0 -9999.0 -9999.0
73803 201401  5.101  -86.0573   33.5721     8.8    -5.6     1.6     1.6    84.6 -9999.0 U -9999.0 -9999.0 -9999.0
73803 201402  5.101  -86.0573   33.5721    14.6     0.6     7.6     7.6   120.6 -9999.0 U -9999.0 -9999.0 -9999.0
73803 201403  5.101  -86.0573   33.5721    17.9     3.7    10.8    10.6   153.6 -9999.0 U -9999.0 -9999.0 -9999.0
73803 201404  5.101  -86.0573   33.5721    22.9     9.5    16.2    16.4   193.9 -9999.0 U -9999.0 -9999.0 -9999.0
73803 201405  5.101  -86.0573   33.5721    27.2    13.9    20.6    20.5   114.5 -9999.0 U -9999.0 -9999.0 -9999.0
73803 201406  5.101  -86.0573   33.5721    30.7    19.8    25.2    24.6    92.0 -9999.0 U -9999.0 -9999.0 -9999.0
73803 201407  5.101  -86.0573   33.5721    31.6    19.4    25.5    25.1    44.9 -9999.0 U -9999.0 -9999.0 -9999.0
73803 201408  5.101  -86.0573   33.5721    33.0    19.5    26.3    25.5    63.0 -9999.0 U -9999.0 -9999.0 -9999.0
73803 201409  5.101  -86.0573   33.5721    30.4    18.3    24.4    23.6    41.4 -9999.0 U -9999.0 -9999.0 -9999.0
73803 201410  5.101  -86.0573   33.5721    25.1    10.4    17.8    17.3    81.1 -9999.0 U -9999.0 -9999.0 -9999.0
73803 201411  5.101  -86.0573   33.5721    15.3     0.9     8.1     8.1   138.1 -9999.0 U -9999.0 -9999.0 -9999.0
73803 201412  5.101  -86.0573   33.5721    14.4     2.7     8.5     8.2   191.2 -9999.0 U -9999.0 -9999.0 -9999.0
73803 201501  5.101  -86.0573   33.5721    11.3    -1.3     5.0     5.1 -9999.0 -9999.0 U -9999.0 -9999.0 -9999.0
73803 201502  5.101  -86.0573   33.5721    10.2    -2.4     3.9     3.8    89.7 -9999.0 U -9999.0 -9999.0 -9999.0
73803 201503  5.101  -86.0573   33.5721    19.5     7.1    13.3    13.0   146.2 -9999.0 U -9999.0 -9999.0 -9999.0
73803 201504  5.101  -86.0573   33.5721    23.5    12.1    17.8    17.9   220.8 -9999.0 U -9999.0 -9999.0 -9999.0
73803 201505  5.101  -86.0573   33.5721    28.3    14.9    21.6    21.5   133.3 -9999.0 U -9999.0 -9999.0 -9999.0
73803 201506  5.101  -86.0573   33.5721    31.5    19.9    25.7    25.4    65.1 -9999.0 U -9999.0 -9999.0 -9999.0
73803 201507  5.101  -86.0573   33.5721    33.4    21.5    27.4    26.9    92.2 -9999.0 U -9999.0 -9999.0 -9999.0
73803 201508  5.101  -86.0573   33.5721    32.0    19.8    25.9    25.3    93.3 -9999.0 U -9999.0 -9999.0 -9999.0
73803 201509  5.101  -86.0573   33.5721    28.4    17.7    23.0    22.4    52.3 -9999.0 U -9999.0 -9999.0 -9999.0
73803 201510  5.102  -86.0573   33.5721    23.6    10.8    17.2    17.0   126.7 -9999.0 U -9999.0 -9999.0 -9999.0
73803 201511  5.102  -86.0573   33.5721    20.0     8.6    14.3    14.0   208.5 -9999.0 U -9999.0 -9999.0 -9999.0
73803 201512  5.102  -86.0573   33.5721    18.6     7.1    12.9    12.9   320.9 -9999.0 U -9999.0 -9999.0 -9999.0
73803 201601  5.102  -86.0573   33.5721    11.0    -0.7     5.1     5.1    78.4 -9999.0 U -9999.0 -9999.0 -9999.0
73803 201602  5.102  -86.0573   33.5721    15.2     2.9     9.1     8.8   207.9 -9999.0 U -9999.0 -9999.0 -9999.0
73803 201603  5.102  -86.0573   33.5721    21.1     7.8    14.4    14.8   103.1 -9999.0 U -9999.0 -9999.0 -9999.0
73803 201604  5.102  -86.0573   33.5721    24.0     9.4    16.7    17.0    70.5 -9999.0 U -9999.0 -9999.0 -9999.0
73803 201605  5.102  -86.0573   33.5721    27.7    13.8    20.8    20.8    31.6 -9999.0 U -9999.0 -9999.0 -9999.0
73803 201606  5.102  -86.0573   33.5721    32.8    19.5    26.1    25.6    81.6 -9999.0 U -9999.0 -9999.0 -9999.0
73803 201607  5.102  -86.0573   33.5721    34.0    21.9    28.0    27.2   136.3 -9999.0 U -9999.0 -9999.0 -9999.0
73803 201608  5.102  -86.0573   33.5721    32.9    22.1    27.5    26.7    61.6 -9999.0 U -9999.0 -9999.0 -9999.0
73803 201609  5.102  -86.0573   33.5721    33.0    18.7    25.9    25.1    28.7 -9999.0 U -9999.0 -9999.0 -9999.0
73803 201610  5.102  -86.0573   33.5721    28.8    11.3    20.0    19.6     1.3 -9999.0 U -9999.0 -9999.0 -9999.0
73803 201611  5.102  -86.0573   33.5721    22.1     4.5    13.3    13.1    70.1 -9999.0 U -9999.0 -9999.0 -9999.0
73803 201612  5.102  -86.0573   33.5721    14.8     3.2     9.0     9.1    64.1 -9999.0 U -9999.0 -9999.0 -9999.0
73803 201701  5.102  -86.0573   33.5721    16.4     4.5    10.5    10.5   201.7 -9999.0 U -9999.0 -9999.0 -9999.0
73803 201702  5.102  -86.0573   33.5721    18.4     5.4    11.9    12.1    83.5 -9999.0 U -9999.0 -9999.0 -9999.0
73803 201703  5.102  -86.0573   33.5721    20.3     6.7    13.5    13.6   131.3 -9999.0 U -9999.0 -9999.0 -9999.0
73803 201704  5.102  -86.0573   33.5721    26.5    11.8    19.1    19.1   123.7 -9999.0 U -9999.0 -9999.0 -9999.0
73803 201705  5.102  -86.0573   33.5721    27.3    14.1    20.7    20.7   188.8 -9999.0 U -9999.0 -9999.0 -9999.0
73803 201706  5.102  -86.0573   33.5721    29.3    19.3    24.3    23.6 -9999.0 -9999.0 U -9999.0 -9999.0 -9999.0
73803 201707  5.102  -86.0573   33.5721    32.1    21.1    26.6    25.8    84.9 -9999.0 U -9999.0 -9999.0 -9999.0
