27516 200208  1.001 -156.6110   71.3213 -9999.0 -9999.0 -9999.0 -9999.0 -9999.0 -9999.0 U -9999.0 -9999.0 -9999.0
27516 200209  1.001 -156.6110   71.3213     4.2     0.6     2.4     2.4 -9999.0     4.2 R -9999.0 -9999.0     2.1
27516 200210  1.001 -156.6110   71.3213    -2.5    -6.2    -4.3    -4.3    20.7     1.1 R -9999.0 -9999.0    -4.8
27516 200211  1.001 -156.6110   71.3213   -11.4   -16.3   -13.9   -13.8 -9999.0     0.1 R -9999.0 -9999.0   -14.8
27516 200212  1.001 -156.6110   71.3213   -16.0   -22.1   -19.0   -18.8     0.5     0.0 R -9999.0 -9999.0   -19.8
27516 200301  1.001 -156.6110   71.3213   -21.0   -27.8   -24.4   -23.9 -9999.0     0.0 R -9999.0 -9999.0   -25.0
27516 200302  1.002 -156.6110   71.3213   -24.2   -29.7   -27.0   -26.8 -9999.0     1.0 R -9999.0 -9999.0   -27.9
27516 200303  1.002 -156.6110   71.3213   -21.1   -27.8   -24.5   -24.1 -9999.0     6.2 R -9999.0 -9999.0   -25.4
27516 200304  1.002 -156.6110   71.3213   -10.3   -16.7   -13.5   -13.5 -9999.0    12.9 R -9999.0 -9999.0   -13.9
27516 200305  1.002 -156.6110   71.3213    -4.0    -8.2    -6.1    -5.8 -9999.0    18.6 R -9999.0 -9999.0    -5.8
27516 200306  1.002 -156.6110   71.3213     2.6    -1.4     0.6     0.6 -9999.0    22.1 R -9999.0 -9999.0     3.0
27516 200307  1.002 -156.6110   71.3213     8.0     1.4     4.7     4.3 -9999.0    13.8 R -9999.0 -9999.0     6.3
27516 200308  1.002 -156.6110   71.3213     4.1     0.0     2.0     2.0 -9999.0     8.3 R -9999.0 -9999.0     3.2
27516 200309  1.200 -156.6110   71.3213     1.4    -1.3     0.1     0.1 -9999.0     4.5 R -9999.0 -9999.0     0.1
27516 200310  1.200 -156.6110   71.3213    -2.5    -6.5    -4.5    -4.1    36.9     1.1 R -9999.0 -9999.0    -4.5
27516 200311  1.200 -156.6110   71.3213   -12.3   -20.6   -16.5   -16.3    22.2     0.0 R -9999.0 -9999.0   -17.3
27516 200312  1.200 -156.6110   71.3213   -19.1   -25.3   -22.2   -22.2    33.6     0.0 R -9999.0 -9999.0   -23.6
27516 200401  1.200 -156.6110   71.3213   -20.1   -25.9   -23.0   -22.9    15.2     0.0 R -9999.0 -9999.0   -24.3
27516 200402  1.200 -156.6110   71.3213   -28.7   -33.7   -31.2   -31.2    96.6     1.6 R -9999.0 -9999.0   -32.6
27516 200403  1.200 -156.6110   71.3213   -22.8   -30.9   -26.8   -26.6 -9999.0     6.7 R -9999.0 -9999.0   -27.7
27516 200404  1.200 -156.6110   71.3213   -14.4   -21.7   -18.1   -17.7    43.6    15.3 R -9999.0 -9999.0   -18.3
27516 200405  1.200 -156.6110   71.3213    -3.0    -7.6    -5.3    -4.9   406.0    19.9 R -9999.0 -9999.0    -4.9
27516 200406  1.200 -156.6110   71.3213     5.5    -0.1     2.7     2.4 -9999.0    23.0 R -9999.0 -9999.0     4.5
27516 200407  1.200 -156.6110   71.3213     8.5     2.1     5.3     5.1    36.1    15.1 R -9999.0 -9999.0     6.8
27516 200408  1.200 -156.6110   71.3213     8.6     3.9     6.2     6.4 -9999.0     9.2 R -9999.0 -9999.0     7.0
27516 200409  1.200 -156.6110   71.3213     2.4    -1.0     0.7     0.8    23.9     4.3 R -9999.0 -9999.0     0.4
27516 200410  1.200 -156.6110   71.3213    -3.7    -7.6    -5.7    -5.6     5.5     1.2 R -9999.0 -9999.0    -6.4
27516 200411  1.200 -156.6110   71.3213   -13.9   -19.3   -16.6   -16.5     2.8     0.0 R -9999.0 -9999.0   -17.5
27516 200412  1.200 -156.6110   71.3213   -19.5   -26.6   -23.1   -22.9     3.7     0.0 R -9999.0 -9999.0   -24.1
27516 200501  1.200 -156.6110   71.3213   -18.9   -26.5   -22.7   -22.6     3.8     0.0 R -9999.0 -9999.0   -24.2
27516 200502  1.200 -156.6110   71.3213   -22.4   -28.8   -25.6   -25.1     6.0     1.1 R -9999.0 -9999.0   -26.3
27516 200503  1.200 -156.6110   71.3213   -19.5   -26.1   -22.8   -22.7     5.7     6.1 R -9999.0 -9999.0   -24.0
27516 200504  1.200 -156.6110   71.3213   -13.7   -20.8   -17.3   -16.8     1.4    14.7 R -9999.0 -9999.0   -17.4
27516 200505  1.200 -156.6110   71.3213    -4.1    -7.7    -5.9    -5.7    16.9    19.8 R -9999.0 -9999.0    -5.6
27516 200506  1.200 -156.6110   71.3213     2.1    -1.8     0.1     0.1    10.0    22.9 R -9999.0 -9999.0     1.5
27516 200507  1.200 -156.6110   71.3213     5.2     0.9     3.1     3.0    18.4    19.2 R -9999.0 -9999.0     5.8
27516 200508  1.200 -156.6110   71.3213     7.5     2.7     5.1     5.1    40.2     9.3 R -9999.0 -9999.0     6.1
27516 200509  1.200 -156.6110   71.3213     2.0    -0.5     0.8     0.8    16.0     3.0 R -9999.0 -9999.0     0.7
27516 200510  1.200 -156.6110   71.3213    -3.8    -7.7    -5.7    -5.5    12.1     0.8 R -9999.0 -9999.0    -5.9
27516 200511  1.200 -156.6110   71.3213   -15.4   -22.7   -19.1   -19.0    12.2     0.0 R -9999.0 -9999.0   -20.4
27516 200512  1.200 -156.6110   71.3213   -16.9   -23.6   -20.2   -20.0    19.3     0.0 R -9999.0 -9999.0   -21.0
27516 200601  1.200 -156.6110   71.3213   -21.3   -28.2   -24.7   -24.5    10.1     0.0 R -9999.0 -9999.0   -25.3
27516 200602  1.200 -156.6110   71.3213 -9999.0 -9999.0 -9999.0 -9999.0    33.1     0.8 R -9999.0 -9999.0   -23.7
27516 200603  1.200 -156.6110   71.3213   -24.9   -31.6   -28.3   -27.9     8.8     6.4 R -9999.0 -9999.0   -30.2
27516 200604  1.200 -156.6110   71.3213   -17.1   -24.3   -20.7   -20.4    33.8    14.3 R -9999.0 -9999.0   -20.9
27516 200605  1.200 -156.6110   71.3213    -2.8    -6.8    -4.8    -4.5     6.4    18.9 R -9999.0 -9999.0    -4.6
27516 200606  1.200 -156.6110   71.3213     6.0    -0.6     2.7     2.6    21.6    20.8 R -9999.0 -9999.0     3.1
27516 200607  1.200 -156.6110   71.3213     6.3     0.9     3.6     3.3    31.2    16.8 R -9999.0 -9999.0     5.7
27516 200608  1.301 -156.6110   71.3213     4.2     0.1     2.2     2.2 -9999.0     9.9 R -9999.0 -9999.0     3.4
27516 200609  1.301 -156.6110   71.3213     4.5    -0.3     2.1     2.0    11.9     4.4 R     7.5    -0.7     1.9
27516 200610  1.301 -156.6110   71.3213    -2.0    -5.2    -3.6    -3.3    15.6     1.0 R    -1.5    -6.3    -3.9
27516 200611  1.301 -156.6110   71.3213   -11.5   -17.3   -14.4   -14.0     7.1     0.0 R   -11.6   -18.2   -14.8
27516 200612  1.301 -156.6110   71.3213   -16.3   -23.5   -19.9   -19.4    18.0     0.0 R   -16.4   -24.2   -20.5
27516 200701  1.301 -156.6110   71.3213   -23.6   -30.4   -27.0   -26.8     2.6     0.0 R   -24.0   -31.2   -27.7
27516 200702  1.301 -156.6110   71.3213   -20.6   -27.6   -24.1   -24.1    18.5     0.9 R   -20.9   -28.8   -25.2
27516 200703  1.301 -156.6110   71.3213   -23.5   -30.7   -27.1   -26.8     6.8     6.6 R   -21.9   -32.2   -27.4
27516 200704  1.301 -156.6110   71.3213   -10.8   -16.9   -13.8   -13.4     7.5    12.9 R    -9.6   -17.7   -13.3
27516 200705  1.301 -156.6110   71.3213    -6.6   -11.5    -9.1    -8.6     8.3    20.9 R    -4.3   -11.6    -7.7
27516 200706  1.301 -156.6110   71.3213     3.3    -0.6     1.3     1.3     0.3    24.6 R     7.3    -0.7     2.7
27516 200707  1.301 -156.6110   71.3213     8.4     3.2     5.8     5.7     1.7    20.3 R    14.0     3.0     7.3
27516 200708  1.302 -156.6110   71.3213     9.2     4.2     6.7     6.9    12.2    10.4 R    12.1     4.0     7.5
27516 200709  1.302 -156.6110   71.3213     5.0     1.2     3.1     3.1     7.4     4.4 R     6.5     0.9     3.1
27516 200710  1.302 -156.6110   71.3213    -3.4    -6.6    -5.0    -4.7    14.0     1.3 R    -3.1    -8.3    -5.3
27516 200711  1.302 -156.6110   71.3213    -7.9   -13.2   -10.5   -10.2    20.1     0.0 R    -7.6   -14.2   -10.6
27516 200712  1.302 -156.6110   71.3213   -14.9   -22.5   -18.7   -18.3     4.0     0.0 R   -15.3   -24.4   -19.8
27516 200801  1.302 -156.6110   71.3213   -24.0   -31.8   -27.9   -28.0    16.4     0.0 R   -24.8   -33.1   -29.2
27516 200802  1.302 -156.6110   71.3213   -22.7   -30.4   -26.6   -26.1     7.8     0.9 R   -23.2   -32.3   -27.5
27516 200803  1.302 -156.6110   71.3213   -24.3   -31.5   -27.9   -27.7     0.0     7.1 R   -23.7   -33.5   -28.9
27516 200804  1.302 -156.6110   71.3213    -9.9   -18.3   -14.1   -13.4    22.3    13.1 R    -8.8   -19.8   -13.5
27516 200805  1.302 -156.6110   71.3213    -4.1    -8.4    -6.3    -6.0     4.0    21.0 R    -2.3    -8.8    -5.3
27516 200806  1.302 -156.6110   71.3213     4.1    -0.6     1.8     1.7     9.7    21.0 R    10.1     0.1     4.1
27516 200807  1.302 -156.6110   71.3213     5.8     1.3     3.5     3.4    30.3    15.1 R    12.7     1.9     6.0
27516 200808  1.302 -156.6110   71.3213     4.6     0.7     2.7     2.6     8.2     9.8 R     9.1     0.9     3.9
27516 200809  1.302 -156.6110   71.3213     2.1    -0.5     0.8     0.9     2.1     3.9 R     6.5    -1.3     1.1
27516 200810  1.302 -156.6110   71.3213    -3.2    -8.5    -5.8    -5.2    27.4     1.2 R    -3.5   -11.2    -6.6
27516 200811  1.302 -156.6110   71.3213   -13.6   -19.0   -16.3   -16.0     1.6     0.0 R   -12.8   -20.7   -16.9
27516 200812  1.302 -156.6110   71.3213   -14.0   -22.6   -18.3   -17.3    18.3     0.0 R   -13.2   -23.8   -18.7
27516 200901  1.302 -156.6110   71.3213   -21.6   -29.9   -25.8   -25.8     9.6     0.0 R   -19.0   -31.5   -27.2
27516 200902  1.302 -156.6110   71.3213   -23.2   -31.9   -27.6   -27.6    25.1     0.8 R   -21.9   -33.0   -28.5
27516 200903  1.302 -156.6110   71.3213   -24.2   -31.4   -27.8   -27.6    27.6     6.9 R   -23.9   -33.4   -29.0
27516 200904  1.302 -156.6110   71.3213   -13.2   -20.9   -17.1   -16.5    10.1    13.9 R   -12.7   -22.0   -16.9
27516 200905  1.302 -156.6110   71.3213    -2.1    -7.2    -4.7    -4.5    17.5    20.4 R     0.4    -7.9    -4.1
27516 200906  1.302 -156.6110   71.3213     2.7    -1.2     0.7     0.6     2.8    19.1 R     5.3    -0.9     1.3
27516 200907  1.302 -156.6110   71.3213     8.3     2.3     5.3     5.0    15.8    16.7 R    16.2     2.1     7.0
27516 200908  1.302 -156.6110   71.3213     7.7     2.1     4.9     4.8    50.3     8.4 R    14.1     1.9     5.4
27516 200909  1.302 -156.6110   71.3213     2.6    -0.5     1.0     1.1    14.2     3.5 R    11.9    -1.0     1.1
27516 200910  1.302 -156.6110   71.3213    -2.3    -6.5    -4.4    -4.0    16.5     0.9 R     1.7    -7.9    -4.7
27516 200911  1.302 -156.6110   71.3213   -14.9   -20.9   -17.9   -17.4     5.3     0.0 R    -9.6   -23.0   -18.7
27516 200912  1.302 -156.6110   71.3213   -16.3   -24.9   -20.6   -19.8    18.0     0.0 R   -13.6   -25.9   -21.0
27516 201001  1.302 -156.6110   71.3213   -23.8   -32.8   -28.3   -27.9     4.5     0.0 R   -23.1   -34.0   -29.3
27516 201002  1.302 -156.6110   71.3213   -20.4   -27.2   -23.8   -23.9     2.4     0.8 R   -20.4   -28.3   -24.8
27516 201003  1.302 -156.6110   71.3213   -20.3   -28.0   -24.2   -23.9     0.0     5.4 R   -20.5   -29.9   -25.1
27516 201004  1.302 -156.6110   71.3213   -10.1   -18.2   -14.1   -13.5    17.1    13.6 R    -9.1   -19.4   -13.8
27516 201005  1.302 -156.6110   71.3213    -5.4    -9.7    -7.5    -7.3    25.0    19.5 R    -3.1   -10.1    -6.8
27516 201006  1.302 -156.6110   71.3213     1.8    -1.5     0.1     0.1     4.2    22.3 R     5.5    -1.5     0.8
27516 201007  1.302 -156.6110   71.3213     7.6     2.3     5.0     4.9    36.4    15.3 R    13.3     2.5     6.5
27516 201008  1.302 -156.6110   71.3213     7.8     3.3     5.6     5.5     6.2     9.4 R    14.5     3.3     6.3
27516 201009  2.404 -156.6110   71.3213     4.8     0.4     2.6     2.7    10.9     4.2 R    15.3     0.0     2.8
27516 201010  2.404 -156.6110   71.3213    -3.4    -6.6    -5.0    -4.9     7.6     0.9 R     1.9    -7.7    -5.2
27516 201011  2.404 -156.6110   71.3213    -9.3   -14.8   -12.1   -11.7    23.1     0.0 R    -2.0   -15.4   -11.9
27516 201012  2.404 -156.6110   71.3213   -19.7   -27.5   -23.6   -23.4     4.2     0.0 R   -16.2   -28.1   -23.9
27516 201101  2.404 -156.6110   71.3213   -18.9   -27.2   -23.0   -23.0    21.0     0.0 R    -6.2   -27.9   -24.0
27516 201102  2.404 -156.6110   71.3213   -16.5   -26.9   -21.7   -21.3    37.2     0.7 R    -1.9   -27.9   -21.7
27516 201103  2.404 -156.6110   71.3213   -17.3   -26.6   -21.9   -21.6     3.2     6.4 R    -7.1   -27.8   -22.1
27516 201104  2.404 -156.6110   71.3213   -14.6   -24.4   -19.5   -18.8     0.0    14.6 R    -9.3   -25.8   -18.9
27516 201105  2.404 -156.6110   71.3213    -3.9    -8.2    -6.0    -5.8     0.6    20.4 R     6.0    -8.4    -4.8
27516 201106  2.404 -156.6110   71.3213     2.6    -1.2     0.7     0.6    12.4    20.7 R    16.8     0.0     3.7
27516 201107  2.404 -156.6110   71.3213     7.0     2.6     4.8     4.5    28.4    15.4 R    16.0     2.9     6.6
27516 201108  2.404 -156.6110   71.3213     7.1     3.4     5.2     5.2     8.4     8.3 R    10.7     3.7     6.2
27516 201109  2.404 -156.6110   71.3213     3.9     0.7     2.3     2.5    19.4     4.2 R     6.5     0.3     2.5
27516 201110  2.404 -156.6110   71.3213    -2.6    -7.1    -4.9    -4.3    23.7     1.3 R    -2.8    -8.9    -5.0
27516 201111  2.404 -156.6110   71.3213   -14.8   -22.1   -18.5   -18.3     7.2     0.0 R   -15.4   -23.2   -19.2
27516 201112  2.404 -156.6110   71.3213   -20.5   -27.0   -23.8   -23.6 -9999.0     0.0 R   -20.7   -27.5   -24.2
27516 201201  2.404 -156.6110   71.3213   -26.0   -33.4   -29.7   -29.4 -9999.0     0.0 R   -26.5   -33.7   -30.0
27516 201202  2.404 -156.6110   71.3213   -22.1   -28.4   -25.3   -24.5 -9999.0     0.9 R   -22.0   -28.8   -25.3
27516 201203  2.404 -156.6110   71.3213   -27.8   -34.9   -31.3   -31.3 -9999.0     7.0 R   -27.1   -36.1   -32.0
27516 201204  2.404 -156.6110   71.3213   -12.6   -19.0   -15.8   -15.4 -9999.0    12.8 R   -10.9   -19.8   -15.1
27516 201205  2.414 -156.6110   71.3213    -4.3    -8.9    -6.6    -6.2    15.5    19.4 R    -2.2    -9.1    -5.5
27516 201206  2.414 -156.6110   71.3213     4.3     0.0     2.1     2.0     1.9    20.2 C     7.9     0.5     3.8
27516 201207  2.414 -156.6110   71.3213     9.4     2.3     5.8     5.5    17.9    17.6 C    14.9     2.8     8.2
27516 201208  2.414 -156.6110   71.3213    10.2     3.9     7.0     7.0    19.6     8.4 C    12.3     4.0     7.6
27516 201209  2.414 -156.6110   71.3213     2.8    -0.1     1.4     1.4    45.7     3.8 C     3.9     0.2     1.9
27516 201210  2.414 -156.6110   71.3213    -0.4    -5.3    -2.9    -2.3    24.5     1.0 C    -1.0    -6.3    -3.1
27516 201211  2.414 -156.6110   71.3213   -11.2   -18.9   -15.0   -14.5     8.8     0.0 C   -11.4   -20.0   -15.0
27516 201212  2.414 -156.6110   71.3213   -20.7   -26.4   -23.6   -23.5     0.2     0.0 C   -21.3   -27.0   -24.1
27516 201301  2.414 -156.6110   71.3213   -21.1   -25.6   -23.4   -23.3     0.2     0.0 C   -21.8   -26.6   -24.2
27516 201302  2.414 -156.6110   71.3213   -26.2   -30.7   -28.4   -28.3     1.0     0.8 C   -26.0   -31.1   -28.6
27516 201303  2.414 -156.6110   71.3213   -19.2   -25.7   -22.4   -22.0    11.7     5.8 C   -18.8   -26.8   -22.4
27516 201304  2.414 -156.6110   71.3213   -14.7   -22.6   -18.7   -18.2     3.4    14.8 C   -13.4   -24.1   -18.3
27516 201305  2.414 -156.6110   71.3213    -3.7    -8.6    -6.2    -5.9    10.1    18.3 C    -2.7    -8.7    -5.2
27516 201306  2.424 -156.6110   71.3213     5.7    -0.6     2.6     2.1    16.3    18.4 C     8.0     0.5     4.0
27516 201307  2.424 -156.6110   71.3213     8.3     2.4     5.3     5.0    34.8    14.9 C    12.5     2.8     7.0
27516 201308  2.424 -156.6110   71.3213     4.9     1.4     3.2     3.2    33.1     8.2 C     8.1     1.9     4.5
27516 201309  2.424 -156.6110   71.3213     0.6    -3.1    -1.2    -1.0    32.8     3.7 C     1.4    -3.8    -1.1
27516 201310  2.424 -156.6110   71.3213    -1.9    -6.4    -4.1    -3.6    19.0     1.0 C    -2.2    -8.1    -4.4
27516 201311  2.424 -156.6110   71.3213   -10.1   -17.7   -13.9   -13.8    11.7     0.0 C   -10.9   -19.8   -15.1
27516 201312  2.424 -156.6110   71.3213   -15.7   -23.7   -19.7   -19.2    26.3     0.0 C   -16.4   -24.7   -20.3
27516 201401  2.424 -156.6110   71.3213   -18.9   -24.8   -21.8   -22.0     6.8     0.0 C   -19.5   -25.8   -22.9
27516 201402  2.424 -156.6110   71.3213   -18.3   -26.5   -22.4   -22.5     6.9     1.3 C   -19.2   -28.3   -23.9
27516 201403  2.424 -156.6110   71.3213   -17.3   -25.3   -21.3   -20.9     5.9     6.0 C   -18.2   -28.2   -22.8
27516 201404  2.424 -156.6110   71.3213   -12.0   -21.3   -16.6   -15.6    10.1    13.6 C   -11.6   -23.9   -17.0
27516 201405  2.424 -156.6110   71.3213    -1.8    -6.1    -4.0    -3.5    27.3    17.6 C    -1.1    -6.8    -3.4
27516 201406  2.424 -156.6110   71.3213     1.8    -1.1     0.3     0.2    37.2    17.2 C     3.2    -0.9     1.0
27516 201407  2.424 -156.6110   71.3213     5.0     0.3     2.7     2.3    23.9    15.5 C    10.0     0.8     4.5
27516 201408  2.424 -156.6110   71.3213     5.3     0.6     2.9     2.9    18.3     9.3 C     8.1     0.2     3.7
27516 201409  2.424 -156.6110   71.3213     2.3    -0.7     0.8     0.9    33.8     4.5 C     1.9    -1.8     0.3
27516 201410  2.424 -156.6110   71.3213    -3.9    -8.2    -6.0    -5.6    28.5     1.1 C    -4.3    -9.9    -6.4
27516 201411  2.424 -156.6110   71.3213    -9.3   -15.4   -12.3   -12.2    10.8     0.1 C   -10.0   -16.8   -13.3
27516 201412  2.424 -156.6110   71.3213   -18.8   -25.0   -21.9   -21.8    13.0     0.0 C   -19.2   -25.8   -22.5
27516 201501  2.424 -156.6110   71.3213   -20.1   -27.3   -23.7   -23.5    10.1     0.0 C   -21.2   -29.1   -25.1
27516 201502  2.424 -156.6110   71.3213   -18.0   -26.1   -22.0   -21.8    19.0     0.9 C   -19.2   -27.5   -23.1
27516 201503  2.424 -156.6110   71.3213   -21.3   -27.9   -24.6   -24.2    14.6     5.7 C   -21.7   -29.9   -25.5
27516 201504  2.424 -156.6110   71.3213   -11.6   -18.2   -14.9   -14.3    21.9    13.4 C   -10.9   -20.0   -14.8
27516 201505  2.424 -156.6110   71.3213    -0.5    -4.6    -2.6    -2.5    17.7    17.8 C    -0.6    -5.1    -2.6
27516 201506  2.424 -156.6110   71.3213     7.8     0.8     4.3     3.8    20.0    19.5 C     9.8     1.0     5.1
27516 201507  2.424 -156.6110   71.3213     6.4     1.8     4.1     4.1     6.7    15.9 C    12.0     2.0     6.2
27516 201508  2.424 -156.6110   71.3213     5.6     1.2     3.4     3.5    40.8     8.3 C     8.0     1.4     4.3
27516 201509  2.424 -156.6110   71.3213     1.0    -2.0    -0.5    -0.4    18.4     3.8 C     1.8    -2.5    -0.3
27516 201510  2.424 -156.6110   71.3213    -4.4    -8.1    -6.3    -5.8     8.1     1.1 C    -4.6    -9.9    -6.5
27516 201511  2.424 -156.6110   71.3213   -13.2   -18.9   -16.1   -16.0    12.0     0.0 C   -13.8   -20.3   -17.0
27516 201512  2.424 -156.6110   71.3213   -20.9   -26.8   -23.8   -23.6    12.8     0.0 C   -21.5   -28.0   -24.5
27516 201601  2.424 -156.6110   71.3213   -15.0   -21.4   -18.2   -18.2    11.8     0.0 C   -15.8   -22.5   -19.0
27516 201602  2.424 -156.6110   71.3213   -17.6   -22.5   -20.0   -19.9    15.2     0.7 C   -18.2   -24.1   -20.9
27516 201603  2.424 -156.6110   71.3213   -20.1   -25.4   -22.8   -22.5     4.7     6.6 C   -21.3   -27.7   -24.4
27516 201604  2.424 -156.6110   71.3213   -10.3   -14.5   -12.4   -12.2    10.2    12.8 C   -10.2   -15.9   -12.9
27516 201605  2.424 -156.6110   71.3213    -0.9    -4.3    -2.6    -2.6     5.9    15.9 C    -0.4    -4.4    -2.2
27516 201606  2.424 -156.6110   71.3213     5.0    -1.1     1.9     1.5    18.6    18.3 C     7.4    -0.7     2.9
27516 201607  2.424 -156.6110   71.3213     8.5     1.5     5.0     4.7    29.0    17.2 C    13.6     1.4     6.7
27516 201608  2.424 -156.6110   71.3213     5.4     0.8     3.1     3.0    17.4     8.9 C     8.1     0.8     3.9
27516 201609  2.424 -156.6110   71.3213     1.8    -1.6     0.1     0.2    20.2     3.8 C     2.4    -1.7     0.3
27516 201610  2.424 -156.6110   71.3213    -0.3    -3.9    -2.1    -1.9     4.9     0.9 C    -0.7    -4.6    -2.3
27516 201611  2.424 -156.6110   71.3213    -7.9   -15.0   -11.5   -11.0     9.8     0.0 C    -8.5   -16.5   -11.9
27516 201612  2.424 -156.6110   71.3213   -14.7   -23.5   -19.1   -18.8     9.3     0.0 C   -15.2   -24.3   -19.5
27516 201701  2.424 -156.6110   71.3213   -14.9   -24.4   -19.7   -19.1    14.7     0.0 C   -15.7   -25.3   -20.3
27516 201702  2.424 -156.6110   71.3213   -18.5   -26.7   -22.6   -21.6    11.7     0.8 C   -19.4   -27.9   -23.2
27516 201703  2.424 -156.6110   71.3213   -18.7   -28.2   -23.5   -23.0     9.4     6.4 C   -18.9   -30.3   -24.5
27516 201704  2.424 -156.6110   71.3213   -11.0   -18.2   -14.6   -14.4     0.9    15.3 C   -10.8   -20.8   -15.7
27516 201705  2.424 -156.6110   71.3213    -3.4    -6.3    -4.8    -4.7    26.0    18.7 C    -1.3    -6.5    -3.9
27516 201706  2.424 -156.6110   71.3213     2.7    -1.8     0.5     0.3     8.6    22.7 C     4.6    -1.7     1.3
27516 201707  2.424 -156.6110   71.3213    10.6     3.7     7.2     6.9    36.3    13.8 C    13.3     3.8     8.0
