53176 201009  6.101 -112.6697   32.9649 -9999.0 -9999.0 -9999.0 -9999.0 -9999.0 -9999.0 U -9999.0 -9999.0 -9999.0
53176 201010  6.101 -112.6697   32.9649    31.2    16.7    23.9    23.8     5.3 -9999.0 U -9999.0 -9999.0 -9999.0
53176 201011  6.101 -112.6697   32.9649    23.6     7.5    15.6    15.4     0.0 -9999.0 U -9999.0 -9999.0 -9999.0
53176 201012  6.101 -112.6697   32.9649    21.0     6.5    13.7    13.3    12.1 -9999.0 U -9999.0 -9999.0 -9999.0
53176 201101  6.101 -112.6697   32.9649    19.5     3.9    11.7    11.2     0.0 -9999.0 U -9999.0 -9999.0 -9999.0
53176 201102  6.101 -112.6697   32.9649    19.1     4.1    11.6    11.6    20.2 -9999.0 U -9999.0 -9999.0 -9999.0
53176 201103  6.101 -112.6697   32.9649    26.6    10.2    18.4    18.6     8.4 -9999.0 U -9999.0 -9999.0 -9999.0
53176 201104  6.101 -112.6697   32.9649    30.0    14.1    22.1    22.6     5.2 -9999.0 U -9999.0 -9999.0 -9999.0
53176 201105  6.101 -112.6697   32.9649    32.6    15.6    24.1    25.0     0.0 -9999.0 U -9999.0 -9999.0 -9999.0
53176 201106  6.101 -112.6697   32.9649    40.0    21.3    30.7    31.7     0.0 -9999.0 U -9999.0 -9999.0 -9999.0
53176 201107  6.101 -112.6697   32.9649    41.1    26.5    33.8    34.2    18.9 -9999.0 U -9999.0 -9999.0 -9999.0
53176 201108  6.101 -112.6697   32.9649    42.5    28.8    35.6    35.9     1.3 -9999.0 U -9999.0 -9999.0 -9999.0
53176 201109  6.101 -112.6697   32.9649    39.2    23.3    31.3    31.4     2.6 -9999.0 U -9999.0 -9999.0 -9999.0
53176 201110  6.101 -112.6697   32.9649    33.0    16.0    24.5    24.5     2.8 -9999.0 U -9999.0 -9999.0 -9999.0
53176 201111  6.101 -112.6697   32.9649    22.6     9.4    16.0    15.7    34.9 -9999.0 U -9999.0 -9999.0 -9999.0
53176 201112  6.101 -112.6697   32.9649    16.7     3.9    10.3     9.7    11.8 -9999.0 U -9999.0 -9999.0 -9999.0
53176 201201  6.101 -112.6697   32.9649    21.5     5.7    13.6    13.1     0.0 -9999.0 U -9999.0 -9999.0 -9999.0
53176 201202  6.101 -112.6697   32.9649    22.3     5.5    13.9    14.1     0.5 -9999.0 U -9999.0 -9999.0 -9999.0
53176 201203  6.101 -112.6697   32.9649    25.9     8.4    17.1    17.5    14.3 -9999.0 U -9999.0 -9999.0 -9999.0
53176 201204  6.101 -112.6697   32.9649    30.8    13.5    22.2    22.9     0.8 -9999.0 U -9999.0 -9999.0 -9999.0
53176 201205  6.101 -112.6697   32.9649    36.8    17.9    27.3    28.3     0.6 -9999.0 U -9999.0 -9999.0 -9999.0
53176 201206  6.101 -112.6697   32.9649    41.3    23.1    32.2    33.3     0.0 -9999.0 U -9999.0 -9999.0 -9999.0
53176 201207  6.101 -112.6697   32.9649    39.8    26.7    33.2    33.3    48.7 -9999.0 U -9999.0 -9999.0 -9999.0
53176 201208  6.101 -112.6697   32.9649    40.5    27.8    34.1    34.4    19.9 -9999.0 U -9999.0 -9999.0 -9999.0
53176 201209  6.101 -112.6697   32.9649    37.4    23.9    30.7    30.6     8.6 -9999.0 U -9999.0 -9999.0 -9999.0
53176 201210  6.101 -112.6697   32.9649    32.7    16.0    24.4    24.6     0.2 -9999.0 U -9999.0 -9999.0 -9999.0
53176 201211  6.101 -112.6697   32.9649    26.9    10.1    18.5    18.0     0.0 -9999.0 U -9999.0 -9999.0 -9999.0
53176 201212  6.101 -112.6697   32.9649    19.0     5.7    12.3    12.0    14.0 -9999.0 U -9999.0 -9999.0 -9999.0
53176 201301  6.101 -112.6697   32.9649    17.6     3.5    10.5    10.0    21.8 -9999.0 U -9999.0 -9999.0 -9999.0
53176 201302  6.101 -112.6697   32.9649    19.7     5.2    12.4    12.4     5.5 -9999.0 U -9999.0 -9999.0 -9999.0
53176 201303  6.101 -112.6697   32.9649    28.1    11.0    19.5    19.8     5.2 -9999.0 U -9999.0 -9999.0 -9999.0
53176 201304  6.101 -112.6697   32.9649    31.0    13.6    22.3    23.1     0.5 -9999.0 U -9999.0 -9999.0 -9999.0
53176 201305  6.101 -112.6697   32.9649    35.3    18.6    26.9    27.8     0.0 -9999.0 U -9999.0 -9999.0 -9999.0
53176 201306  6.101 -112.6697   32.9649    42.2    23.2    32.7    33.7     0.0 -9999.0 U -9999.0 -9999.0 -9999.0
53176 201307  6.101 -112.6697   32.9649    40.7    28.5    34.6    34.9    35.4 -9999.0 U -9999.0 -9999.0 -9999.0
53176 201308  6.101 -112.6697   32.9649    40.0    26.5    33.2    33.3    16.7 -9999.0 U -9999.0 -9999.0 -9999.0
53176 201309  6.101 -112.6697   32.9649    37.2    22.6    29.9    30.1     0.3 -9999.0 U -9999.0 -9999.0 -9999.0
53176 201310  6.101 -112.6697   32.9649    30.0    12.8    21.4    21.6     0.2 -9999.0 U -9999.0 -9999.0 -9999.0
53176 201311  6.101 -112.6697   32.9649    24.5    10.9    17.7    17.4    72.1 -9999.0 U -9999.0 -9999.0 -9999.0
53176 201312  6.101 -112.6697   32.9649    18.4     5.1    11.7    11.2     6.4 -9999.0 U -9999.0 -9999.0 -9999.0
53176 201401  6.101 -112.6697   32.9649    21.8     5.7    13.7    12.9     0.2 -9999.0 U -9999.0 -9999.0 -9999.0
53176 201402  6.101 -112.6697   32.9649    24.6     7.5    16.0    15.8     0.0 -9999.0 U -9999.0 -9999.0 -9999.0
53176 201403  6.101 -112.6697   32.9649    27.1    10.3    18.7    19.1    11.3 -9999.0 U -9999.0 -9999.0 -9999.0
53176 201404  6.101 -112.6697   32.9649    30.6    12.9    21.8    22.7     0.0 -9999.0 U -9999.0 -9999.0 -9999.0
53176 201405  6.101 -112.6697   32.9649    35.3    17.8    26.6    27.6     0.0 -9999.0 U -9999.0 -9999.0 -9999.0
53176 201406  6.101 -112.6697   32.9649 -9999.0 -9999.0 -9999.0 -9999.0 -9999.0 -9999.0 U -9999.0 -9999.0 -9999.0
