54797 200112  1.001  -71.5417   41.4782 -9999.0 -9999.0 -9999.0 -9999.0 -9999.0 -9999.0 U -9999.0 -9999.0 -9999.0
54797 200201  1.001  -71.5417   41.4782     6.0    -4.5     0.8     1.0 -9999.0     5.9 R -9999.0 -9999.0    -0.8
54797 200202  1.001  -71.5417   41.4782     6.8    -5.4     0.7     1.2 -9999.0     9.6 R -9999.0 -9999.0     0.7
54797 200203  1.001  -71.5417   41.4782     9.4    -2.1     3.7     4.0 -9999.0     8.4 R -9999.0 -9999.0     4.0
54797 200204  1.001  -71.5417   41.4782    14.7     3.2     9.0     9.2 -9999.0     9.1 R -9999.0 -9999.0    10.6
54797 200205  1.001  -71.5417   41.4782    17.1     4.7    10.9    11.5 -9999.0     8.5 R -9999.0 -9999.0    12.7
54797 200206  1.002  -71.5417   41.4782    22.9    10.7    16.8    17.1 -9999.0    18.9 R -9999.0 -9999.0    17.9
54797 200207  1.002  -71.5417   41.4782 -9999.0 -9999.0 -9999.0 -9999.0 -9999.0 -9999.0 U -9999.0 -9999.0 -9999.0
54797 200208  1.002  -71.5417   41.4782    27.5    15.3    21.4    21.4 -9999.0    19.1 R -9999.0 -9999.0    23.9
54797 200209  1.002  -71.5417   41.4782    23.5    11.8    17.6    17.8 -9999.0    14.8 R -9999.0 -9999.0    18.1
54797 200210  1.002  -71.5417   41.4782    15.2     4.2     9.7    10.0 -9999.0    10.6 R -9999.0 -9999.0     9.2
54797 200211  1.003  -71.5417   41.4782     9.6     0.2     4.9     5.1 -9999.0     5.8 R -9999.0 -9999.0     4.0
54797 200212  1.003  -71.5417   41.4782     4.1    -5.7    -0.8    -0.3   153.5     5.8 R -9999.0 -9999.0    -1.8
54797 200301  1.003  -71.5417   41.4782    -0.3    -9.1    -4.7    -4.4    57.8     7.0 R -9999.0 -9999.0    -4.5
54797 200302  1.003  -71.5417   41.4782     0.6    -9.6    -4.5    -4.0   105.1     8.9 R -9999.0 -9999.0    -5.6
54797 200303  1.003  -71.5417   41.4782 -9999.0 -9999.0 -9999.0 -9999.0   153.5    14.1 R -9999.0 -9999.0     0.6
54797 200304  1.003  -71.5417   41.4782    11.8     1.6     6.7     6.6   130.5    15.3 R -9999.0 -9999.0     6.6
54797 200305  1.003  -71.5417   41.4782    17.1     6.1    11.6    11.6    72.6    15.3 R -9999.0 -9999.0    11.8
54797 200306  1.003  -71.5417   41.4782    21.9    12.1    17.0    17.2   144.1    17.0 R -9999.0 -9999.0    17.1
54797 200307  1.003  -71.5417   41.4782    26.6    15.7    21.2    21.3    88.9    20.2 R -9999.0 -9999.0    21.5
54797 200308  1.003  -71.5417   41.4782    26.8    17.5    22.1    22.0   165.4    17.4 R -9999.0 -9999.0    22.6
54797 200309  1.003  -71.5417   41.4782    22.8    11.7    17.3    17.5    90.2    14.1 R -9999.0 -9999.0    17.7
54797 200310  1.200  -71.5417   41.4782    15.6     3.8     9.7     9.9 -9999.0    10.1 R -9999.0 -9999.0     9.5
54797 200311  1.200  -71.5417   41.4782    12.4     1.4     6.9     7.0    52.2     7.1 R -9999.0 -9999.0     6.4
54797 200312  1.200  -71.5417   41.4782     5.8    -3.9     0.9     1.1   147.3     5.8 R -9999.0 -9999.0    -0.5
54797 200401  1.200  -71.5417   41.4782    -2.7   -11.0    -6.9    -6.5    50.3     7.5 R -9999.0 -9999.0    -7.4
54797 200402  1.200  -71.5417   41.4782     4.3    -6.3    -1.0    -0.8    73.5    11.4 R -9999.0 -9999.0    -1.9
54797 200403  1.200  -71.5417   41.4782     7.2    -2.1     2.6     2.8   118.5    11.1 R -9999.0 -9999.0     2.4
54797 200404  1.200  -71.5417   41.4782    13.6     3.0     8.3     8.2   186.7    15.7 R -9999.0 -9999.0     9.1
54797 200405  1.200  -71.5417   41.4782    19.6     8.2    13.9    13.8    62.3    18.9 R -9999.0 -9999.0    14.7
54797 200406  1.200  -71.5417   41.4782    23.0    11.3    17.2    17.5    52.7    22.0 R -9999.0 -9999.0    18.6
54797 200407  1.200  -71.5417   41.4782    24.9    15.3    20.1    20.2    65.6    18.3 R -9999.0 -9999.0    21.4
54797 200408  1.200  -71.5417   41.4782    24.6    15.3    19.9    20.1   159.9    16.5 R -9999.0 -9999.0    21.5
54797 200409  1.200  -71.5417   41.4782    22.5    11.2    16.8    17.0   189.2    15.9 R -9999.0 -9999.0    17.7
54797 200410  1.201  -71.5417   41.4782    15.6     4.7    10.1    10.5    70.5    10.6 R -9999.0 -9999.0    10.0
54797 200411  1.201  -71.5417   41.4782    11.0    -0.8     5.1     5.7   127.2     7.6 R -9999.0 -9999.0     4.5
54797 200412  1.201  -71.5417   41.4782     6.0    -4.4     0.8     1.2   144.4     5.5 R -9999.0 -9999.0    -0.2
54797 200501  1.201  -71.5417   41.4782     1.4    -8.2    -3.4    -3.0   125.9     6.0 R -9999.0 -9999.0    -4.3
54797 200502  1.201  -71.5417   41.4782     3.7    -6.9    -1.6    -1.1    92.3    10.2 R -9999.0 -9999.0    -2.7
54797 200503  1.201  -71.5417   41.4782     5.4    -5.0     0.2     0.6   159.6    14.3 R -9999.0 -9999.0    -0.7
54797 200504  1.201  -71.5417   41.4782    14.1     1.8     7.9     8.3   148.0    19.2 R -9999.0 -9999.0     9.0
54797 200505  1.201  -71.5417   41.4782    15.6     5.6    10.6    10.6   110.2    17.6 R -9999.0 -9999.0    11.1
54797 200506  1.201  -71.5417   41.4782    24.0    13.5    18.8    18.6    41.0    21.7 R -9999.0 -9999.0    19.7
54797 200507  1.201  -71.5417   41.4782    26.6    16.0    21.3    21.3    30.3    20.2 R -9999.0 -9999.0    22.6
54797 200508  1.201  -71.5417   41.4782    27.9    16.8    22.4    22.1   149.3    18.6 R -9999.0 -9999.0    24.4
54797 200509  1.201  -71.5417   41.4782    24.2    11.6    17.9    18.3    70.8    16.9 R -9999.0 -9999.0    18.6
54797 200510  1.201  -71.5417   41.4782    16.3     7.3    11.8    11.8   367.0     8.6 R -9999.0 -9999.0    11.9
54797 200511  1.301  -71.5417   41.4782    12.4     0.0     6.2     7.1   179.1     7.7 R -9999.0 -9999.0     6.5
54797 200512  1.301  -71.5417   41.4782     4.3    -5.4    -0.6    -0.4   123.9     6.0 R     6.8    -8.7    -1.5
54797 200601  1.301  -71.5417   41.4782     6.7    -2.8     1.9     2.1   165.6     5.6 R    10.0    -5.1     1.4
54797 200602  1.301  -71.5417   41.4782     3.9    -6.3    -1.2    -0.9    71.5    10.6 R     9.9    -9.5    -1.4
54797 200603  1.301  -71.5417   41.4782     7.9    -3.8     2.0     2.3    21.5    14.8 R    17.3    -7.4     2.4
54797 200604  1.301  -71.5417   41.4782    14.5     1.2     7.8     8.5    84.1    18.2 R    25.7    -1.4     9.6
54797 200605  1.301  -71.5417   41.4782    18.3     8.3    13.3    13.2   189.9    17.4 R    25.6     7.4    14.5
54797 200606  1.301  -71.5417   41.4782    23.1    14.3    18.7    18.4   262.1    17.2 R    30.3    14.0    20.2
54797 200607  1.301  -71.5417   41.4782    27.0    18.2    22.6    22.4    99.0    20.0 R    32.5    17.6    23.5
54797 200608  1.301  -71.5417   41.4782    25.5    14.4    20.0    20.2   115.2    18.8 R    32.1    13.0    20.9
54797 200609  1.301  -71.5417   41.4782    21.3     9.8    15.5    15.9    96.8    14.4 R    30.0     8.5    17.0
54797 200610  1.301  -71.5417   41.4782    16.3     4.2    10.3    10.7   194.9    11.1 R    20.7     2.3    10.6
54797 200611  1.301  -71.5417   41.4782    13.0     3.1     8.1     8.3   151.4     6.2 R    16.6     2.1     8.2
54797 200612  1.301  -71.5417   41.4782     8.8    -1.5     3.6     4.1    64.5     5.6 R    11.7    -3.5     3.5
54797 200701  1.301  -71.5417   41.4782     5.0    -4.4     0.3     0.7   160.4     6.3 R     8.2    -5.7     0.7
54797 200702  1.301  -71.5417   41.4782     0.9    -8.6    -3.8    -3.5    79.5    11.1 R     6.1    -9.7    -3.2
54797 200703  1.301  -71.5417   41.4782     7.7    -3.6     2.1     2.3   161.0    14.1 R    13.7    -5.3     2.6
54797 200704  1.301  -71.5417   41.4782    11.9     1.9     6.9     6.8   220.0    15.3 R    20.5     0.5     7.9
54797 200705  1.301  -71.5417   41.4782    20.2     6.9    13.5    14.0    54.0    23.1 R    27.9     5.7    15.2
54797 200706  1.301  -71.5417   41.4782    23.9    12.5    18.2    18.2    63.3    22.6 R    29.3    11.6    19.3
54797 200707  1.301  -71.5417   41.4782    26.4    15.2    20.8    21.0    68.7    22.0 R    33.7    14.4    22.4
54797 200708  1.301  -71.5417   41.4782    26.4    14.8    20.6    20.5    48.3    19.3 R    36.6    13.5    22.3
54797 200709  1.301  -71.5417   41.4782    23.6    10.2    16.9    17.2    48.4    17.7 R    33.0     8.2    18.2
54797 200710  1.302  -71.5417   41.4782    19.5     7.9    13.7    13.9    62.4    10.4 R    25.4     6.1    14.1
54797 200711  1.302  -71.5417   41.4782     9.9    -1.7     4.1     4.9    87.6     7.8 R    14.9    -4.6     4.1
54797 200712  1.302  -71.5417   41.4782     4.1    -4.9    -0.4    -0.3   120.5     5.3 R     6.4    -7.2    -1.3
54797 200801  1.302  -71.5417   41.4782     4.7    -6.1    -0.7    -0.3    43.8     7.4 R     9.5    -9.0    -1.2
54797 200802  1.302  -71.5417   41.4782     4.7    -5.8    -0.6    -0.1   162.5     9.4 R    10.0    -8.2    -0.4
54797 200803  1.302  -71.5417   41.4782     8.1    -2.2     3.0     3.1   162.8    14.4 R    17.8    -5.3     3.6
54797 200804  1.302  -71.5417   41.4782    14.5     2.4     8.5     8.9   110.8    18.6 R    25.9    -0.3    10.2
54797 200805  1.302  -71.5417   41.4782    17.5     5.8    11.6    12.0    75.7    20.8 R    26.3     3.7    12.8
54797 200806  1.302  -71.5417   41.4782    24.9    13.7    19.3    19.5    80.9    23.1 R    30.1    12.3    20.1
54797 200807  1.302  -71.5417   41.4782    27.3    17.1    22.2    22.3    98.7    24.1 R    34.3    15.9    23.4
54797 200808  1.302  -71.5417   41.4782    25.1    13.2    19.1    19.1    91.8    21.9 R    32.1    11.7    19.7
54797 200809  1.302  -71.5417   41.4782    21.9    11.8    16.9    17.1   253.9    15.0 R    27.6    10.0    17.2
54797 200810  1.302  -71.5417   41.4782    15.6     3.1     9.4     9.8    49.7    12.9 R    20.2     1.0     9.2
54797 200811  1.302  -71.5417   41.4782    10.0    -0.4     4.8     4.9   113.0     7.2 R    14.2    -2.6     4.3
54797 200812  1.302  -71.5417   41.4782     6.2    -3.6     1.3     1.7   202.6     4.7 R     8.0    -5.7     0.7
54797 200901  1.302  -71.5417   41.4782    -0.4   -10.7    -5.5    -4.9   109.8     7.5 R     0.0   -13.7    -6.6
54797 200902  1.302  -71.5417   41.4782     5.0    -5.5    -0.3    -0.2    61.2    11.6 R    10.2    -8.1    -0.8
54797 200903  1.302  -71.5417   41.4782     7.2    -3.5     1.9     2.1    81.2    14.2 R    16.0    -6.1     2.3
54797 200904  1.302  -71.5417   41.4782    14.3     2.8     8.6     9.0   172.1    17.5 R    23.9     0.3     9.9
54797 200905  1.302  -71.5417   41.4782    18.2     8.2    13.2    13.3    96.3    17.2 R    26.1     6.9    14.5
54797 200906  1.302  -71.5417   41.4782    21.2    12.0    16.6    16.4   118.3    16.6 R    28.2    11.1    17.8
54797 200907  1.302  -71.5417   41.4782    24.9    14.2    19.5    19.7   287.4    20.3 R    30.2    12.6    20.4
54797 200908  1.302  -71.5417   41.4782    26.6    16.6    21.6    21.6    58.0    18.4 R    33.9    14.9    22.6
54797 200909  1.302  -71.5417   41.4782    21.7     9.4    15.5    15.7    55.4    16.5 R    26.5     7.4    15.5
54797 200910  1.302  -71.5417   41.4782    15.2     4.1     9.7    10.1   172.8     9.4 R    18.9     2.5     9.8
54797 200911  1.302  -71.5417   41.4782    12.7     3.8     8.3     8.5    89.4     6.1 R    15.7     1.8     8.0
54797 200912  1.302  -71.5417   41.4782     4.4    -5.1    -0.4     0.0   196.3     6.1 R     6.3    -7.7    -1.1
54797 201001  1.302  -71.5417   41.4782     2.0    -7.5    -2.8    -2.4    85.3     7.1 R     4.3   -10.2    -3.6
54797 201002  1.302  -71.5417   41.4782     3.1    -4.8    -0.9    -0.7   155.8     9.5 R     6.3    -7.7    -1.6
54797 201003  1.302  -71.5417   41.4782    10.7     0.8     5.7     5.8   482.1    11.7 R    18.0    -1.9     5.9
54797 201004  1.302  -71.5417   41.4782    16.5     3.4    10.0    10.1    50.5    18.4 R    24.4     1.4    10.4
54797 201005  1.302  -71.5417   41.4782    20.8     8.5    14.6    14.7    51.9    22.5 R    25.3     6.4    14.8
54797 201006  2.402  -71.5417   41.4782    25.0    13.9    19.4    19.6   100.1    21.9 R    35.6    11.8    21.0
54797 201007  2.402  -71.5417   41.4782    28.5    17.0    22.7    22.9    80.1    22.0 R    33.3    15.1    22.9
54797 201008  2.402  -71.5417   41.4782    26.8    15.1    20.9    21.1    75.2    18.7 R    33.0    13.2    21.3
54797 201009  2.402  -71.5417   41.4782    23.4    12.5    18.0    18.3    68.7    15.2 R    28.2    10.5    18.1
54797 201010  2.402  -71.5417   41.4782    16.6     5.3    10.9    11.2    95.6    10.3 R    20.8     3.7    10.9
54797 201011  2.402  -71.5417   41.4782    10.7     0.6     5.6     6.0   108.2     6.8 R    14.5    -1.3     5.4
54797 201012  2.402  -71.5417   41.4782     3.3    -6.0    -1.4    -1.1   125.0     6.1 R     6.7    -7.4    -1.4
54797 201101  2.402  -71.5417   41.4782     0.8   -10.1    -4.7    -4.0   123.1     7.1 R     4.7   -11.5    -4.0
54797 201102  2.402  -71.5417   41.4782     3.9    -8.0    -2.1    -1.5   127.1     9.6 R     6.4    -8.7    -1.2
54797 201103  2.402  -71.5417   41.4782     7.9    -2.0     3.0     3.1    73.5    13.9 R    13.4    -3.2     3.9
54797 201104  2.402  -71.5417   41.4782    13.0     3.5     8.2     8.4   137.6    14.0 R    18.0     2.9     9.4
54797 201105  2.402  -71.5417   41.4782    19.4     9.9    14.6    14.5    83.0    17.2 R    23.6     8.6    14.9
54797 201106  2.402  -71.5417   41.4782    23.7    12.3    18.0    18.1   100.8    20.2 R    33.2    12.9    21.5
54797 201107  2.402  -71.5417   41.4782    27.9    16.3    22.1    22.4    55.0    21.8 R    36.9    18.3    26.8
54797 201108  2.402  -71.5417   41.4782    26.1    15.5    20.8    21.1   198.2    18.0 R    33.3    16.5    24.4
54797 201109  2.402  -71.5417   41.4782    23.2    13.9    18.5    18.4   191.8    14.5 R    30.4    15.6    21.8
54797 201110  2.402  -71.5417   41.4782    17.2     6.3    11.7    11.9   184.9    10.5 R    23.2     8.6    14.9
54797 201111  2.402  -71.5417   41.4782    13.8     2.1     7.9     8.1   136.8     7.7 R    18.4     2.2     9.5
54797 201112  2.402  -71.5417   41.4782     9.0    -2.7     3.2     3.7   101.6     5.5 R    13.0    -2.7     4.8
54797 201201  2.402  -71.5417   41.4782     6.0    -4.5     0.7     0.9   100.0     7.4 R    10.7    -3.4     3.1
54797 201202  2.402  -71.5417   41.4782     7.0    -4.1     1.5     1.8    46.9    10.3 R    14.8    -3.3     4.5
54797 201203  2.402  -71.5417   41.4782    12.2     1.3     6.8     6.7    36.3    13.1 R    21.4     2.3     9.9
54797 201204  2.402  -71.5417   41.4782    15.7     2.5     9.1     9.5    83.3    20.1 R    27.3     5.5    14.5
54797 201205  2.402  -71.5417   41.4782    19.8    10.2    15.0    15.0   127.1    16.2 R    28.7    14.8    20.8
54797 201206  2.412  -71.5417   41.4782    23.7    12.0    17.8    18.0   123.2    21.2 R    32.0    14.0    21.8
54797 201207  2.412  -71.5417   41.4782    28.0    16.3    22.1    22.1   128.9    21.1 C    31.9    15.2    22.9
54797 201208  2.412  -71.5417   41.4782    26.5    15.7    21.1    21.4   127.6    19.4 C    29.8    15.0    22.0
54797 201209  2.412  -71.5417   41.4782    21.9    11.1    16.5    16.9    69.3    14.2 C    25.4    10.1    17.2
54797 201210  2.412  -71.5417   41.4782    17.4     7.0    12.2    12.6    58.4     9.2 C    20.1     6.0    12.6
54797 201211  2.412  -71.5417   41.4782     9.3    -1.4     3.9     3.9    23.9     7.5 C    13.3    -3.1     4.0
54797 201212  2.412  -71.5417   41.4782     7.5    -1.5     3.0     3.3   192.9     4.6 C     9.4    -2.7     3.1
54797 201301  2.412  -71.5417   41.4782     3.5    -6.8    -1.6    -0.8    56.8     7.0 C     3.6    -8.7    -2.1
54797 201302  2.412  -71.5417   41.4782     2.8    -5.4    -1.3    -0.9   156.9     8.4 C     5.8    -6.7    -1.3
54797 201303  2.412  -71.5417   41.4782     7.1    -1.9     2.6     2.7    70.5    12.8 C    14.7    -3.6     3.5
54797 201304  2.412  -71.5417   41.4782    13.5     1.9     7.7     7.9    47.3    19.5 C    23.3     0.8    10.0
54797 201305  2.412  -71.5417   41.4782    19.7     7.1    13.4    13.6    99.3    20.8 C    27.8     6.7    15.7
54797 201306  2.412  -71.5417   41.4782    23.9    13.4    18.6    18.7   246.6    20.7 C    29.3    13.2    20.3
54797 201307  2.412  -71.5417   41.4782    28.3    19.3    23.8    23.5    56.8    19.9 C    31.6    19.2    24.5
54797 201308  2.412  -71.5417   41.4782    25.2    13.4    19.3    19.6   106.5    18.8 C    30.7    12.7    20.7
54797 201309  2.422  -71.5417   41.4782    21.9     9.1    15.5    15.7   108.0    15.7 C    27.2     8.2    16.6
54797 201310  2.422  -71.5417   41.4782    17.6     4.4    11.0    11.4    28.8    11.4 C    20.5     1.6    10.0
54797 201311  2.422  -71.5417   41.4782    10.0    -1.5     4.2     4.6   113.8     7.5 C    11.9    -4.3     3.3
54797 201312  2.422  -71.5417   41.4782     5.1    -4.9     0.1     0.6   128.6     4.6 C     5.1    -8.0    -1.2
54797 201401  2.422  -71.5417   41.4782     1.7    -9.2    -3.7    -3.3    85.3     6.2 C     2.1   -12.4    -4.7
54797 201402  2.422  -71.5417   41.4782     2.2    -8.8    -3.3    -2.6   122.6     9.6 C     2.5   -13.2    -5.3
54797 201403  2.422  -71.5417   41.4782     6.1    -5.5     0.3     0.5   196.6    12.8 C    12.7    -8.4     0.5
54797 201404  2.422  -71.5417   41.4782    12.9     2.2     7.6     7.7   131.5    17.1 C    21.1    -0.7     8.2
54797 201405  2.422  -71.5417   41.4782    19.1     7.4    13.3    13.7    77.2    18.8 C    23.9     5.4    13.7
54797 201406  2.422  -71.5417   41.4782    23.9    11.3    17.6    18.0    71.7    21.9 C    31.4     9.6    19.0
54797 201407  2.422  -71.5417   41.4782    25.8    16.4    21.1    21.1   140.8    20.5 C    34.8    15.3    22.9
54797 201408  2.422  -71.5417   41.4782    25.0    12.6    18.8    19.0    47.1    19.9 C    32.1    10.8    19.6
54797 201409  2.422  -71.5417   41.4782    23.0    10.3    16.7    17.0    13.5    16.1 C    28.0     8.0    16.7
54797 201410  2.422  -71.5417   41.4782    17.3     6.2    11.8    12.5    88.1     9.5 C    19.8     4.4    11.7
54797 201411  2.422  -71.5417   41.4782    10.1    -1.4     4.3     5.0   124.3     6.6 C    11.9    -3.7     3.9
54797 201412  2.422  -71.5417   41.4782     6.7    -1.9     2.4     2.8   174.5     4.5 C     8.2    -3.8     1.8
54797 201501  2.422  -71.5417   41.4782     1.3    -9.4    -4.0    -3.5   105.0     5.8 C     2.1   -11.5    -4.6
54797 201502  2.422  -71.5417   41.4782    -2.1   -15.2    -8.6    -7.6    60.2     8.9 C    -3.0   -18.5    -9.8
54797 201503  2.422  -71.5417   41.4782     4.8    -6.3    -0.7    -0.3   138.6    13.0 C     6.3    -9.7    -2.0
54797 201504  2.422  -71.5417   41.4782    13.7     1.3     7.5     7.9    47.9    17.0 C    21.6    -1.5     8.1
54797 201505  2.422  -71.5417   41.4782    21.0     8.1    14.5    14.8    16.7    22.1 C    28.6     6.1    15.9
54797 201506  2.422  -71.5417   41.4782    22.4    11.5    16.9    17.4   148.2    19.8 C    27.9    10.4    18.2
54797 201507  2.422  -71.5417   41.4782    27.4    15.4    21.4    21.5    88.8    21.3 C    32.5    14.2    22.1
54797 201508  2.422  -71.5417   41.4782    27.3    15.3    21.3    21.5    75.2    21.2 C    32.6    14.6    22.8
54797 201509  2.422  -71.5417   41.4782    24.9    11.9    18.4    18.4   101.6    16.5 C    31.1    10.8    19.5
54797 201510  2.422  -71.5417   41.4782    16.2     4.0    10.1    10.4    94.0    11.5 C    21.0     1.9     9.8
54797 201511  2.422  -71.5417   41.4782    13.2     1.6     7.4     7.8    69.2     7.2 C    14.9    -0.6     6.3
54797 201512  2.422  -71.5417   41.4782    12.0     2.2     7.1     7.1   158.3     4.6 C    12.7     0.5     6.2
54797 201601  2.422  -71.5417   41.4782     4.3    -6.1    -0.9    -0.7    82.7     7.5 C     7.1    -6.9    -0.7
54797 201602  2.422  -71.5417   41.4782     5.7    -5.7     0.0     0.6   142.1     9.3 C     8.9    -6.6     0.9
54797 201603  2.422  -71.5417   41.4782    10.5    -0.2     5.2     5.5    85.5    14.1 C    15.4    -0.9     6.2
54797 201604  2.422  -71.5417   41.4782    12.6     0.7     6.6     7.2   103.0    18.5 C    17.0    -0.1     8.2
54797 201605  2.422  -71.5417   41.4782    19.2     7.0    13.1    13.5    74.8    18.9 C    23.4     6.5    14.6
54797 201606  2.422  -71.5417   41.4782    24.2    11.2    17.7    17.9    39.5    24.6 C    28.3     9.7    18.3
54797 201607  2.422  -71.5417   41.4782    28.7    15.7    22.2    22.4    49.7    22.5 C    35.9    14.6    23.7
54797 201608  2.422  -71.5417   41.4782    28.3    15.8    22.0    22.4    52.3    21.5 C    39.6    14.2    24.5
54797 201609  2.422  -71.5417   41.4782    23.4    12.7    18.0    18.0   100.5    13.8 C    28.7    11.0    18.3
54797 201610  2.422  -71.5417   41.4782    17.8     5.3    11.5    11.7   134.6    11.9 C    20.0     3.5    11.1
54797 201611  2.422  -71.5417   41.4782    12.6     0.1     6.3     6.6   109.0     7.9 C    14.1    -1.8     5.6
54797 201612  2.422  -71.5417   41.4782     5.9    -4.5     0.7     1.0    97.4     5.5 C     6.9    -6.7    -0.2
54797 201701  2.422  -71.5417   41.4782     4.9    -3.7     0.6     1.1   137.9     5.6 C     6.3    -6.1     0.0
54797 201702  2.422  -71.5417   41.4782     6.7    -4.5     1.1     1.6    55.5    10.1 C     8.2    -7.5     0.0
54797 201703  2.422  -71.5417   41.4782     5.7    -4.3     0.7     1.0   133.1    13.3 C     9.5    -6.9     0.4
54797 201704  2.422  -71.5417   41.4782    15.2     4.9    10.1     9.9   189.0    15.8 C    21.9     3.1    10.6
54797 201705  2.422  -71.5417   41.4782    17.4     7.7    12.5    12.9   166.4    16.1 C    22.0     6.2    13.1
54797 201706  2.422  -71.5417   41.4782    23.8    12.1    17.9    18.3    65.6    21.5 C    25.9    10.8    18.0
54797 201707  2.422  -71.5417   41.4782    25.6    15.6    20.6    20.8    78.4    20.2 C    28.1    14.4    20.7
