04128 200307  1.100 -119.6917   43.4711    33.2    14.3    23.7    23.9 -9999.0    28.0 R -9999.0 -9999.0    30.4
04128 200308  1.100 -119.6917   43.4711    29.1    10.7    19.9    20.5     3.6    23.3 R -9999.0 -9999.0    25.4
04128 200309  1.100 -119.6917   43.4711    25.1     5.1    15.1    15.4    19.4    19.5 R -9999.0 -9999.0    18.0
04128 200310  1.100 -119.6917   43.4711    18.3     0.7     9.5     9.7     5.2    12.6 R -9999.0 -9999.0    10.7
04128 200311  1.100 -119.6917   43.4711     5.0    -6.4    -0.7    -0.2    21.6     7.0 R -9999.0 -9999.0    -0.8
04128 200312  1.100 -119.6917   43.4711     2.9    -5.5    -1.3    -1.0    33.6     4.7 R -9999.0 -9999.0    -1.9
04128 200401  1.100 -119.6917   43.4711    -0.4    -8.2    -4.3    -3.9    52.5     6.3 R -9999.0 -9999.0    -5.2
04128 200402  1.100 -119.6917   43.4711     0.9    -8.7    -3.9    -3.2    35.5    10.4 R -9999.0 -9999.0    -5.0
04128 200403  1.100 -119.6917   43.4711    12.0    -2.9     4.5     4.6    11.7    15.9 R -9999.0 -9999.0     4.2
04128 200404  1.100 -119.6917   43.4711    15.3    -1.5     6.9     7.2     8.3    21.5 R -9999.0 -9999.0    10.9
04128 200405  1.201 -119.6917   43.4711    16.7     2.4     9.6     9.7    46.9    22.0 R -9999.0 -9999.0    13.5
04128 200406  1.201 -119.6917   43.4711    23.6     6.0    14.8    15.3    10.4    28.9 R -9999.0 -9999.0    22.1
04128 200407  1.201 -119.6917   43.4711    30.1    11.0    20.6    21.4     0.5    28.9 R -9999.0 -9999.0    28.2
04128 200408  1.201 -119.6917   43.4711    27.8    10.3    19.1    19.5    26.1    22.8 R -9999.0 -9999.0    24.2
04128 200409  1.201 -119.6917   43.4711    21.7     3.9    12.8    13.1     3.9    19.0 R -9999.0 -9999.0    16.4
04128 200410  1.201 -119.6917   43.4711    14.8     0.8     7.8     7.8    43.4    12.3 R -9999.0 -9999.0     9.1
04128 200411  1.201 -119.6917   43.4711     6.6    -4.8     0.9     0.7    20.0     7.6 R -9999.0 -9999.0     0.6
04128 200412  1.201 -119.6917   43.4711     4.0    -6.5    -1.3    -1.1    52.5     5.6 R -9999.0 -9999.0    -1.8
04128 200501  1.201 -119.6917   43.4711     0.7    -9.0    -4.1    -3.6    19.5     6.6 R -9999.0 -9999.0    -5.0
04128 200502  1.201 -119.6917   43.4711     5.2    -7.3    -1.1    -1.3    12.4    11.5 R -9999.0 -9999.0    -0.9
04128 200503  1.201 -119.6917   43.4711    10.8    -2.7     4.1     3.9    29.3    14.7 R -9999.0 -9999.0     4.8
04128 200504  1.201 -119.6917   43.4711    11.7    -1.4     5.1     5.2    40.2    17.5 R -9999.0 -9999.0     7.7
04128 200505  1.201 -119.6917   43.4711    16.5     2.9     9.7    10.0    60.5    20.8 R -9999.0 -9999.0    13.1
04128 200506  1.201 -119.6917   43.4711    20.1     4.2    12.2    12.4    31.3    26.6 R -9999.0 -9999.0    16.9
04128 200507  1.201 -119.6917   43.4711    30.1     9.9    20.0    20.9    14.3    29.6 R -9999.0 -9999.0    25.7
04128 200508  1.201 -119.6917   43.4711    29.5    10.4    19.9    20.6     0.0    26.6 R -9999.0 -9999.0    25.6
04128 200509  1.201 -119.6917   43.4711    22.1     3.6    12.8    13.1    12.4    20.5 R -9999.0 -9999.0    16.1
04128 200510  1.201 -119.6917   43.4711    15.4    -1.0     7.2     6.8    32.0    12.9 R -9999.0 -9999.0     7.8
04128 200511  1.201 -119.6917   43.4711     5.5    -6.1    -0.3    -0.3    62.9     7.7 R -9999.0 -9999.0    -0.6
04128 200512  1.201 -119.6917   43.4711    -0.8    -9.5    -5.1    -4.7    63.0     5.4 R -9999.0 -9999.0    -6.4
04128 200601  1.201 -119.6917   43.4711     2.6    -6.1    -1.8    -1.3    33.9     5.4 R -9999.0 -9999.0    -2.4
04128 200602  1.201 -119.6917   43.4711     4.1    -7.2    -1.5    -1.7     7.5    13.0 R -9999.0 -9999.0    -1.2
04128 200603  1.201 -119.6917   43.4711     5.6    -5.0     0.3     0.4    19.7    14.1 R -9999.0 -9999.0     0.7
04128 200604  1.201 -119.6917   43.4711    12.5    -1.9     5.3     5.4    18.2    19.8 R -9999.0 -9999.0     7.7
04128 200605  1.301 -119.6917   43.4711    19.3     1.6    10.4    11.1    15.2    25.1 R -9999.0 -9999.0    15.3
04128 200606  1.301 -119.6917   43.4711    24.8     7.2    16.0    16.4    31.4    26.5 R    44.7     6.4    21.3
04128 200607  1.301 -119.6917   43.4711    31.8    12.5    22.2    22.7    19.0    28.6 R    53.5    11.1    27.8
04128 200608  1.301 -119.6917   43.4711    27.6     8.0    17.8    18.3    10.3    24.9 R    50.2     6.3    22.9
04128 200609  1.301 -119.6917   43.4711    23.9     3.7    13.8    13.9     7.8    20.3 R    42.0     1.6    16.8
04128 200610  1.301 -119.6917   43.4711    15.2    -1.5     6.9     6.4    17.7    14.2 R    27.0    -3.1     7.6
04128 200611  1.301 -119.6917   43.4711     6.9    -4.9     1.0     1.6    23.6     6.1 R    10.0    -5.5     1.1
04128 200612  1.301 -119.6917   43.4711     1.9    -9.8    -3.9    -3.9    19.6     5.8 R     4.7    -9.9    -4.1
04128 200701  1.301 -119.6917   43.4711     2.4   -11.4    -4.5    -4.7     7.0     8.7 R     6.7   -11.9    -4.8
04128 200702  1.301 -119.6917   43.4711     5.2    -5.7    -0.3    -0.1    41.5     9.4 R     9.8    -6.8    -0.6
04128 200703  1.301 -119.6917   43.4711    12.4    -3.1     4.7     4.7    14.0    15.6 R    24.4    -4.1     6.0
04128 200704  1.301 -119.6917   43.4711    13.6    -2.8     5.4     5.6    33.7    20.3 R    30.0    -3.6     8.6
04128 200705  1.301 -119.6917   43.4711    20.4     1.3    10.8    11.5    13.4    26.4 R    42.0     0.1    16.2
04128 200706  1.302 -119.6917   43.4711    24.6     6.0    15.3    16.1    23.0    27.7 R    45.3     4.7    21.1
04128 200707  1.302 -119.6917   43.4711    32.6    14.0    23.3    23.6     0.7    27.3 R    54.9    12.4    29.2
04128 200708  1.302 -119.6917   43.4711    28.8     9.4    19.1    19.6     7.4    24.9 R    50.0     7.9    24.1
04128 200709  1.302 -119.6917   43.4711    22.0     3.9    13.0    13.0    22.4    18.9 R    37.7     2.3    15.5
04128 200710  1.302 -119.6917   43.4711    13.5    -2.3     5.6     5.5    18.5    11.2 R    21.7    -3.2     6.1
04128 200711  1.302 -119.6917   43.4711     9.0    -6.2     1.4     1.2    27.4     8.2 R    14.2    -6.7     1.4
04128 200712  1.302 -119.6917   43.4711     0.1    -9.8    -4.8    -4.1    29.8     4.9 R     1.5   -11.8    -5.1
04128 200801  1.302 -119.6917   43.4711    -0.8   -12.2    -6.5    -5.9    25.1     7.1 R     0.0   -14.0    -7.3
04128 200802  1.302 -119.6917   43.4711     3.6    -7.4    -1.9    -1.3    13.5    10.7 R     4.6    -8.4    -2.2
04128 200803  1.302 -119.6917   43.4711     6.9    -5.7     0.6     0.3    19.4    14.8 R    17.4    -6.2     1.6
04128 200804  1.302 -119.6917   43.4711    11.0    -5.4     2.8     3.0    10.5    20.3 R    28.8    -6.4     6.0
04128 200805  1.302 -119.6917   43.4711    17.9     1.9     9.9    10.1    37.0    22.2 R    35.1     1.0    13.8
04128 200806  1.302 -119.6917   43.4711    23.1     4.3    13.7    14.5     8.3    28.2 R    41.6     3.3    18.9
04128 200807  1.302 -119.6917   43.4711    30.0    10.4    20.2    21.0     4.6    28.4 R    51.8     8.5    26.3
04128 200808  1.302 -119.6917   43.4711    28.8     8.4    18.6    19.4     1.3    25.3 R    49.2     7.1    23.9
04128 200809  1.302 -119.6917   43.4711    24.6     3.4    14.0    14.3     4.1    19.4 R    41.8     1.3    16.6
04128 200810  1.302 -119.6917   43.4711    16.4    -1.0     7.7     7.5    15.8    13.0 R    26.4    -2.6     7.9
04128 200811  1.302 -119.6917   43.4711     9.5    -3.5     3.0     2.4    24.5     7.0 R    13.9    -4.5     1.7
04128 200812  1.302 -119.6917   43.4711     1.9   -10.3    -4.2    -3.9    32.1     5.9 R     3.9   -12.3    -5.2
04128 200901  1.302 -119.6917   43.4711     3.5    -7.3    -1.9    -1.6     5.0     6.5 R     5.3    -8.0    -2.4
04128 200902  1.302 -119.6917   43.4711     3.9    -8.9    -2.5    -2.4    25.1    10.0 R     6.6   -10.5    -3.3
04128 200903  1.302 -119.6917   43.4711     7.1    -4.7     1.2     0.9    19.2    14.1 R    16.0    -5.8     1.7
04128 200904  1.302 -119.6917   43.4711    12.3    -3.8     4.3     4.5    38.8    20.4 R    28.2    -5.3     7.0
04128 200905  1.302 -119.6917   43.4711    19.6     2.5    11.1    11.7    37.9    24.7 R    37.4     1.0    15.3
04128 200906  1.302 -119.6917   43.4711    21.7     6.7    14.2    14.1    52.1    23.5 R    37.2     5.6    17.2
04128 200907  1.302 -119.6917   43.4711    30.6    10.6    20.6    21.6     6.2    28.4 R    52.9     8.7    26.5
04128 200908  1.302 -119.6917   43.4711    28.3     9.1    18.7    19.0    22.0    23.5 R    47.1     7.1    22.4
04128 200909  2.402 -119.6917   43.4711    26.2     4.9    15.5    15.9     0.0    20.1 R    43.9     2.9    18.6
04128 200910  2.402 -119.6917   43.4711    12.8    -1.9     5.4     5.4    27.0    11.3 R    22.8    -2.6     6.6
04128 200911  2.402 -119.6917   43.4711     6.3    -7.6    -0.6    -0.6    16.2     7.9 R     9.6    -7.7    -0.6
04128 200912  2.402 -119.6917   43.4711    -0.1   -11.8    -6.0    -5.8    15.9     5.9 R     2.7   -12.4    -5.9
04128 201001  2.402 -119.6917   43.4711     3.0    -4.5    -0.7    -0.3    47.5     4.7 R     3.7    -4.6    -0.8
04128 201002  2.402 -119.6917   43.4711     4.1    -4.9    -0.4    -0.3    24.6     8.8 R     6.7    -5.1    -0.1
04128 201003  2.402 -119.6917   43.4711     9.3    -5.7     1.8     1.8    17.8    14.8 R    20.8    -6.1     3.4
04128 201004  2.402 -119.6917   43.4711    11.0    -4.2     3.4     3.7    55.7    19.0 R    24.8    -4.4     6.4
04128 201005  2.402 -119.6917   43.4711    13.9    -0.8     6.5     6.6    28.7    21.2 R    31.2    -1.0    10.3
04128 201006  2.402 -119.6917   43.4711    21.0     5.3    13.2    13.3    17.7    25.0 R    38.1     4.9    17.6
04128 201007  2.402 -119.6917   43.4711    29.4     7.9    18.6    19.6     1.0    29.4 R    52.4     6.8    25.7
04128 201008  2.402 -119.6917   43.4711    27.2     7.7    17.4    18.1     5.7    24.9 R    48.3     6.4    23.2
04128 201009  2.402 -119.6917   43.4711    24.3     3.8    14.1    14.4     1.7    19.5 R    41.6     2.7    17.8
04128 201010  2.402 -119.6917   43.4711    16.5     1.4     8.9     8.7    31.7    11.5 R    26.6     0.8     9.9
04128 201011  2.402 -119.6917   43.4711     5.5    -5.5     0.0     0.0    36.1     6.9 R     8.9    -6.9    -0.5
04128 201012  2.402 -119.6917   43.4711     0.9    -8.3    -3.7    -3.1    72.5     5.0 R     0.8   -10.6    -4.6
04128 201101  2.402 -119.6917   43.4711     1.7    -9.1    -3.7    -3.5    11.9     6.9 R     4.1    -9.9    -4.4
04128 201102  2.402 -119.6917   43.4711     3.1    -7.7    -2.3    -2.0    32.6    10.5 R     7.8    -9.4    -2.4
04128 201103  2.402 -119.6917   43.4711     6.6    -3.7     1.4     1.2    53.2    11.4 R    12.3    -4.2     1.4
04128 201104  2.402 -119.6917   43.4711     9.1    -4.4     2.4     2.7    34.6    18.9 R    23.0    -5.0     5.2
04128 201105  2.402 -119.6917   43.4711    14.0    -0.3     6.8     6.8    63.4    21.4 R    30.2    -0.9    10.2
04128 201106  2.402 -119.6917   43.4711    20.1     3.2    11.6    12.2    16.4    26.5 R    38.3     2.7    16.6
04128 201107  2.402 -119.6917   43.4711    28.0     8.2    18.1    18.6     4.8    28.5 R    51.5     7.0    24.7
04128 201108  2.402 -119.6917   43.4711    29.9    10.5    20.2    20.6     0.4    25.6 R    52.5     8.7    25.6
04128 201109  2.402 -119.6917   43.4711    27.3     5.7    16.5    17.2     0.0    19.5 R    46.2     4.5    20.5
04128 201110  2.402 -119.6917   43.4711    15.9    -1.3     7.3     7.6    19.4    12.3 R    26.4    -2.2     8.8
04128 201111  2.402 -119.6917   43.4711     5.8    -7.3    -0.7    -0.4    11.8     7.3 R    10.9    -8.3    -0.4
04128 201112  2.402 -119.6917   43.4711     4.9   -10.7    -2.9    -3.2     7.1     6.9 R    10.1   -11.6    -3.3
04128 201201  2.402 -119.6917   43.4711     4.8    -8.5    -1.9    -1.8    27.6     7.1 R     8.6    -8.8    -1.9
04128 201202  2.402 -119.6917   43.4711     5.4    -7.9    -1.2    -1.1     6.0    10.6 R    13.4    -8.2    -0.2
04128 201203  2.402 -119.6917   43.4711     9.1    -3.6     2.8     2.6    31.1    13.9 R    18.7    -4.4     3.8
04128 201204  2.402 -119.6917   43.4711    14.2    -1.9     6.2     6.7    28.0    18.5 R    28.2    -2.4     9.1
04128 201205  2.402 -119.6917   43.4711    19.0     0.6     9.8    10.4     9.7    25.5 R    41.0    -0.6    15.4
04128 201206  2.402 -119.6917   43.4711    22.2     3.7    12.9    13.6    20.8    27.3 R    44.1     3.1    19.3
04128 201207  2.402 -119.6917   43.4711    30.9    11.9    21.4    21.8     8.5    28.8 R    55.4    10.5    28.0
04128 201208  2.402 -119.6917   43.4711    31.3     9.8    20.6    21.5     0.0    25.6 R    53.7     8.2    26.4
04128 201209  2.412 -119.6917   43.4711    27.3     6.1    16.7    17.1     0.0    20.3 R    48.4     3.9    20.6
04128 201210  2.412 -119.6917   43.4711    16.5    -1.0     7.8     7.8    17.4    13.3 C    26.9    -2.1     9.3
04128 201211  2.412 -119.6917   43.4711     7.8    -3.6     2.1     2.3    22.2     6.5 C    12.4    -3.7     2.8
04128 201212  2.412 -119.6917   43.4711     1.3    -8.8    -3.7    -2.9    53.5     4.9 C     2.6   -10.1    -3.5
04128 201301  2.412 -119.6917   43.4711    -1.7   -13.4    -7.6    -7.8    33.6     8.1 C    -2.3   -15.1    -9.3
04128 201302  2.412 -119.6917   43.4711     3.5    -8.4    -2.5    -2.1     7.0    11.9 C     2.9    -9.5    -3.0
04128 201303  2.412 -119.6917   43.4711    10.0    -4.3     2.8     2.9     4.6    15.2 C    19.9    -4.1     4.7
04128 201304  2.412 -119.6917   43.4711    13.5    -2.3     5.6     6.0    11.4    21.8 C    28.7    -3.2     9.7
04128 201305  2.412 -119.6917   43.4711    19.1     2.7    10.9    11.1    25.7    24.4 C    36.7     2.1    15.9
04128 201306  2.412 -119.6917   43.4711    24.2     6.7    15.4    15.7    22.2    26.6 C    41.6     6.5    21.0
04128 201307  2.412 -119.6917   43.4711    32.6    13.0    22.8    23.5     0.0    28.8 C    53.2    12.1    29.5
04128 201308  2.412 -119.6917   43.4711    29.4     9.9    19.7    20.1     4.6    23.6 C    48.4     8.9    25.0
04128 201309  2.412 -119.6917   43.4711    21.6     4.9    13.2    13.5    46.8    15.5 C    35.2     4.5    16.4
04128 201310  2.412 -119.6917   43.4711    14.1    -2.9     5.6     4.9     6.9    13.8 C    24.0    -3.5     6.5
04128 201311  2.412 -119.6917   43.4711     9.1    -5.9     1.6     1.1    11.5     8.0 C    14.3    -6.2     1.5
04128 201312  2.412 -119.6917   43.4711     1.7   -12.5    -5.4    -5.2    10.9     6.5 C     3.5   -13.2    -5.8
04128 201401  2.412 -119.6917   43.4711     7.0    -7.6    -0.3    -0.7    20.5     8.0 C    10.8    -8.0    -0.9
04128 201402  2.412 -119.6917   43.4711     5.6    -4.3     0.7     0.7    47.1     8.3 C     8.4    -4.7     0.8
04128 201403  2.412 -119.6917   43.4711    10.9    -3.9     3.5     3.5    28.2    14.9 C    20.0    -4.1     5.1
04128 201404  2.412 -119.6917   43.4711    13.8    -2.9     5.4     5.7    38.3    21.6 C    26.1    -3.1     8.7
04128 201405  2.412 -119.6917   43.4711    19.3     1.7    10.5    10.8     6.8    24.9 C    36.1     1.0    15.3
04128 201406  2.412 -119.6917   43.4711    23.5     5.1    14.3    14.9    11.7    27.8 C    41.8     4.6    20.7
04128 201407  2.412 -119.6917   43.4711    32.4    12.0    22.2    22.9     6.3    26.7 C    51.7    11.2    28.1
04128 201408  2.412 -119.6917   43.4711    28.2     9.5    18.9    19.5     2.0    22.2 C    45.9     8.6    23.7
04128 201409  2.422 -119.6917   43.4711    24.2     4.3    14.3    14.8     0.9    18.4 C    39.5     2.7    17.7
04128 201410  2.422 -119.6917   43.4711    18.3     0.7     9.5     9.7    22.9    12.3 C    29.3    -1.5    10.4
04128 201411  2.422 -119.6917   43.4711     6.3    -5.8     0.2     0.3    35.3     7.5 C     7.8    -6.3    -0.5
04128 201412  2.422 -119.6917   43.4711     3.8    -4.3    -0.2    -0.3    52.6     4.3 C     4.4    -4.8    -1.0
04128 201501  2.422 -119.6917   43.4711     5.3    -5.8    -0.2    -0.7     4.6     7.2 C     6.5    -5.8    -1.1
04128 201502  2.422 -119.6917   43.4711     9.8    -3.1     3.3     3.2    25.3    10.1 C    15.9    -4.7     2.8
04128 201503  2.422 -119.6917   43.4711    14.2    -3.8     5.2     5.1    11.6    15.7 C    25.3    -5.1     6.3
04128 201504  2.422 -119.6917   43.4711    14.3    -3.7     5.3     5.7     8.3    21.8 C    33.4    -5.8     9.5
04128 201505  2.422 -119.6917   43.4711    18.2     4.0    11.1    11.0    86.7    20.9 C    34.9     2.5    14.3
04128 201506  2.422 -119.6917   43.4711    28.2    10.0    19.1    19.6     3.8    28.5 C    48.0     7.9    24.4
04128 201507  2.422 -119.6917   43.4711    28.5    10.1    19.3    19.7    39.0    25.4 C    46.4     8.4    23.7
04128 201508  2.422 -119.6917   43.4711    29.5    10.0    19.8    20.5     2.0    24.0 C    47.8     7.5    24.2
04128 201509  2.422 -119.6917   43.4711    23.7     3.9    13.8    14.1     7.8    18.7 C    37.1     1.7    15.9
04128 201510  2.422 -119.6917   43.4711    19.9     1.8    10.8    10.7    23.8    12.3 C    28.3    -0.2    10.9
04128 201511  2.422 -119.6917   43.4711     5.3    -8.0    -1.4    -1.7    23.1     7.8 C     8.7    -9.6    -2.3
04128 201512  2.422 -119.6917   43.4711     0.5    -8.3    -3.9    -3.0    72.2     4.7 C    -0.4   -10.8    -4.6
04128 201601  2.422 -119.6917   43.4711     0.5    -9.0    -4.3    -3.7    38.2     5.7 C    -0.6   -11.6    -5.2
04128 201602  2.422 -119.6917   43.4711     6.9    -5.3     0.8     0.7     9.5     9.7 C     8.7    -5.7     0.2
04128 201603  2.422 -119.6917   43.4711    10.2    -2.9     3.7     3.6    25.2    13.4 C    18.2    -4.1     4.1
04128 201604  2.422 -119.6917   43.4711    17.0    -1.0     8.0     8.4     5.8    22.1 C    34.3    -2.6    11.6
04128 201605  2.422 -119.6917   43.4711    18.4     2.3    10.3    10.6    28.2    23.2 C    34.7     1.1    14.3
04128 201606  2.422 -119.6917   43.4711    24.6     6.3    15.5    16.1    29.1    27.2 C    41.9     5.0    20.6
04128 201607  2.422 -119.6917   43.4711    28.5     9.4    18.9    19.5     6.2    28.8 C    48.3     7.2    24.8
04128 201608  2.422 -119.6917   43.4711    29.8     9.3    19.6    20.3     0.0    25.9 C    49.1     6.6    24.7
04128 201609  2.422 -119.6917   43.4711    22.3     4.0    13.2    13.3    14.6    18.7 C    36.2     1.8    15.5
04128 201610  2.422 -119.6917   43.4711    14.1     0.3     7.2     7.3    21.6     9.3 C    20.0    -1.0     7.3
04128 201611  2.422 -119.6917   43.4711    10.1    -3.2     3.5     3.3    15.6     6.9 C    13.2    -4.0     2.7
04128 201612  2.422 -119.6917   43.4711    -0.9   -13.5    -7.2    -6.6    46.6     5.9 C    -0.7   -15.7    -8.0
04128 201701  2.422 -119.6917   43.4711    -4.1   -15.9   -10.0    -8.9    81.3     6.9 C    -4.6   -19.7   -10.7
04128 201702  2.422 -119.6917   43.4711     2.7    -6.5    -1.9    -1.5    32.9     9.8 C     0.6    -8.1    -3.4
04128 201703  2.422 -119.6917   43.4711    10.1    -1.6     4.2     4.2    28.2    11.8 C    13.4    -2.2     3.9
04128 201704  2.422 -119.6917   43.4711    11.6    -2.7     4.4     4.7    36.4    18.1 C    21.8    -3.3     6.3
04128 201705  2.422 -119.6917   43.4711    19.4     1.3    10.3    11.0     9.4    24.8 C    34.9     0.3    14.5
04128 201706  2.422 -119.6917   43.4711    24.7     5.7    15.2    16.0    21.1    25.2 C    39.6     4.7    19.6
04128 201707  2.422 -119.6917   43.4711    32.6    12.9    22.8    23.5     4.3    28.5 C    51.2    11.1    28.5
