26563 201008  2.404 -150.4484   60.7237 -9999.0 -9999.0 -9999.0 -9999.0 -9999.0 -9999.0 U -9999.0 -9999.0 -9999.0
26563 201009  2.404 -150.4484   60.7237    14.1     1.6     7.8     8.0    22.4     9.4 R    22.1     0.7     9.1
26563 201010  2.404 -150.4484   60.7237     6.7    -3.3     1.7     1.7    18.4     4.2 R     9.1    -4.1     0.7
26563 201011  2.404 -150.4484   60.7237    -1.9    -9.8    -5.9    -5.4    79.2     1.1 R    -0.7   -14.4    -8.0
26563 201012  2.404 -150.4484   60.7237 -9999.0 -9999.0 -9999.0 -9999.0    21.6     0.4 R   -11.4   -25.1   -19.0
26563 201101  2.404 -150.4484   60.7237    -5.2   -15.1   -10.1   -10.0    12.5     0.6 R    -6.4   -17.2   -12.3
26563 201102  2.404 -150.4484   60.7237    -4.4   -17.0   -10.7   -10.3     9.0     3.7 R    -4.6   -20.5   -13.5
26563 201103  2.404 -150.4484   60.7237     0.5   -13.9    -6.7    -6.2     7.5     9.4 R    -1.9   -17.3   -10.0
26563 201104  2.404 -150.4484   60.7237     7.4    -3.6     1.9     2.2    10.1    12.4 R     9.0    -4.7     1.0
26563 201105  2.404 -150.4484   60.7237    13.9    -1.0     6.4     7.5     4.4    19.1 R    31.1    -2.8    10.6
26563 201106  2.404 -150.4484   60.7237    15.4     4.1     9.8    10.6    57.7    13.6 R    25.4     3.3    12.7
26563 201107  2.404 -150.4484   60.7237    18.5     6.0    12.2    12.8    46.6    11.4 R    24.1     4.5    13.7
26563 201108  2.404 -150.4484   60.7237    16.3     6.2    11.2    11.5   140.3     7.1 R    19.8     4.8    11.6
26563 201109  2.404 -150.4484   60.7237    13.1     2.5     7.8     7.9    17.1     4.9 R    16.9     0.2     7.2
26563 201110  2.404 -150.4484   60.7237     6.2    -3.0     1.6     1.7    53.2     2.4 R     7.5    -5.3     0.6
26563 201111  2.404 -150.4484   60.7237    -7.2   -18.9   -13.0   -11.9    31.4     0.5 R    -8.2   -22.5   -14.1
26563 201112  2.404 -150.4484   60.7237    -2.4   -11.2    -6.8    -6.0    51.1     0.1 R    -3.7   -14.5    -8.0
26563 201201  2.404 -150.4484   60.7237   -14.7   -27.4   -21.0   -20.9    34.6     0.5 R   -16.5   -30.5   -23.6
26563 201202  2.404 -150.4484   60.7237     0.6    -8.2    -3.8    -3.5    39.1     1.5 R    -1.4   -12.8    -6.5
26563 201203  2.404 -150.4484   60.7237    -1.8   -16.7    -9.2    -8.2    10.8     5.8 R    -3.1   -21.0   -11.3
26563 201204  2.404 -150.4484   60.7237     8.8    -4.2     2.3     2.7     9.2    10.0 R     8.5    -6.5     0.8
26563 201205  2.404 -150.4484   60.7237    11.7     0.3     6.0     6.6    13.5    10.0 R    23.4    -2.8     7.5
26563 201206  2.404 -150.4484   60.7237    16.6     4.5    10.6    11.2    95.9    11.0 R    25.6     2.5    12.7
26563 201207  2.404 -150.4484   60.7237    17.2     6.3    11.8    12.3    27.1     9.1 R    22.9     4.5    12.8
26563 201208  2.412 -150.4484   60.7237    17.5     5.7    11.6    12.0    45.5    12.2 R    27.7     3.4    13.2
26563 201209  2.412 -150.4484   60.7237    12.0     3.3     7.6     8.0   118.5     6.1 C    15.5     1.2     7.5
26563 201210  2.412 -150.4484   60.7237     4.2    -7.7    -1.7    -2.0    45.0     4.3 C     4.8   -10.1    -3.9
26563 201211  2.412 -150.4484   60.7237    -6.8   -17.8   -12.3   -12.6     9.0     1.6 C    -9.3   -20.8   -15.3
26563 201212  2.412 -150.4484   60.7237    -8.5   -18.6   -13.5   -13.7    36.2     0.8 C   -11.1   -22.0   -16.3
26563 201301  2.412 -150.4484   60.7237    -1.8   -10.7    -6.2    -5.9    44.1     0.8 C    -3.7   -13.8    -8.3
26563 201302  2.412 -150.4484   60.7237    -0.8    -9.1    -4.9    -4.3    24.7     2.7 C    -2.2   -12.9    -6.5
26563 201303  2.412 -150.4484   60.7237     0.1   -11.8    -5.9    -5.3    35.1     8.2 C    -2.0   -15.8    -8.4
26563 201304  2.412 -150.4484   60.7237     2.2   -11.4    -4.6    -3.3    24.0    16.6 C     0.0   -15.2    -6.4
26563 201305  2.412 -150.4484   60.7237    12.1    -1.1     5.5     6.0    31.9    18.1 C    19.5    -3.8     7.0
26563 201306  2.422 -150.4484   60.7237    20.8     5.3    13.1    14.1     7.1    20.6 C    33.8     1.3    16.2
26563 201307  2.422 -150.4484   60.7237    21.0     7.6    14.3    15.0    25.6    18.1 C    29.1     4.2    15.6
26563 201308  2.422 -150.4484   60.7237    17.3     8.2    12.8    12.8    92.0     9.7 C    21.6     5.4    12.8
26563 201309  2.422 -150.4484   60.7237    12.5     3.0     7.8     8.1    84.0     7.3 C    16.1    -0.5     7.3
26563 201310  2.422 -150.4484   60.7237     9.6     0.6     5.1     5.5    77.5     3.5 C    10.6    -3.4     3.4
26563 201311  2.422 -150.4484   60.7237    -3.2   -11.9    -7.6    -7.3    40.4     1.5 C    -4.7   -16.7   -10.7
26563 201312  2.422 -150.4484   60.7237    -8.8   -17.7   -13.2   -12.8 -9999.0     0.3 C   -10.6   -22.7   -15.7
26563 201401  2.422 -150.4484   60.7237     2.5    -4.7    -1.1    -0.7 -9999.0     0.8 C    -1.8    -9.2    -4.4
26563 201402  2.422 -150.4484   60.7237    -3.7   -14.7    -9.2    -8.6     3.7     3.8 C    -7.2   -19.4   -12.7
26563 201403  2.422 -150.4484   60.7237     2.0   -11.7    -4.8    -4.3     8.3    10.0 C    -1.4   -15.4    -8.3
26563 201404  2.422 -150.4484   60.7237     8.2    -4.5     1.8     2.3     6.7    15.2 C    12.7    -7.3     1.2
26563 201405  2.422 -150.4484   60.7237    17.0     0.1     8.5     9.9    17.7    20.6 C    27.2    -5.2     9.9
26563 201406  2.422 -150.4484   60.7237    16.0     3.6     9.8    10.7    76.3    16.0 C    26.4     0.1    11.9
26563 201407  2.422 -150.4484   60.7237    19.6     6.8    13.2    14.0    51.4    17.4 C    26.1     3.5    14.4
26563 201408  2.422 -150.4484   60.7237    18.4     7.3    12.9    13.1    64.2    12.1 C    24.6     3.9    12.9
26563 201409  2.422 -150.4484   60.7237    13.8     2.7     8.2     8.4   103.3     8.0 C    17.9    -0.8     7.3
26563 201410  2.422 -150.4484   60.7237     4.3    -6.1    -0.9    -0.9    22.0     4.4 C     6.8   -10.0    -2.9
26563 201411  2.422 -150.4484   60.7237     2.4    -6.8    -2.2    -1.6     5.5     1.2 C     1.4   -11.2    -4.7
26563 201412  2.422 -150.4484   60.7237    -0.1    -6.8    -3.4    -3.0     9.0     0.3 C    -2.1   -10.7    -5.6
26563 201501  2.422 -150.4484   60.7237    -4.2   -13.9    -9.0    -8.6     5.8     0.8 C    -6.3   -17.0   -11.3
26563 201502  2.422 -150.4484   60.7237    -0.5    -9.8    -5.2    -5.2    17.6     3.2 C    -3.5   -13.1    -8.3
26563 201503  2.422 -150.4484   60.7237     3.1    -8.7    -2.8    -2.5    10.4     8.1 C     4.7    -9.8    -3.5
26563 201504  2.422 -150.4484   60.7237     8.2    -2.5     2.8     3.1    27.3    12.1 C    16.7    -7.4     2.5
26563 201505  2.422 -150.4484   60.7237    15.6     0.9     8.2     9.0     7.4    17.5 C    27.3    -4.7     9.9
26563 201506  2.422 -150.4484   60.7237    19.0     5.8    12.4    13.5    30.8    17.5 C    27.4     1.5    14.1
26563 201507  2.422 -150.4484   60.7237    19.3     7.8    13.5    14.1    49.2    14.7 C    27.3     4.2    14.7
26563 201508  2.422 -150.4484   60.7237    19.4     4.7    12.0    13.0    31.1    16.5 C    28.3     0.6    13.3
26563 201509  2.422 -150.4484   60.7237    11.7     1.7     6.7     6.9   138.3     7.2 C    17.7    -1.4     6.7
26563 201510  2.422 -150.4484   60.7237     7.9     0.8     4.3     4.3    55.7     3.1 C    10.0    -2.4     2.7
26563 201511  2.422 -150.4484   60.7237    -1.1   -10.8    -6.0    -6.0    52.0     1.2 C    -4.7   -16.5   -10.1
26563 201512  2.422 -150.4484   60.7237    -2.6   -10.6    -6.6    -6.0    25.4     0.2 C    -4.6   -15.0    -8.9
26563 201601  2.422 -150.4484   60.7237     0.6    -6.5    -3.0    -2.8    14.8     0.7 C    -2.4   -10.8    -6.1
26563 201602  2.422 -150.4484   60.7237     2.9    -6.1    -1.6    -1.4    10.9     3.3 C    -1.4   -11.1    -5.6
26563 201603  2.422 -150.4484   60.7237     5.1    -4.5     0.3     0.3    18.7     7.0 C     3.0    -6.3    -2.0
26563 201604  2.422 -150.4484   60.7237    11.0    -0.8     5.1     5.7     5.2    11.4 C    21.1    -7.1     4.7
26563 201605  2.422 -150.4484   60.7237    16.1     1.8     9.0    10.1    19.8    17.9 C    25.7    -3.1    11.1
26563 201606  2.422 -150.4484   60.7237    19.1     5.9    12.5    13.4    57.3    19.6 C    29.8     2.1    14.4
26563 201607  2.422 -150.4484   60.7237    20.4     9.3    14.9    15.4    87.0    15.7 C    27.3     5.7    15.8
26563 201608  2.422 -150.4484   60.7237    18.8     8.9    13.8    13.9    91.1    10.1 C    24.8     6.2    14.1
26563 201609  2.422 -150.4484   60.7237    14.7     2.2     8.5     8.6    53.1     8.1 C    18.5    -1.3     7.4
26563 201610  2.422 -150.4484   60.7237     6.9    -5.4     0.7     0.6    12.7     4.6 C     6.7   -10.3    -2.9
26563 201611  2.422 -150.4484   60.7237    -1.1   -10.4    -5.8    -5.2    10.9     1.2 C    -2.6   -14.9    -8.4
26563 201612  2.422 -150.4484   60.7237    -6.8   -16.9   -11.9   -11.2    29.2     0.4 C    -8.4   -22.5   -14.2
26563 201701  2.422 -150.4484   60.7237    -9.3   -18.9   -14.1   -14.1    29.0     0.7 C   -12.5   -24.4   -17.6
26563 201702  2.422 -150.4484   60.7237    -3.6   -14.5    -9.1    -8.8    25.4     2.3 C    -6.4   -20.2   -12.1
26563 201703  2.422 -150.4484   60.7237    -2.7   -20.7   -11.7   -10.6     7.5    10.6 C    -6.7   -27.7   -17.1
26563 201704  2.422 -150.4484   60.7237     9.2    -3.0     3.1     3.5    14.9    13.3 C    11.7    -7.6     1.3
26563 201705  2.422 -150.4484   60.7237    13.4     0.6     7.0     7.9    34.5    16.0 C    24.9    -5.6     8.3
26563 201706  2.422 -150.4484   60.7237    16.6     5.0    10.8    11.7    26.8    14.9 C    25.5     1.0    12.6
26563 201707  2.622 -150.4484   60.7237    18.8     8.5    13.7    14.2    61.7    13.5 C    25.7     5.4    15.0
