53002 201006  6.101 -104.4569   32.8546 -9999.0 -9999.0 -9999.0 -9999.0 -9999.0 -9999.0 U -9999.0 -9999.0 -9999.0
53002 201007  6.101 -104.4569   32.8546    31.8    19.5    25.7    25.1    27.2 -9999.0 U -9999.0 -9999.0 -9999.0
53002 201008  6.101 -104.4569   32.8546    34.8    18.7    26.8    26.6    25.3 -9999.0 U -9999.0 -9999.0 -9999.0
53002 201009  6.101 -104.4569   32.8546    31.4    16.5    23.9    23.4    33.0 -9999.0 U -9999.0 -9999.0 -9999.0
53002 201010  6.101 -104.4569   32.8546    26.5     8.7    17.6    17.4     2.9 -9999.0 U -9999.0 -9999.0 -9999.0
53002 201011  6.101 -104.4569   32.8546    19.6    -0.2     9.7     9.8     0.0 -9999.0 U -9999.0 -9999.0 -9999.0
53002 201012  6.101 -104.4569   32.8546    16.9    -1.9     7.5     7.5     1.0 -9999.0 U -9999.0 -9999.0 -9999.0
53002 201101  6.101 -104.4569   32.8546    15.7    -5.7     5.0     4.5     0.4 -9999.0 U -9999.0 -9999.0 -9999.0
53002 201102  6.101 -104.4569   32.8546    15.6    -4.5     5.5     5.6     3.7 -9999.0 U -9999.0 -9999.0 -9999.0
53002 201103  6.101 -104.4569   32.8546    25.8     3.7    14.7    15.3     0.0 -9999.0 U -9999.0 -9999.0 -9999.0
53002 201104  6.101 -104.4569   32.8546    29.6     9.7    19.7    20.3     0.0 -9999.0 U -9999.0 -9999.0 -9999.0
53002 201105  6.101 -104.4569   32.8546    31.0    11.2    21.1    22.2     0.0 -9999.0 U -9999.0 -9999.0 -9999.0
53002 201106  6.101 -104.4569   32.8546    38.7    18.0    28.4    29.2     9.1 -9999.0 U -9999.0 -9999.0 -9999.0
53002 201107  6.101 -104.4569   32.8546    37.2    21.1    29.1    29.3    17.3 -9999.0 U -9999.0 -9999.0 -9999.0
53002 201108  6.101 -104.4569   32.8546    37.9    21.7    29.8    29.7     2.6 -9999.0 U -9999.0 -9999.0 -9999.0
53002 201109  6.101 -104.4569   32.8546    30.9    15.1    23.0    22.9    32.4 -9999.0 U -9999.0 -9999.0 -9999.0
53002 201110  6.101 -104.4569   32.8546    26.5     8.0    17.3    17.1    18.4 -9999.0 U -9999.0 -9999.0 -9999.0
53002 201111  6.101 -104.4569   32.8546    19.2     2.0    10.6    10.4     0.0 -9999.0 U -9999.0 -9999.0 -9999.0
53002 201112  6.101 -104.4569   32.8546     7.0    -3.5     1.8     1.4    30.3 -9999.0 U -9999.0 -9999.0 -9999.0
53002 201201  6.101 -104.4569   32.8546    16.6    -2.1     7.2     6.9     3.0 -9999.0 U -9999.0 -9999.0 -9999.0
53002 201202  6.101 -104.4569   32.8546    16.0    -1.6     7.2     6.9     4.1 -9999.0 U -9999.0 -9999.0 -9999.0
53002 201203  6.101 -104.4569   32.8546    24.6     3.1    13.8    14.2     0.0 -9999.0 U -9999.0 -9999.0 -9999.0
53002 201204  6.101 -104.4569   32.8546    29.2     9.0    19.1    19.6     0.0 -9999.0 U -9999.0 -9999.0 -9999.0
53002 201205  6.101 -104.4569   32.8546    30.4    13.4    21.9    22.4    54.3 -9999.0 U -9999.0 -9999.0 -9999.0
53002 201206  6.101 -104.4569   32.8546    37.1    18.5    27.8    28.3     1.4 -9999.0 U -9999.0 -9999.0 -9999.0
53002 201207  6.101 -104.4569   32.8546    34.3    20.1    27.2    27.1    46.3 -9999.0 U -9999.0 -9999.0 -9999.0
53002 201208  6.101 -104.4569   32.8546    35.4    19.3    27.3    27.4    16.1 -9999.0 U -9999.0 -9999.0 -9999.0
53002 201209  6.101 -104.4569   32.8546    30.6    14.7    22.7    22.4    42.8 -9999.0 U -9999.0 -9999.0 -9999.0
53002 201210  6.101 -104.4569   32.8546    25.2     8.3    16.7    16.5    17.9 -9999.0 U -9999.0 -9999.0 -9999.0
53002 201211  6.101 -104.4569   32.8546    21.3     2.4    11.9    11.4     1.8 -9999.0 U -9999.0 -9999.0 -9999.0
53002 201212  6.101 -104.4569   32.8546    15.0    -2.8     6.1     5.7     5.2 -9999.0 U -9999.0 -9999.0 -9999.0
53002 201301  6.101 -104.4569   32.8546    12.1    -2.7     4.7     4.3    17.0 -9999.0 U -9999.0 -9999.0 -9999.0
53002 201302  6.101 -104.4569   32.8546    16.7    -1.3     7.7     7.6     0.2 -9999.0 U -9999.0 -9999.0 -9999.0
53002 201303  6.101 -104.4569   32.8546    22.3     2.8    12.6    13.0     0.0 -9999.0 U -9999.0 -9999.0 -9999.0
53002 201304  6.101 -104.4569   32.8546    25.8     6.3    16.0    16.8     0.0 -9999.0 U -9999.0 -9999.0 -9999.0
53002 201305  6.101 -104.4569   32.8546    30.8    12.4    21.6    22.1     5.9 -9999.0 U -9999.0 -9999.0 -9999.0
53002 201306  6.101 -104.4569   32.8546    36.7    19.2    28.0    28.1     5.5 -9999.0 U -9999.0 -9999.0 -9999.0
53002 201307  6.101 -104.4569   32.8546    32.2    19.6    25.9    25.6    98.3 -9999.0 U -9999.0 -9999.0 -9999.0
53002 201308  6.101 -104.4569   32.8546    35.0    19.5    27.3    27.4     0.6 -9999.0 U -9999.0 -9999.0 -9999.0
53002 201309  6.101 -104.4569   32.8546    29.4    15.9    22.7    22.5    97.1 -9999.0 U -9999.0 -9999.0 -9999.0
53002 201310  6.101 -104.4569   32.8546    24.5     6.7    15.6    15.4     0.5 -9999.0 U -9999.0 -9999.0 -9999.0
53002 201311  6.101 -104.4569   32.8546    17.2     1.3     9.2     8.7    16.1 -9999.0 U -9999.0 -9999.0 -9999.0
53002 201312  6.101 -104.4569   32.8546    12.6    -2.9     4.8     3.8     9.3 -9999.0 U -9999.0 -9999.0 -9999.0
53002 201401  6.101 -104.4569   32.8546    15.1    -4.7     5.2     5.0     0.0 -9999.0 U -9999.0 -9999.0 -9999.0
53002 201402  6.101 -104.4569   32.8546    17.1     0.0     8.6     8.3     6.0 -9999.0 U -9999.0 -9999.0 -9999.0
53002 201403  6.101 -104.4569   32.8546    21.1     2.3    11.7    12.1    16.3 -9999.0 U -9999.0 -9999.0 -9999.0
53002 201404  6.101 -104.4569   32.8546    25.0     7.3    16.1    16.9     8.8 -9999.0 U -9999.0 -9999.0 -9999.0
53002 201405  6.101 -104.4569   32.8546    30.0    11.6    20.8    21.5    10.8 -9999.0 U -9999.0 -9999.0 -9999.0
53002 201406  6.101 -104.4569   32.8546 -9999.0 -9999.0 -9999.0 -9999.0 -9999.0 -9999.0 U -9999.0 -9999.0 -9999.0
