03728 200208  1.001  -79.3637   33.1532 -9999.0 -9999.0 -9999.0 -9999.0 -9999.0 -9999.0 U -9999.0 -9999.0 -9999.0
03728 200209  1.001  -79.3637   33.1532    29.0    22.2    25.6    25.2   134.8    14.9 R -9999.0 -9999.0    26.6
03728 200210  1.001  -79.3637   33.1532    24.6    17.4    21.0    20.5   150.0    10.8 R -9999.0 -9999.0    21.4
03728 200211  1.001  -79.3637   33.1532    18.2     7.7    12.9    12.7   116.4    10.4 R -9999.0 -9999.0    13.0
03728 200212  1.001  -79.3637   33.1532    13.8     3.7     8.8     8.5   147.6     8.7 R -9999.0 -9999.0     8.4
03728 200301  1.001  -79.3637   33.1532    11.8     1.2     6.5     6.3    32.5    10.7 R -9999.0 -9999.0     6.4
03728 200302  1.001  -79.3637   33.1532    14.2     4.7     9.4     9.2    73.4    10.5 R -9999.0 -9999.0     9.8
03728 200303  1.001  -79.3637   33.1532    19.4    10.9    15.2    14.8   270.8    12.1 R -9999.0 -9999.0    15.5
03728 200304  1.001  -79.3637   33.1532    22.0    12.9    17.4    17.2   152.8    19.4 R -9999.0 -9999.0    19.2
03728 200305  1.001  -79.3637   33.1532    26.5    18.1    22.3    22.1   205.3    17.8 R -9999.0 -9999.0    23.8
03728 200306  1.001  -79.3637   33.1532    29.0    20.8    24.9    24.8   323.0    20.7 R -9999.0 -9999.0    26.5
03728 200307  1.101  -79.3637   33.1532    29.6    22.7    26.2    25.9   275.4    18.3 R -9999.0 -9999.0    27.1
03728 200308  1.101  -79.3637   33.1532    28.6    22.5    25.6    25.3   168.7    19.6 R -9999.0 -9999.0    27.6
03728 200309  1.101  -79.3637   33.1532    26.4    18.6    22.5    22.1   225.6    16.6 R -9999.0 -9999.0    25.1
03728 200310  1.101  -79.3637   33.1532    23.2    13.7    18.4    18.1   139.9    14.4 R -9999.0 -9999.0    20.8
03728 200311  1.101  -79.3637   33.1532    21.1    10.1    15.6    15.3    43.6    11.9 R -9999.0 -9999.0    16.7
03728 200312  1.101  -79.3637   33.1532    13.7     2.2     7.9     7.4   118.1     9.8 R -9999.0 -9999.0     7.3
03728 200401  1.101  -79.3637   33.1532    13.1     1.8     7.4     7.0    33.0    10.8 R -9999.0 -9999.0     6.9
03728 200402  1.101  -79.3637   33.1532    12.8     3.5     8.1     8.0    98.0    10.1 R -9999.0 -9999.0     8.6
03728 200403  1.101  -79.3637   33.1532    20.2     8.8    14.5    14.3    41.2    19.3 R -9999.0 -9999.0    15.3
03728 200404  1.101  -79.3637   33.1532    22.6    11.9    17.2    17.3    52.0    22.0 R -9999.0 -9999.0    20.0
03728 200405  1.201  -79.3637   33.1532    28.0    19.1    23.6    23.3    91.0    23.5 R -9999.0 -9999.0    26.8
03728 200406  1.201  -79.3637   33.1532    30.3    22.2    26.2    26.0    58.7    20.6 R -9999.0 -9999.0    29.7
03728 200407  1.201  -79.3637   33.1532    31.2    22.7    27.0    26.4   227.5    20.3 R -9999.0 -9999.0    28.9
03728 200408  1.201  -79.3637   33.1532    29.0    21.5    25.3    24.8   388.0    16.3 R -9999.0 -9999.0    25.7
03728 200409  1.201  -79.3637   33.1532    27.7    20.7    24.2    23.8   108.6    13.4 R -9999.0 -9999.0    24.1
03728 200410  1.201  -79.3637   33.1532    24.3    15.7    20.0    19.6    46.0    13.2 R -9999.0 -9999.0    19.9
03728 200411  1.201  -79.3637   33.1532    20.3     9.6    15.0    14.7    24.1    11.5 R -9999.0 -9999.0    14.5
03728 200412  1.201  -79.3637   33.1532    15.4     4.1     9.7     9.2    48.3     9.7 R -9999.0 -9999.0     8.5
03728 200501  1.201  -79.3637   33.1532    14.8     4.6     9.7     9.2    47.8     9.7 R -9999.0 -9999.0     9.3
03728 200502  1.201  -79.3637   33.1532    15.3     4.6    10.0     9.5    89.1    11.6 R -9999.0 -9999.0     9.8
03728 200503  1.201  -79.3637   33.1532    17.4     6.7    12.0    12.1   161.6    15.2 R -9999.0 -9999.0    12.7
03728 200504  1.201  -79.3637   33.1532    21.9    10.6    16.2    16.2    69.7    20.8 R -9999.0 -9999.0    17.6
03728 200505  1.201  -79.3637   33.1532    24.7    14.9    19.8    19.7   157.7    19.7 R -9999.0 -9999.0    21.6
03728 200506  1.201  -79.3637   33.1532    28.6    21.7    25.2    24.9   108.5    18.8 R -9999.0 -9999.0    26.0
03728 200507  1.201  -79.3637   33.1532    31.7    23.7    27.7    27.3    85.1    18.8 R -9999.0 -9999.0    28.3
03728 200508  1.201  -79.3637   33.1532    31.1    23.4    27.3    26.5   166.0    15.9 R -9999.0 -9999.0    27.3
03728 200509  1.201  -79.3637   33.1532    29.8    21.4    25.6    25.1    54.4    15.3 R -9999.0 -9999.0    26.7
03728 200510  1.301  -79.3637   33.1532    23.7    14.6    19.2    18.8   359.9    12.4 R -9999.0 -9999.0    20.0
03728 200511  1.301  -79.3637   33.1532    20.7     9.4    15.1    14.9   251.3    11.0 R    31.4     6.5    15.3
03728 200512  1.301  -79.3637   33.1532    14.5     4.2     9.3     8.9    99.9     9.4 R    21.9     1.5     8.9
03728 200601  1.301  -79.3637   33.1532    17.0     6.3    11.6    11.3    47.3     9.6 R    25.4     3.1    11.1
03728 200602  1.301  -79.3637   33.1532    14.9     3.5     9.2     9.0    74.8    11.4 R    25.7     0.0     9.3
03728 200603  1.301  -79.3637   33.1532    18.8     7.3    13.0    12.7    17.7    16.7 R    34.7     2.4    13.6
03728 200604  1.301  -79.3637   33.1532    25.0    13.0    19.0    18.5    84.6    22.1 R    48.8     9.1    21.8
03728 200605  1.301  -79.3637   33.1532    26.3    16.0    21.2    20.8    52.2    22.0 R    53.7    12.6    25.6
03728 200606  1.301  -79.3637   33.1532    29.6    20.0    24.8    24.6    99.4    22.7 R    54.7    17.8    29.3
03728 200607  1.301  -79.3637   33.1532    31.2    22.3    26.7    26.2   215.1    21.3 R    46.5    20.7    28.8
03728 200608  1.301  -79.3637   33.1532    31.1    23.1    27.1    26.5   218.7    18.1 R    40.5    22.1    28.0
03728 200609  1.301  -79.3637   33.1532    27.7    18.7    23.2    22.8   146.9    17.3 R    36.3    17.4    23.8
03728 200610  1.301  -79.3637   33.1532    23.6    12.4    18.0    17.6   106.7    13.8 R    31.0    10.7    18.1
03728 200611  1.301  -79.3637   33.1532    19.3     8.3    13.8    13.2   111.5    11.1 R    25.7     6.0    13.2
03728 200612  1.301  -79.3637   33.1532    18.0     7.6    12.8    12.3    63.0     9.0 R    24.3     4.6    11.8
03728 200701  1.301  -79.3637   33.1532    15.9     5.8    10.8    10.7    97.6     8.8 R    22.1     3.0    10.6
03728 200702  1.301  -79.3637   33.1532    14.4     3.5     9.0     8.8    58.3    13.5 R    24.3    -0.6     8.7
03728 200703  1.301  -79.3637   33.1532    20.7     9.3    15.0    14.7    25.8    17.1 R    33.6     5.3    15.5
03728 200704  1.302  -79.3637   33.1532    22.8    10.9    16.8    16.8    53.8    21.9 R    41.4     6.5    19.0
03728 200705  1.302  -79.3637   33.1532    26.0    15.7    20.8    20.7   100.8    23.6 R    51.5    11.9    25.1
03728 200706  1.302  -79.3637   33.1532    29.3    20.4    24.9    24.7   110.3    22.0 R    53.1    17.4    29.1
03728 200707  1.302  -79.3637   33.1532    31.1    21.7    26.4    25.9    82.0    20.3 R    53.1    19.7    29.6
03728 200708  1.302  -79.3637   33.1532    32.0    23.8    27.9    27.3   129.6    19.0 R    55.8    22.2    31.8
03728 200709  1.302  -79.3637   33.1532    28.7    20.2    24.4    24.1   169.3    16.7 R    45.3    18.4    26.5
03728 200710  1.302  -79.3637   33.1532    25.9    17.4    21.6    21.2   110.6    12.8 R    36.9    15.7    22.3
03728 200711  1.302  -79.3637   33.1532    19.5     7.7    13.6    13.3     0.8    11.9 R    32.8     4.1    14.1
03728 200712  1.302  -79.3637   33.1532    18.7     7.7    13.2    12.8    83.5     9.0 R    29.6     4.3    13.1
03728 200801  1.302  -79.3637   33.1532    14.1     3.5     8.8     8.4    85.4    10.2 R    25.6     0.4     8.8
03728 200802  1.302  -79.3637   33.1532    17.8     6.8    12.3    12.1    80.3    12.6 R    33.5     3.4    13.0
03728 200803  1.302  -79.3637   33.1532    19.3     8.3    13.8    13.9   114.9    17.5 R    35.0     4.8    15.4
03728 200804  1.302  -79.3637   33.1532    23.1    12.3    17.7    17.3    43.7    20.2 R    40.9    10.4    20.4
03728 200805  1.302  -79.3637   33.1532    26.2    16.0    21.1    20.9   108.6    22.6 R    46.6    13.7    24.6
03728 200806  1.302  -79.3637   33.1532    30.9    21.6    26.3    25.8    98.5    23.9 R    52.9    19.6    30.0
03728 200807  1.302  -79.3637   33.1532    30.7    22.1    26.4    26.0   155.7    20.3 R    50.5    20.8    29.6
03728 200808  1.302  -79.3637   33.1532    30.2    22.5    26.3    25.8   192.4    18.0 R    46.6    21.7    28.9
03728 200809  1.302  -79.3637   33.1532    27.9    20.1    24.0    23.5   234.0    16.2 R    41.2    19.1    25.7
03728 200810  1.302  -79.3637   33.1532    23.0    12.9    17.9    17.5 -9999.0    14.5 R    32.7    11.6    18.7
03728 200811  1.302  -79.3637   33.1532    17.4     7.0    12.2    12.0    78.2    11.5 R    25.3     5.2    12.3
03728 200812  1.302  -79.3637   33.1532    17.8     7.5    12.6    12.6    46.0     8.9 R    24.2     5.1    12.4
03728 200901  1.302  -79.3637   33.1532    12.9     3.9     8.4     8.3    38.6     8.8 R    20.9     2.3     9.5
03728 200902  1.302  -79.3637   33.1532    14.8     3.8     9.3     9.1    41.5    14.0 R    25.6    -0.1     9.3
03728 200903  1.302  -79.3637   33.1532    17.7     8.2    13.0    12.7    79.6    15.5 R    29.0     5.4    13.9
03728 200904  2.402  -79.3637   33.1532    22.2    12.3    17.3    17.3    98.0    20.6 R    35.4     9.4    18.9
03728 200905  2.402  -79.3637   33.1532    26.4    18.6    22.5    22.1    91.5    18.6 R    49.2    16.5    25.8
03728 200906  2.402  -79.3637   33.1532    30.7    21.7    26.2    25.8   156.5    22.2 R    45.2    20.4    28.3
03728 200907  2.402  -79.3637   33.1532    30.6    22.2    26.4    26.0    76.1    22.5 R    45.0    20.8    28.6
03728 200908  2.402  -79.3637   33.1532    30.9    22.8    26.8    26.2   163.1    19.5 R    42.9    21.9    28.0
03728 200909  2.402  -79.3637   33.1532    28.2    19.6    23.9    23.3   100.7    17.2 R    39.2    18.4    24.7
03728 200910  2.402  -79.3637   33.1532    23.7    14.4    19.1    18.7   101.4    12.1 R    33.3    13.3    19.9
03728 200911  2.402  -79.3637   33.1532    19.4    10.3    14.9    14.3   124.7     9.6 R    27.0     8.4    14.7
03728 200912  2.402  -79.3637   33.1532    14.9     5.6    10.2    10.1   317.0     7.5 R    20.3     4.1    10.5
03728 201001  2.402  -79.3637   33.1532    11.2     1.6     6.4     5.9   102.2    10.1 R    18.5    -0.4     6.3
03728 201002  2.402  -79.3637   33.1532    12.0     1.9     6.9     6.6   102.0    12.8 R    21.6     0.4     7.8
03728 201003  2.402  -79.3637   33.1532    18.1     7.2    12.7    12.3   102.0    15.8 R    30.4     5.4    13.8
03728 201004  2.402  -79.3637   33.1532    23.5    12.9    18.2    18.1    50.3    22.5 R    36.9    11.2    20.4
03728 201005  2.402  -79.3637   33.1532    27.2    18.9    23.0    22.7    84.1    21.5 R    41.9    17.3    25.6
03728 201006  2.402  -79.3637   33.1532    31.9    23.0    27.4    27.1   164.1    22.0 R    45.0    22.2    29.9
03728 201007  2.402  -79.3637   33.1532    31.5    22.8    27.1    26.8   178.8    21.7 R    43.7    22.3    29.4
03728 201008  2.402  -79.3637   33.1532    31.7    23.7    27.7    27.1   129.5    19.4 R    52.9    23.0    31.3
03728 201009  2.402  -79.3637   33.1532    30.3    20.6    25.4    24.9   262.3    17.5 R    52.6    19.2    29.3
03728 201010  2.402  -79.3637   33.1532    25.3    14.2    19.8    19.2    51.0    17.0 R    44.1    12.5    22.2
03728 201011  2.402  -79.3637   33.1532    19.9     8.4    14.1    13.5    20.0    11.8 R    35.2     6.3    15.2
03728 201012  2.402  -79.3637   33.1532    10.8    -0.5     5.2     4.6    66.1    10.0 R    22.1    -2.3     5.9
03728 201101  2.402  -79.3637   33.1532    11.4     1.7     6.6     6.4 -9999.0     8.7 R    21.7    -0.4     7.2
03728 201102  2.402  -79.3637   33.1532    16.6     6.3    11.5    11.0    95.8    12.1 R    30.0     4.7    12.7
03728 201103  2.402  -79.3637   33.1532    19.6     8.9    14.2    14.0    89.6    16.0 R    38.2     7.1    17.2
03728 201104  2.402  -79.3637   33.1532    24.5    14.0    19.2    19.1    86.5    20.8 R    45.7    12.2    23.3
03728 201105  2.402  -79.3637   33.1532    27.0    17.6    22.3    22.1    39.8    22.7 R    50.4    16.2    27.4
03728 201106  2.402  -79.3637   33.1532    32.0    22.1    27.1    26.6    32.5    23.7 R    52.2    21.1    31.7
03728 201107  2.402  -79.3637   33.1532    31.9    23.7    27.8    27.4   207.9    20.9 R    44.7    23.0    30.4
03728 201108  2.402  -79.3637   33.1532    31.9    22.9    27.4    26.9   106.7    18.8 R    43.9    22.2    29.2
03728 201109  2.402  -79.3637   33.1532    29.0    20.1    24.5    23.9    60.6    16.2 R    46.3    19.2    27.3
03728 201110  2.402  -79.3637   33.1532    23.3    12.0    17.7    17.3    84.6    15.2 R    37.4    10.7    19.8
03728 201111  2.402  -79.3637   33.1532    20.9     8.4    14.6    14.3    41.7    12.1 R    33.7     6.4    15.7
03728 201112  2.402  -79.3637   33.1532    17.8     7.0    12.4    12.2    13.7     8.8 R    27.6     4.9    12.9
03728 201201  2.402  -79.3637   33.1532    17.2     5.3    11.3    10.9    20.4    10.2 R    26.8     3.2    11.7
03728 201202  2.402  -79.3637   33.1532    17.3     6.6    12.0    11.9    63.5    11.7 R    28.5     4.9    13.5
03728 201203  2.402  -79.3637   33.1532    23.4    12.7    18.1    17.5    94.5    16.5 R    37.6    11.1    19.8
03728 201204  2.402  -79.3637   33.1532    24.3    13.6    19.0    18.6    23.8    20.0 R    42.9    12.2    22.6
03728 201205  2.402  -79.3637   33.1532    27.4    18.7    23.1    22.7   121.4    20.3 R    45.4    18.0    26.9
03728 201206  2.402  -79.3637   33.1532    28.4    19.5    23.9    23.8   112.0    21.9 R    42.8    18.9    28.0
03728 201207  2.402  -79.3637   33.1532 -9999.0 -9999.0 -9999.0 -9999.0 -9999.0    21.2 R    48.4    23.6    31.6
03728 201208  2.402  -79.3637   33.1532 -9999.0 -9999.0 -9999.0 -9999.0   306.6    16.7 R    40.0    22.5    28.1
03728 201209  2.402  -79.3637   33.1532    28.6    19.4    24.0    23.6    67.2    17.9 R    42.0    19.0    26.9
03728 201210  2.402  -79.3637   33.1532    23.9    14.3    19.1    18.6    64.1    13.5 R    32.3    13.8    20.6
03728 201211  2.412  -79.3637   33.1532    17.4     6.2    11.8    11.2    75.6    10.8 R    24.6     5.4    12.5
03728 201212  2.412  -79.3637   33.1532    17.8     7.8    12.8    12.4   115.7     8.3 C    22.4     7.4    13.3
03728 201301  2.412  -79.3637   33.1532    17.2     6.8    12.0    11.5    32.5     9.9 C    23.0     6.2    12.7
03728 201302  2.412  -79.3637   33.1532    15.3     5.1    10.2     9.9   188.1    11.6 C    21.2     4.7    11.2
03728 201303  2.412  -79.3637   33.1532    16.0     5.1    10.6    10.3   101.0    17.8 C    24.1     4.6    12.6
03728 201304  2.412  -79.3637   33.1532    22.2    13.0    17.6    17.3   238.8    18.4 C    29.3    13.1    19.5
03728 201305  2.412  -79.3637   33.1532    25.0    16.7    20.8    20.7    72.0    21.5 C    32.6    16.6    23.2
03728 201306  2.412  -79.3637   33.1532    29.1    22.1    25.6    25.5   193.8    19.4 C    36.2    22.3    27.7
03728 201307  2.412  -79.3637   33.1532    29.6    23.0    26.3    26.1   145.2    20.2 C    36.9    23.1    28.3
03728 201308  2.412  -79.3637   33.1532    29.8    22.2    26.0    25.6   119.9    18.7 C    39.2    22.1    28.3
03728 201309  2.412  -79.3637   33.1532    28.4    19.1    23.8    23.2    36.8    17.2 C    38.4    18.7    25.8
03728 201310  2.412  -79.3637   33.1532    24.2    14.6    19.4    18.8    36.2    12.5 C    33.1    14.3    20.9
03728 201311  2.412  -79.3637   33.1532    18.2     7.6    12.9    12.7    82.9    10.0 C    24.5     7.2    14.2
03728 201312  2.412  -79.3637   33.1532    17.8     6.9    12.3    12.2    59.8     8.3 C    23.3     6.5    13.3
03728 201401  2.412  -79.3637   33.1532    12.3     1.3     6.8     6.6    71.7     9.4 C    17.4     0.9     7.9
03728 201402  2.422  -79.3637   33.1532    14.7     5.1     9.9     9.6    77.2    10.9 C    21.4     4.7    11.1
03728 201403  2.422  -79.3637   33.1532    17.0     5.9    11.4    11.2   179.6    14.6 C    27.7     5.3    13.4
03728 201404  2.422  -79.3637   33.1532    23.2    13.5    18.4    18.3   156.0    19.6 C    34.2    12.9    20.7
03728 201405  2.422  -79.3637   33.1532    27.6    18.3    22.9    22.5    74.8    22.4 C    44.0    17.5    26.5
03728 201406  2.422  -79.3637   33.1532    29.9    21.6    25.7    25.4    99.6    22.9 C    47.8    20.9    30.0
03728 201407  2.422  -79.3637   33.1532    30.2    22.6    26.4    26.2   264.6    19.7 C    40.1    22.0    28.3
03728 201408  2.422  -79.3637   33.1532    30.5    22.3    26.4    25.9   258.1    18.5 C    35.9    22.1    27.2
03728 201409  2.422  -79.3637   33.1532    27.4    20.8    24.1    23.6   245.1    12.1 C    35.2    21.6    25.9
03728 201410  2.422  -79.3637   33.1532    25.1    14.4    19.8    19.3    19.8    16.3 C    33.1    14.1    20.9
03728 201411  2.422  -79.3637   33.1532    17.3     6.2    11.8    11.3    73.5     9.9 C    23.6     5.8    12.4
03728 201412  2.422  -79.3637   33.1532    16.2     6.5    11.4    10.6    65.5     8.1 C    21.6     5.7    11.2
03728 201501  2.422  -79.3637   33.1532    14.0     3.8     8.9     8.6   100.2     9.2 C    19.2     2.9     9.2
03728 201502  2.422  -79.3637   33.1532    12.3     0.9     6.6     6.2   109.3    10.8 C    18.6     0.5     7.6
03728 201503  2.422  -79.3637   33.1532    19.3     9.4    14.4    14.0    82.3    13.3 C    25.5     9.4    15.4
03728 201504  2.422  -79.3637   33.1532    23.7    14.6    19.1    18.9    89.9    16.4 C    31.8    14.1    20.7
03728 201505  2.422  -79.3637   33.1532    26.6    17.6    22.1    21.8    70.2    21.7 C    43.0    16.7    25.8
03728 201506  2.422  -79.3637   33.1532    31.4    22.7    27.0    26.6   117.7    22.6 C    50.0    22.2    31.6
03728 201507  2.422  -79.3637   33.1532    32.2    23.2    27.7    27.2    73.1    22.3 C    49.5    22.5    31.9
03728 201508  2.422  -79.3637   33.1532    30.6    22.4    26.5    25.9   341.5    17.5 C    44.8    21.9    29.1
03728 201509  2.422  -79.3637   33.1532    28.7    20.8    24.8    24.2   103.2    13.5 C    37.1    20.4    25.9
03728 201510  2.422  -79.3637   33.1532    23.8    14.9    19.4    18.9   418.1    11.8 C    29.5    14.6    20.0
03728 201511  2.422  -79.3637   33.1532    21.4    12.2    16.8    16.4   139.9     9.4 C    25.5    11.3    16.7
03728 201512  2.422  -79.3637   33.1532    21.4    12.6    17.0    16.4    95.2     7.5 C    25.3    10.9    16.2
03728 201601  2.422  -79.3637   33.1532    13.1     3.4     8.3     7.9   110.7     8.4 C    18.0     2.7     8.3
03728 201602  2.422  -79.3637   33.1532    15.3     5.4    10.3    10.0   164.7    12.1 C    21.2     4.3    10.7
03728 201603  2.422  -79.3637   33.1532    21.7    12.3    17.0    16.7    84.8    16.1 C    29.3    10.4    17.5
03728 201604  2.422  -79.3637   33.1532    22.9    12.9    17.9    17.8    22.2    21.0 C    35.1    10.9    20.0
03728 201605  2.422  -79.3637   33.1532    26.9    17.6    22.2    21.9    78.3    19.0 C    41.5    15.2    24.8
03728 201606  2.422  -79.3637   33.1532    30.5    21.9    26.2    25.9   143.7    22.3 C    44.7    21.2    29.4
03728 201607  2.422  -79.3637   33.1532    32.8    23.9    28.3    27.9   168.8    22.1 C    47.0    23.4    31.3
03728 201608  2.422  -79.3637   33.1532    31.5    23.4    27.4    27.0   110.6    20.4 C    51.4    22.3    31.3
03728 201609  2.422  -79.3637   33.1532    29.5    21.3    25.4    24.7   271.7    15.7 C    47.9    20.2    28.2
03728 201610  2.422  -79.3637   33.1532    25.4    15.3    20.4    19.8   206.4    15.1 C    38.6    13.7    21.9
03728 201611  2.422  -79.3637   33.1532    20.1     8.5    14.3    13.6    16.8    11.8 C    32.0     5.6    14.3
03728 201612  2.422  -79.3637   33.1532    16.9     6.5    11.7    11.3   115.6     8.2 C    24.0     5.2    11.9
03728 201701  2.422  -79.3637   33.1532    17.9     7.7    12.8    12.2    75.5     9.6 C    25.8     5.2    12.4
03728 201702  2.422  -79.3637   33.1532    20.1     8.2    14.1    14.0    12.5    14.8 C    32.7     5.0    14.9
03728 201703  2.422  -79.3637   33.1532    19.4     8.5    14.0    14.0    21.0    17.7 C    35.1     5.3    16.2
03728 201704  2.422  -79.3637   33.1532    24.9    15.6    20.3    20.0   170.0    20.6 C    43.8    13.1    23.5
03728 201705  2.622  -79.3637   33.1532    27.6    18.1    22.8    22.9   101.7    22.4 C    44.6    15.9    26.6
03728 201706  2.622  -79.3637   33.1532    28.9    21.2    25.1    24.8   130.6    19.1 C    43.2    20.2    28.0
03728 201707  2.622  -79.3637   33.1532    31.3    23.0    27.2    26.9   198.6    19.8 C    46.8    23.0    30.6
