63849 200405  1.201  -86.2325   37.2504 -9999.0 -9999.0 -9999.0 -9999.0 -9999.0 -9999.0 U -9999.0 -9999.0 -9999.0
63849 200406  1.201  -86.2325   37.2504    27.1    17.7    22.4    22.2   123.9    21.8 R -9999.0 -9999.0    23.4
63849 200407  1.201  -86.2325   37.2504    28.0    18.5    23.2    22.9   145.2    21.0 R -9999.0 -9999.0    23.8
63849 200408  1.201  -86.2325   37.2504    26.8    16.9    21.8    21.5    67.0    20.2 R -9999.0 -9999.0    22.5
63849 200409  1.201  -86.2325   37.2504    26.2    15.6    20.9    20.6    12.6    16.9 R -9999.0 -9999.0    20.7
63849 200410  1.201  -86.2325   37.2504    21.5    11.8    16.6    16.4    80.1    10.2 R -9999.0 -9999.0    17.1
63849 200411  1.201  -86.2325   37.2504    15.3     6.5    10.9    10.7   155.1     6.7 R -9999.0 -9999.0    11.1
63849 200412  1.201  -86.2325   37.2504     7.6    -1.7     3.0     2.9   133.1     6.8 R -9999.0 -9999.0     2.9
63849 200501  1.201  -86.2325   37.2504     8.2     0.7     4.4     4.3   108.0     5.3 R -9999.0 -9999.0     5.0
63849 200502  1.201  -86.2325   37.2504    10.3     1.1     5.7     5.6    55.6     8.3 R -9999.0 -9999.0     6.3
63849 200503  1.201  -86.2325   37.2504    12.0     1.7     6.8     6.8    89.6    13.3 R -9999.0 -9999.0     7.9
63849 200504  1.201  -86.2325   37.2504    20.5     9.0    14.7    14.8   129.6    17.3 R -9999.0 -9999.0    15.8
63849 200505  1.201  -86.2325   37.2504    23.8    10.8    17.3    17.6    76.8    25.6 R -9999.0 -9999.0    19.6
63849 200506  1.201  -86.2325   37.2504    28.6    18.1    23.3    23.3    77.1    23.3 R -9999.0 -9999.0    24.0
63849 200507  1.201  -86.2325   37.2504    29.6    20.3    25.0    24.7    92.6    20.5 R -9999.0 -9999.0    26.1
63849 200508  1.201  -86.2325   37.2504    31.0    20.3    25.6    25.0   234.4    18.9 R -9999.0 -9999.0    25.9
63849 200509  1.201  -86.2325   37.2504    27.8    16.5    22.2    22.0    23.3    18.8 R -9999.0 -9999.0    23.0
63849 200510  1.201  -86.2325   37.2504    20.9     9.5    15.2    14.7    10.8    12.1 R -9999.0 -9999.0    15.6
63849 200511  1.201  -86.2325   37.2504    15.6     4.0     9.8    10.1    91.4     8.5 R -9999.0 -9999.0     9.7
63849 200512  1.201  -86.2325   37.2504     5.6    -2.8     1.4     1.3    62.7     5.8 R -9999.0 -9999.0     1.6
63849 200601  1.201  -86.2325   37.2504    12.0     1.8     6.9     6.7   157.3     7.7 R -9999.0 -9999.0     6.5
63849 200602  1.201  -86.2325   37.2504     7.9    -1.9     3.0     3.0    74.3    10.8 R -9999.0 -9999.0     3.7
63849 200603  1.201  -86.2325   37.2504    14.1     3.2     8.6     9.0    67.3    12.7 R -9999.0 -9999.0     9.6
63849 200604  1.301  -86.2325   37.2504    22.4    11.2    16.8    16.9    89.1    17.0 R -9999.0 -9999.0    17.4
63849 200605  1.301  -86.2325   37.2504    23.5    11.8    17.7    17.5   105.4    20.4 R    33.0    11.4    19.2
63849 200606  1.301  -86.2325   37.2504    27.8    16.7    22.2    22.1    81.0    23.1 R    32.1    15.7    22.5
63849 200607  1.301  -86.2325   37.2504    30.5    19.9    25.2    24.8   114.6    21.5 R    41.6    19.2    26.7
63849 200608  1.301  -86.2325   37.2504    30.3    20.5    25.4    25.0    80.3    18.1 R    37.0    19.9    26.2
63849 200609  1.301  -86.2325   37.2504    23.7    13.6    18.6    18.3   201.7    13.9 R    32.3    13.1    19.9
63849 200610  1.301  -86.2325   37.2504    18.3     7.2    12.7    12.6   122.9    11.3 R    24.7     6.8    13.6
63849 200611  1.301  -86.2325   37.2504    15.0     5.0    10.0     9.6    95.5     7.8 R    19.7     4.0     9.6
63849 200612  1.301  -86.2325   37.2504    11.4     1.6     6.5     6.3    84.1     7.1 R    15.1     0.5     6.2
63849 200701  1.301  -86.2325   37.2504     7.7    -0.8     3.5     3.7   100.4     6.4 R    11.6    -0.8     4.2
63849 200702  1.301  -86.2325   37.2504     5.0    -5.1    -0.1     0.0    69.5     9.5 R     9.9    -5.4     0.9
63849 200703  1.301  -86.2325   37.2504    19.6     7.6    13.6    13.6    48.2    15.0 R    24.9     6.5    13.7
63849 200704  1.301  -86.2325   37.2504    19.0     6.9    12.9    12.9    93.3    18.3 R    25.2     6.0    13.7
63849 200705  1.302  -86.2325   37.2504    27.3    15.2    21.3    21.3    81.4    23.8 R    34.2    13.9    21.9
63849 200706  1.302  -86.2325   37.2504    29.3    17.7    23.5    23.3   119.7    22.8 R    38.1    16.6    24.6
63849 200707  1.302  -86.2325   37.2504    29.5    18.5    24.0    23.9    58.1    22.9 R    40.8    17.6    26.1
63849 200708  1.302  -86.2325   37.2504    34.7    21.7    28.2    27.8    41.8    22.2 R    47.0    20.2    29.4
63849 200709  1.302  -86.2325   37.2504    29.1    17.1    23.1    22.9    46.6    17.6 R    41.4    15.3    24.2
63849 200710  1.302  -86.2325   37.2504    23.5    12.2    17.8    17.6   239.8    12.2 R    34.6    10.3    18.3
63849 200711  1.302  -86.2325   37.2504    13.8     2.8     8.3     8.3    96.1     8.8 R    20.7     1.7     8.5
63849 200712  1.302  -86.2325   37.2504    10.2     1.3     5.8     5.6   246.6     5.6 R    14.4     0.7     5.8
63849 200801  1.302  -86.2325   37.2504     5.4    -3.8     0.8     1.2   121.5     6.8 R    10.1    -4.0     1.7
63849 200802  1.302  -86.2325   37.2504     7.8    -1.6     3.1     3.3   140.3     7.3 R    13.2    -1.7     4.0
63849 200803  1.302  -86.2325   37.2504    14.0     2.7     8.4     8.2   195.3    10.9 R    19.2     1.5     8.4
63849 200804  1.302  -86.2325   37.2504    19.4     8.0    13.7    13.7   143.4    16.6 R    25.8     7.0    14.5
63849 200805  1.302  -86.2325   37.2504    23.4    11.8    17.6    17.6   200.2    19.7 R    29.7    11.3    18.7
63849 200806  1.302  -86.2325   37.2504    29.1    18.7    23.9    23.7    30.0    24.1 R    35.2    17.3    24.4
63849 200807  1.302  -86.2325   37.2504    29.7    18.8    24.2    24.2   140.3    22.1 R    41.4    17.8    26.5
63849 200808  1.302  -86.2325   37.2504    29.9    18.5    24.2    23.9    11.8    21.1 R    40.5    16.9    25.6
63849 200809  1.302  -86.2325   37.2504    28.7    16.5    22.6    22.1    30.4    16.5 R    41.6    14.6    23.8
63849 200810  1.302  -86.2325   37.2504    21.2     8.8    15.0    14.7   100.4    14.5 R    33.0     6.8    15.9
63849 200811  1.302  -86.2325   37.2504    12.5     1.9     7.2     7.2    65.5     8.6 R    19.5     0.3     7.4
63849 200812  1.302  -86.2325   37.2504     8.3    -2.3     3.0     2.9   168.8     5.3 R    11.6    -2.9     3.2
63849 200901  1.302  -86.2325   37.2504     4.2    -5.3    -0.5    -0.3   142.3     6.3 R     9.1    -5.6     0.3
63849 200902  1.302  -86.2325   37.2504    10.4    -0.4     5.0     4.7    85.8    10.0 R    17.5    -2.0     5.2
63849 200903  1.302  -86.2325   37.2504    15.9     5.2    10.6    10.2    73.3    11.9 R    24.1     3.6    10.9
63849 200904  1.302  -86.2325   37.2504    19.6     9.2    14.4    14.3   147.9    17.0 R    26.3     8.3    15.1
63849 200905  1.302  -86.2325   37.2504    23.3    14.0    18.7    18.7   207.7    18.8 R    29.4    13.5    19.8
63849 200906  1.302  -86.2325   37.2504    28.5    18.2    23.4    23.3   133.6    23.2 R    34.3    17.8    24.8
63849 200907  2.402  -86.2325   37.2504    26.4    17.8    22.1    22.0   158.9    16.9 R    35.9    17.2    24.2
63849 200908  2.402  -86.2325   37.2504    28.0    18.2    23.1    22.9    35.9    16.7 R    35.0    17.3    24.2
63849 200909  2.402  -86.2325   37.2504    25.5    16.4    21.0    20.6    87.5    11.4 R    34.0    15.5    21.9
63849 200910  2.402  -86.2325   37.2504    17.4     7.9    12.6    12.5   239.0     7.5 R    24.5     7.0    13.4
63849 200911  2.402  -86.2325   37.2504    16.3     5.6    11.0    10.7    23.6     7.5 R    22.1     4.0    10.5
63849 200912  2.402  -86.2325   37.2504     6.8    -1.5     2.6     2.7    96.4     4.0 R    11.0    -2.1     3.1
63849 201001  2.402  -86.2325   37.2504     3.3    -4.8    -0.8    -0.8    92.9     5.4 R     8.1    -6.0    -0.3
63849 201002  2.402  -86.2325   37.2504     3.8    -4.2    -0.2    -0.1    71.5     6.5 R    10.0    -5.5     0.5
63849 201003  2.402  -86.2325   37.2504    14.3     4.3     9.3     9.4    76.9    10.5 R    20.4     3.1     9.7
63849 201004  2.402  -86.2325   37.2504    23.2    10.4    16.8    17.2    87.8    20.5 R    28.7     8.5    17.0
63849 201005  2.402  -86.2325   37.2504    24.8    15.3    20.0    19.9   261.0    19.3 R    30.6    14.1    20.7
63849 201006  2.402  -86.2325   37.2504    30.6    20.0    25.3    25.2    33.3    23.8 R    37.5    19.0    26.4
63849 201007  2.402  -86.2325   37.2504    31.2    20.9    26.0    25.8   194.4    22.3 R    42.0    19.8    27.8
63849 201008  2.402  -86.2325   37.2504    31.0    20.4    25.7    25.3    73.6    22.5 R    35.7    19.4    26.0
63849 201009  2.402  -86.2325   37.2504    28.7    14.9    21.8    21.6    56.8    19.3 R    39.1    13.1    22.6
63849 201010  2.402  -86.2325   37.2504    22.9     8.4    15.7    15.2    64.6    14.8 R    32.8     6.0    15.4
63849 201011  2.402  -86.2325   37.2504    15.2     3.8     9.5     9.5   150.5     8.9 R    21.8     1.8     9.4
63849 201012  2.402  -86.2325   37.2504     2.9    -4.4    -0.7    -0.8    72.3     5.9 R     8.1    -5.7    -0.3
63849 201101  2.402  -86.2325   37.2504     3.3    -4.8    -0.7    -0.7    63.7     6.3 R     7.6    -6.6    -0.6
63849 201102  2.402  -86.2325   37.2504     9.7    -0.7     4.5     4.6   200.7     7.6 R    14.1    -3.3     4.3
63849 201103  2.402  -86.2325   37.2504    14.2     4.5     9.4     9.2   126.5    11.5 R    21.7     3.7    10.1
63849 201104  2.402  -86.2325   37.2504    21.8    10.1    15.9    16.1   377.2    15.8 R    26.9     8.6    16.1
63849 201105  2.402  -86.2325   37.2504    23.6    13.4    18.5    18.4   181.8    17.8 R    30.6    12.7    19.4
63849 201106  2.402  -86.2325   37.2504    28.8    18.8    23.8    23.6   132.4    21.4 R    34.9    17.6    24.4
63849 201107  2.402  -86.2325   37.2504    31.5    21.3    26.4    26.1    66.0    22.8 R    33.9     8.8    19.5
63849 201108  2.402  -86.2325   37.2504    31.1    19.2    25.2    24.9    19.6    21.6 R    40.7    13.6    23.4
63849 201109  2.402  -86.2325   37.2504    24.6    14.2    19.4    19.0   120.0    13.7 R    29.6     8.3    15.9
63849 201110  2.402  -86.2325   37.2504    20.4     7.8    14.1    13.9    35.8    13.3 R    29.1     6.1    14.4
63849 201111  2.402  -86.2325   37.2504    15.8     5.8    10.8    10.9   251.5     7.4 R    19.4     2.7     9.3
63849 201112  2.402  -86.2325   37.2504    10.3     1.5     5.9     5.9   135.3     6.3 R    15.0     0.5     6.0
63849 201201  2.402  -86.2325   37.2504     9.9    -1.1     4.4     4.4   124.6     6.7 R    14.2    -2.4     4.2
63849 201202  2.402  -86.2325   37.2504    11.5     1.3     6.4     6.3    81.2     9.3 R    17.4     0.2     6.8
63849 201203  2.402  -86.2325   37.2504    22.1     9.8    15.9    15.7   103.4    15.3 R    27.9     8.2    15.7
63849 201204  2.412  -86.2325   37.2504    22.3     8.8    15.6    15.4    79.7    20.4 R    28.8     7.8    16.5
63849 201205  2.412  -86.2325   37.2504    26.8    15.9    21.4    21.2   113.8    22.6 C    34.1    15.7    23.5
63849 201206  2.412  -86.2325   37.2504    29.5    17.1    23.3    23.4    16.2    25.2 C    37.6    15.3    25.0
63849 201207  2.412  -86.2325   37.2504    32.9    21.3    27.1    26.5   130.8    22.2 C    39.8    21.0    28.6
63849 201208  2.412  -86.2325   37.2504    30.3    18.5    24.4    24.1    56.2    20.6 C    38.9    16.7    25.3
63849 201209  2.412  -86.2325   37.2504    25.6    14.5    20.0    19.7   119.8    15.6 C    33.2    13.7    21.1
63849 201210  2.412  -86.2325   37.2504    19.4     8.1    13.8    13.4    61.7    12.2 C    25.6     6.9    14.1
63849 201211  2.412  -86.2325   37.2504    13.9     1.8     7.9     7.7    44.2    10.1 C    19.8    -0.2     7.5
63849 201212  2.412  -86.2325   37.2504    11.2     2.9     7.0     7.0   148.2     5.2 C    14.2     2.3     7.2
63849 201301  2.412  -86.2325   37.2504     7.9    -1.1     3.4     3.4   141.6     6.7 C    12.0    -1.7     4.0
63849 201302  2.412  -86.2325   37.2504     8.9    -1.6     3.6     3.6    60.6    10.2 C    13.7    -2.7     4.1
63849 201303  2.422  -86.2325   37.2504     9.3    -0.3     4.5     4.4   159.8    10.8 C    16.3    -1.1     5.5
63849 201304  2.422  -86.2325   37.2504    20.5     8.3    14.4    14.2   136.6    16.3 C    28.1     5.7    14.3
63849 201305  2.422  -86.2325   37.2504    24.2    13.9    19.1    18.9   156.6    18.7 C    29.3    12.0    18.9
63849 201306  2.422  -86.2325   37.2504    28.1    17.5    22.8    22.6   110.7    21.2 C    35.3    15.4    23.1
63849 201307  2.422  -86.2325   37.2504    28.0    18.4    23.2    22.9   232.1    19.7 C    38.7    17.1    24.7
63849 201308  2.422  -86.2325   37.2504    28.5    18.7    23.6    23.2   153.9    18.0 C    38.4    17.4    24.6
63849 201309  2.422  -86.2325   37.2504    26.6    15.7    21.1    20.5    96.3    16.9 C    34.4    14.0    21.4
63849 201310  2.422  -86.2325   37.2504    20.1     9.3    14.7    14.3    94.5    10.6 C    27.6     7.3    14.8
63849 201311  2.422  -86.2325   37.2504    12.5     1.2     6.8     6.8    86.0     8.9 C    20.5    -1.0     6.7
63849 201312  2.422  -86.2325   37.2504     7.9    -0.7     3.6     3.6   133.9     5.4 C    12.9    -1.7     3.7
63849 201401  2.422  -86.2325   37.2504     4.1    -7.7    -1.8    -1.9    58.2     7.2 C     7.5    -9.8    -2.3
63849 201402  2.422  -86.2325   37.2504     6.1    -4.0     1.1     1.0   133.9    10.0 C    13.6    -5.3     1.9
63849 201403  2.422  -86.2325   37.2504    13.2     0.4     6.8     6.6   110.8    14.7 C    21.1    -2.2     7.0
63849 201404  2.422  -86.2325   37.2504    21.7     9.0    15.4    15.2   170.3    24.9 C    31.1     6.5    15.8
63849 201405  2.422  -86.2325   37.2504    25.5    14.2    19.9    19.7   107.0    29.3 C    33.2    12.0    20.1
63849 201406  2.422  -86.2325   37.2504    28.6    18.8    23.7    23.3    72.2    28.0 C    35.1    16.7    23.8
63849 201407  2.422  -86.2325   37.2504    28.4    17.0    22.7    22.8    52.0    30.2 C    40.3    14.7    24.4
63849 201408  2.422  -86.2325   37.2504    29.8    19.3    24.5    24.1   125.4    24.5 C    41.2    17.7    25.6
63849 201409  2.422  -86.2325   37.2504    26.4    14.7    20.6    20.2    35.9    22.6 C    33.2    12.9    20.4
63849 201410  2.422  -86.2325   37.2504    20.5     9.0    14.8    14.4   150.8    15.0 C    26.7     7.4    14.5
63849 201411  2.422  -86.2325   37.2504    10.0     0.1     5.0     5.2    61.3    11.0 C    17.1    -1.8     5.6
63849 201412  2.422  -86.2325   37.2504     8.4     1.0     4.7     4.4    54.9     6.0 C    12.6    -0.1     4.8
63849 201501  2.422  -86.2325   37.2504     5.6    -3.6     1.0     1.1    51.7     9.4 C    11.2    -5.3     1.2
63849 201502  2.422  -86.2325   37.2504     2.9    -7.4    -2.2    -2.2   108.1    14.4 C     8.0   -10.5    -2.2
63849 201503  2.422  -86.2325   37.2504    13.8     2.2     8.0     8.1   204.2    15.5 C    19.7    -1.3     7.6
63849 201504  2.422  -86.2325   37.2504    21.1     9.6    15.3    15.1   284.5    15.8 C    28.9     7.4    15.6
63849 201505  2.422  -86.2325   37.2504    25.8    14.5    20.1    19.9   160.1    19.4 C    34.2    12.3    20.6
63849 201506  2.422  -86.2325   37.2504    28.5    18.6    23.5    23.1   127.4    19.7 C    37.5    17.9    24.9
63849 201507  2.422  -86.2325   37.2504    29.6    20.3    25.0    24.4   229.6    19.4 C    38.5    20.0    26.6
63849 201508  2.422  -86.2325   37.2504    28.0    17.6    22.8    22.4   112.1    19.1 C    35.0    16.6    23.5
63849 201509  2.422  -86.2325   37.2504    27.2    15.8    21.5    21.0    90.9    16.1 C    37.7    14.6    22.4
63849 201510  2.422  -86.2325   37.2504    20.7     9.8    15.2    14.9   126.1    11.5 C    28.7     8.5    15.6
63849 201511  2.422  -86.2325   37.2504    16.9     7.0    11.9    11.8   126.8     7.6 C    22.5     5.0    11.3
63849 201512  2.422  -86.2325   37.2504    14.6     5.7    10.1    10.0   185.9     5.2 C    18.0     3.8     9.3
63849 201601  2.422  -86.2325   37.2504     5.9    -3.9     1.0     0.9    64.7     7.6 C    10.1    -5.9     0.4
63849 201602  2.422  -86.2325   37.2504     9.3    -0.3     4.5     4.5   141.1     8.9 C    14.6    -2.1     4.6
63849 201603  2.422  -86.2325   37.2504    17.2     6.5    11.9    11.9   102.5    11.8 C    23.4     4.8    12.0
63849 201604  2.422  -86.2325   37.2504    21.6     8.9    15.3    15.2   128.9    17.8 C    28.7     6.6    15.4
63849 201605  2.422  -86.2325   37.2504    22.7    12.3    17.5    17.2   160.3    16.8 C    28.9    10.9    17.8
63849 201606  2.422  -86.2325   37.2504    29.5    18.4    24.0    23.7   109.4    22.3 C    36.5    16.7    24.9
63849 201607  2.422  -86.2325   37.2504    30.2    20.8    25.5    24.8   266.8    18.4 C    39.1    19.5    26.6
63849 201608  2.422  -86.2325   37.2504    30.1    21.1    25.6    24.9   212.0    17.8 C    35.6    20.1    25.7
63849 201609  2.422  -86.2325   37.2504    28.2    16.5    22.3    21.8    47.4    16.6 C    34.7    14.6    22.0
63849 201610  2.422  -86.2325   37.2504    24.5    12.4    18.5    17.9    26.7    12.0 C    34.4    10.1    18.3
63849 201611  2.422  -86.2325   37.2504    16.9     5.4    11.2    11.1    46.9     8.4 C    24.3     2.2    10.0
63849 201612  2.422  -86.2325   37.2504     7.6    -1.3     3.2     3.1   159.4     5.4 C    12.6    -2.4     3.5
63849 201701  2.422  -86.2325   37.2504     9.6     1.8     5.7     5.8   149.1     4.7 C    13.2     0.9     6.0
63849 201702  2.422  -86.2325   37.2504    14.5     3.5     9.0     9.1    51.8     8.9 C    20.4     1.0     8.9
63849 201703  2.422  -86.2325   37.2504    16.0     4.2    10.1    10.1   104.8    13.2 C    23.9     1.9    10.8
63849 201704  2.422  -86.2325   37.2504    23.1    11.8    17.4    17.3    96.9    16.6 C    29.4    10.0    17.3
63849 201705  2.422  -86.2325   37.2504    24.4    13.3    18.8    18.6   161.9    19.3 C    30.5    11.5    19.1
63849 201706  2.422  -86.2325   37.2504    27.6    17.4    22.5    22.4   107.6    22.3 C    38.2    15.6    24.2
63849 201707  2.422  -86.2325   37.2504    30.3    20.0    25.2    24.8   101.7    21.8 C    38.3    18.4    26.0
