53019 201106  6.101 -109.9831   33.8209 -9999.0 -9999.0 -9999.0 -9999.0 -9999.0 -9999.0 U -9999.0 -9999.0 -9999.0
53019 201107  6.101 -109.9831   33.8209    32.7    15.3    24.0    22.9    45.3 -9999.0 U -9999.0 -9999.0 -9999.0
53019 201108  6.101 -109.9831   33.8209    33.2    15.5    24.4    23.2    62.9 -9999.0 U -9999.0 -9999.0 -9999.0
53019 201109  6.101 -109.9831   33.8209    29.1    10.8    19.9    19.4    53.0 -9999.0 U -9999.0 -9999.0 -9999.0
53019 201110  6.101 -109.9831   33.8209    23.8     3.9    13.8    13.3    28.3 -9999.0 U -9999.0 -9999.0 -9999.0
53019 201111  6.101 -109.9831   33.8209    15.5    -1.4     7.1     6.4    34.1 -9999.0 U -9999.0 -9999.0 -9999.0
53019 201112  6.101 -109.9831   33.8209     8.9    -5.1     1.9     0.9    86.9 -9999.0 U -9999.0 -9999.0 -9999.0
53019 201201  6.101 -109.9831   33.8209    14.3    -4.6     4.9     3.6    14.6 -9999.0 U -9999.0 -9999.0 -9999.0
53019 201202  6.101 -109.9831   33.8209    14.0    -3.6     5.2     4.7    15.0 -9999.0 U -9999.0 -9999.0 -9999.0
53019 201203  6.101 -109.9831   33.8209    17.9    -3.0     7.5     7.4    18.0 -9999.0 U -9999.0 -9999.0 -9999.0
53019 201204  6.101 -109.9831   33.8209    23.3     2.0    12.6    12.8     9.2 -9999.0 U -9999.0 -9999.0 -9999.0
53019 201205  6.101 -109.9831   33.8209    27.9     5.3    16.6    17.7     9.6 -9999.0 U -9999.0 -9999.0 -9999.0
53019 201206  6.101 -109.9831   33.8209    34.1    11.0    22.6    23.4     0.0 -9999.0 U -9999.0 -9999.0 -9999.0
53019 201207  6.101 -109.9831   33.8209    31.3    16.0    23.7    22.7    68.8 -9999.0 U -9999.0 -9999.0 -9999.0
53019 201208  6.101 -109.9831   33.8209    31.9    15.2    23.6    22.6    65.5 -9999.0 U -9999.0 -9999.0 -9999.0
53019 201209  6.101 -109.9831   33.8209    28.8    10.3    19.5    19.0    22.9 -9999.0 U -9999.0 -9999.0 -9999.0
53019 201210  6.101 -109.9831   33.8209    25.4     3.1    14.3    13.8     0.8 -9999.0 U -9999.0 -9999.0 -9999.0
53019 201211  6.101 -109.9831   33.8209    19.7    -0.7     9.5     8.4    10.0 -9999.0 U -9999.0 -9999.0 -9999.0
53019 201212  6.101 -109.9831   33.8209    11.8    -4.4     3.7     2.8    56.2 -9999.0 U -9999.0 -9999.0 -9999.0
53019 201301  6.101 -109.9831   33.8209    10.3    -6.9     1.7     0.7    40.8 -9999.0 U -9999.0 -9999.0 -9999.0
53019 201302  6.101 -109.9831   33.8209    11.2    -5.7     2.8     2.3    21.5 -9999.0 U -9999.0 -9999.0 -9999.0
53019 201303  6.101 -109.9831   33.8209    19.3    -0.5     9.4     9.3    23.0 -9999.0 U -9999.0 -9999.0 -9999.0
53019 201304  6.101 -109.9831   33.8209    21.6     1.5    11.5    12.1    22.3 -9999.0 U -9999.0 -9999.0 -9999.0
53019 201305  6.101 -109.9831   33.8209    26.2     5.5    15.8    16.7     5.1 -9999.0 U -9999.0 -9999.0 -9999.0
53019 201306  6.101 -109.9831   33.8209    34.3    11.1    22.7    23.6     4.9 -9999.0 U -9999.0 -9999.0 -9999.0
53019 201307  6.101 -109.9831   33.8209    30.3    15.8    23.0    22.0   110.8 -9999.0 U -9999.0 -9999.0 -9999.0
53019 201308  6.101 -109.9831   33.8209    30.5    14.7    22.6    21.8    55.9 -9999.0 U -9999.0 -9999.0 -9999.0
53019 201309  6.101 -109.9831   33.8209    27.4    10.6    19.0    18.9    76.8 -9999.0 U -9999.0 -9999.0 -9999.0
53019 201310  6.101 -109.9831   33.8209    22.2     1.6    11.9    11.8     9.5 -9999.0 U -9999.0 -9999.0 -9999.0
53019 201311  6.101 -109.9831   33.8209    17.1    -0.1     8.5     7.8    18.9 -9999.0 U -9999.0 -9999.0 -9999.0
53019 201312  6.101 -109.9831   33.8209    11.9    -5.4     3.3     2.1    12.1 -9999.0 U -9999.0 -9999.0 -9999.0
53019 201401  6.101 -109.9831   33.8209    16.0    -5.5     5.3     4.2     0.0 -9999.0 U -9999.0 -9999.0 -9999.0
53019 201402  6.101 -109.9831   33.8209    16.9    -2.1     7.4     6.9     3.6 -9999.0 U -9999.0 -9999.0 -9999.0
53019 201403  6.101 -109.9831   33.8209    18.4     0.0     9.2     9.0    39.7 -9999.0 U -9999.0 -9999.0 -9999.0
53019 201404  6.101 -109.9831   33.8209    21.7     1.7    11.7    12.3     9.5 -9999.0 U -9999.0 -9999.0 -9999.0
53019 201405  6.101 -109.9831   33.8209    26.2     5.6    15.9    16.9     0.0 -9999.0 U -9999.0 -9999.0 -9999.0
53019 201406  6.101 -109.9831   33.8209 -9999.0 -9999.0 -9999.0 -9999.0 -9999.0 -9999.0 U -9999.0 -9999.0 -9999.0
