53023 201109  6.101 -109.8539   38.3130 -9999.0 -9999.0 -9999.0 -9999.0 -9999.0 -9999.0 U -9999.0 -9999.0 -9999.0
53023 201110  6.101 -109.8539   38.3130    15.8     8.1    11.9    11.8    30.2 -9999.0 U -9999.0 -9999.0 -9999.0
53023 201111  6.101 -109.8539   38.3130     7.4     1.1     4.2     4.2    10.8 -9999.0 U -9999.0 -9999.0 -9999.0
53023 201112  6.101 -109.8539   38.3130     1.0    -4.3    -1.7    -1.8     8.0 -9999.0 U -9999.0 -9999.0 -9999.0
53023 201201  6.101 -109.8539   38.3130     3.7    -2.4     0.7     0.8     4.8 -9999.0 U -9999.0 -9999.0 -9999.0
53023 201202  6.101 -109.8539   38.3130     4.4    -2.5     1.0     0.9    22.8 -9999.0 U -9999.0 -9999.0 -9999.0
53023 201203  6.101 -109.8539   38.3130    12.4     4.0     8.2     8.0    14.6 -9999.0 U -9999.0 -9999.0 -9999.0
53023 201204  6.101 -109.8539   38.3130    17.0     7.2    12.1    12.2     3.1 -9999.0 U -9999.0 -9999.0 -9999.0
53023 201205  6.101 -109.8539   38.3130    22.9    12.8    17.9    18.0     0.0 -9999.0 U -9999.0 -9999.0 -9999.0
53023 201206  6.101 -109.8539   38.3130    29.9    19.5    24.7    25.0     0.0 -9999.0 U -9999.0 -9999.0 -9999.0
53023 201207  6.101 -109.8539   38.3130    29.9    19.8    24.8    24.5    24.9 -9999.0 U -9999.0 -9999.0 -9999.0
53023 201208  6.101 -109.8539   38.3130    29.9    20.3    25.1    24.6    46.6 -9999.0 U -9999.0 -9999.0 -9999.0
53023 201209  6.101 -109.8539   38.3130    24.5    15.9    20.2    20.0     9.7 -9999.0 U -9999.0 -9999.0 -9999.0
53023 201210  6.101 -109.8539   38.3130    17.3     9.2    13.2    13.2    10.0 -9999.0 U -9999.0 -9999.0 -9999.0
53023 201211  6.101 -109.8539   38.3130    10.8     4.1     7.4     7.4     5.0 -9999.0 U -9999.0 -9999.0 -9999.0
53023 201212  6.101 -109.8539   38.3130     1.6    -3.9    -1.2    -1.2    24.1 -9999.0 U -9999.0 -9999.0 -9999.0
53023 201301  6.101 -109.8539   38.3130    -2.5    -8.6    -5.6    -5.5    15.3 -9999.0 U -9999.0 -9999.0 -9999.0
53023 201302  6.101 -109.8539   38.3130     2.2    -4.1    -0.9    -0.9    33.7 -9999.0 U -9999.0 -9999.0 -9999.0
53023 201303  6.101 -109.8539   38.3130    11.4     3.0     7.2     7.1     4.0 -9999.0 U -9999.0 -9999.0 -9999.0
53023 201304  6.101 -109.8539   38.3130    13.9     4.3     9.1     9.2    14.1 -9999.0 U -9999.0 -9999.0 -9999.0
53023 201305  6.101 -109.8539   38.3130    20.3    11.3    15.8    15.7    27.4 -9999.0 U -9999.0 -9999.0 -9999.0
53023 201306  6.101 -109.8539   38.3130    29.7    20.3    25.0    25.0     0.0 -9999.0 U -9999.0 -9999.0 -9999.0
53023 201307  6.101 -109.8539   38.3130    31.2    20.4    25.8    25.5    19.1 -9999.0 U -9999.0 -9999.0 -9999.0
53023 201308  6.101 -109.8539   38.3130    27.6    18.7    23.1    22.8    21.6 -9999.0 U -9999.0 -9999.0 -9999.0
53023 201309  6.101 -109.8539   38.3130    22.8    14.5    18.7    18.6    80.6 -9999.0 U -9999.0 -9999.0 -9999.0
53023 201310  6.101 -109.8539   38.3130    14.0     6.2    10.1    10.0    11.7 -9999.0 U -9999.0 -9999.0 -9999.0
53023 201311  6.101 -109.8539   38.3130     6.8     1.5     4.2     4.2    38.2 -9999.0 U -9999.0 -9999.0 -9999.0
53023 201312  6.101 -109.8539   38.3130    -1.7    -6.9    -4.3    -4.2    23.7 -9999.0 U -9999.0 -9999.0 -9999.0
53023 201401  6.101 -109.8539   38.3130     3.5    -2.8     0.3     0.2    11.5 -9999.0 U -9999.0 -9999.0 -9999.0
53023 201402  6.101 -109.8539   38.3130     7.8     0.7     4.3     4.3     2.2 -9999.0 U -9999.0 -9999.0 -9999.0
53023 201403  6.101 -109.8539   38.3130    11.2     2.3     6.8     6.8     9.2 -9999.0 U -9999.0 -9999.0 -9999.0
53023 201404  6.101 -109.8539   38.3130    14.5     5.4     9.9     9.8    29.8 -9999.0 U -9999.0 -9999.0 -9999.0
53023 201405  6.101 -109.8539   38.3130    19.8    10.9    15.4    15.4    58.8 -9999.0 U -9999.0 -9999.0 -9999.0
53023 201406  6.101 -109.8539   38.3130 -9999.0 -9999.0 -9999.0 -9999.0 -9999.0 -9999.0 U -9999.0 -9999.0 -9999.0
