26655 201008  2.404 -162.9212   68.0277 -9999.0 -9999.0 -9999.0 -9999.0 -9999.0 -9999.0 U -9999.0 -9999.0 -9999.0
26655 201009  2.404 -162.9212   68.0277     9.9     2.6     6.3     6.2    46.6     6.5 R    14.5    -1.0     5.4
26655 201010  2.404 -162.9212   68.0277    -1.8    -7.7    -4.7    -4.6     8.8     3.0 R    -1.6   -11.3    -6.4
26655 201011  2.404 -162.9212   68.0277    -7.8   -13.1   -10.5   -10.2    21.3     0.3 R    -9.2   -16.3   -12.2
26655 201012  2.404 -162.9212   68.0277   -14.1   -20.2   -17.2   -17.1     9.5     0.0 R   -15.8   -23.0   -19.4
26655 201101  2.404 -162.9212   68.0277    -8.1   -16.2   -12.1   -12.3 -9999.0     0.1 R   -10.7   -19.3   -15.0
26655 201102  2.404 -162.9212   68.0277   -12.2   -21.2   -16.7   -16.6 -9999.0     1.4 R   -13.0   -23.4   -17.8
26655 201103  2.404 -162.9212   68.0277    -9.0   -15.9   -12.5   -12.4 -9999.0     7.6 R    -9.9   -19.6   -14.7
26655 201104  2.404 -162.9212   68.0277    -5.9   -13.8    -9.8    -9.2 -9999.0    16.9 R    -5.1   -16.9   -10.8
26655 201105  2.404 -162.9212   68.0277     6.7    -2.5     2.1     3.1     4.1    23.5 R    12.2    -5.0     3.4
26655 201106  2.404 -162.9212   68.0277    16.5     5.9    11.2    11.6    20.0    19.0 R    29.5     3.2    14.1
26655 201107  2.404 -162.9212   68.0277    14.9     6.5    10.7    10.7    85.8    14.2 R    23.2     5.0    12.1
26655 201108  2.404 -162.9212   68.0277    13.0     4.7     8.8     8.9    77.5    12.2 R    19.3     2.7     9.6
26655 201109  2.404 -162.9212   68.0277     8.2     1.3     4.7     4.5    46.6     8.5 R    12.4    -1.2     4.2
26655 201110  2.404 -162.9212   68.0277    -2.8    -8.5    -5.6    -5.5    29.1     3.1 R    -2.5   -12.1    -7.4
26655 201111  2.404 -162.9212   68.0277   -13.1   -19.6   -16.3   -15.9     8.5     0.3 R   -15.1   -23.4   -18.7
26655 201112  2.404 -162.9212   68.0277   -12.6   -19.9   -16.3   -15.7 -9999.0     0.0 R   -13.9   -22.5   -17.6
26655 201201  2.404 -162.9212   68.0277   -24.4   -31.0   -27.7   -27.8 -9999.0     0.1 R   -27.0   -34.0   -30.7
26655 201202  2.404 -162.9212   68.0277   -10.7   -17.9   -14.3   -14.2 -9999.0     2.2 R   -12.5   -21.1   -16.6
26655 201203  2.404 -162.9212   68.0277   -14.8   -22.0   -18.4   -18.1 -9999.0     9.6 R   -14.9   -25.0   -20.1
26655 201204  2.404 -162.9212   68.0277    -3.3   -10.8    -7.1    -6.8     4.8    16.7 R    -2.1   -13.0    -7.2
26655 201205  2.404 -162.9212   68.0277     5.8    -3.8     1.0     1.3    23.7    22.3 R    12.6    -4.4     3.0
26655 201206  2.404 -162.9212   68.0277    17.7     4.9    11.3    11.7     9.9    25.6 R    28.8     2.8    14.3
26655 201207  2.404 -162.9212   68.0277    16.1     6.8    11.5    11.7   151.0    16.3 R    22.6     5.2    12.8
26655 201208  2.414 -162.9212   68.0277    10.5     5.5     8.0     7.9   393.2     3.6 C    12.6     4.9     8.2
26655 201209  2.414 -162.9212   68.0277     5.5    -0.9     2.3     2.2    83.7     4.4 C     8.0    -2.6     2.1
26655 201210  2.414 -162.9212   68.0277    -1.4    -6.6    -4.0    -3.7   111.5     1.4 C    -1.3    -9.0    -4.9
26655 201211  2.414 -162.9212   68.0277    -9.3   -15.9   -12.6   -12.6     4.6     0.2 C   -12.5   -20.9   -16.5
26655 201212  2.414 -162.9212   68.0277   -14.7   -22.9   -18.8   -18.5 -9999.0     0.0 C   -17.2   -26.3   -21.5
26655 201301  2.414 -162.9212   68.0277    -9.4   -15.7   -12.5   -12.2    32.5     0.0 C   -11.6   -19.0   -14.7
26655 201302  2.414 -162.9212   68.0277   -14.0   -22.6   -18.3   -18.2 -9999.0     1.1 C   -16.3   -25.6   -20.4
26655 201303  2.414 -162.9212   68.0277   -11.6   -19.1   -15.3   -14.9 -9999.0     5.1 C   -11.8   -22.5   -16.6
26655 201304  2.414 -162.9212   68.0277    -7.7   -15.3   -11.5   -11.0     8.6    11.3 C    -6.4   -18.4   -12.2
26655 201305  2.414 -162.9212   68.0277    -0.4    -6.3    -3.4    -3.3    55.9    13.6 C    -0.3    -7.5    -3.7
26655 201306  2.414 -162.9212   68.0277    16.7     6.6    11.7    11.8    71.9    12.4 C    22.0     4.6    13.0
26655 201307  2.414 -162.9212   68.0277    15.2     8.0    11.6    11.6   123.3     7.8 C    18.3     7.0    12.2
26655 201308  2.424 -162.9212   68.0277    13.4     4.9     9.2     9.3   121.6     8.7 C    16.5     2.9     9.3
26655 201309  2.424 -162.9212   68.0277     4.5    -3.1     0.7     0.9    62.8     7.4 C     6.9    -6.9    -0.2
26655 201310  2.424 -162.9212   68.0277     1.1    -3.8    -1.4    -1.1    97.4     1.7 C     0.3    -6.4    -2.4
26655 201311  2.424 -162.9212   68.0277    -9.2   -15.9   -12.6   -12.1 -9999.0     0.2 C   -11.0   -21.6   -15.6
26655 201312  2.424 -162.9212   68.0277    -9.9   -16.3   -13.1   -13.2 -9999.0     0.0 C   -12.6   -21.5   -16.8
26655 201401  2.424 -162.9212   68.0277    -6.2   -12.1    -9.1    -9.0 -9999.0     0.1 C    -9.3   -16.4   -12.7
26655 201402  2.424 -162.9212   68.0277    -9.7   -17.0   -13.3   -13.1 -9999.0     1.9 C   -12.9   -20.7   -16.5
26655 201403  2.424 -162.9212   68.0277    -7.4   -16.0   -11.7   -11.5 -9999.0     8.3 C    -9.2   -20.3   -14.7
26655 201404  2.424 -162.9212   68.0277    -2.5    -9.3    -5.9    -5.6 -9999.0    15.4 C    -2.7   -12.9    -7.7
26655 201405  2.424 -162.9212   68.0277     4.2    -2.6     0.8     0.7    77.1    15.6 C     7.7    -3.8     1.3
26655 201406  2.424 -162.9212   68.0277    13.6     2.9     8.2     8.6    28.5    19.9 C    21.5     0.8    10.6
26655 201407  2.424 -162.9212   68.0277    14.7     4.8     9.8    10.2    85.5    16.6 C    19.7     2.3    11.0
26655 201408  2.424 -162.9212   68.0277    16.5     7.4    12.0    12.0    70.1    13.4 C    21.3     4.2    12.1
26655 201409  2.424 -162.9212   68.0277     7.9     1.0     4.4     4.5    70.9     6.7 C     9.9    -1.8     3.4
26655 201410  2.424 -162.9212   68.0277    -2.8    -8.0    -5.4    -5.2    18.2     2.7 C    -2.6   -12.0    -7.1
26655 201411  2.424 -162.9212   68.0277    -3.7    -9.5    -6.6    -6.4    32.4     0.4 C    -7.1   -14.2   -10.1
26655 201412  2.424 -162.9212   68.0277   -10.9   -17.3   -14.1   -14.0 -9999.0     0.0 C   -13.4   -22.4   -17.6
26655 201501  2.424 -162.9212   68.0277   -10.2   -16.8   -13.5   -13.4 -9999.0     0.1 C   -13.4   -22.3   -17.4
26655 201502  2.424 -162.9212   68.0277    -7.9   -15.8   -11.8   -11.5 -9999.0     1.4 C   -10.6   -19.3   -14.5
26655 201503  2.424 -162.9212   68.0277   -12.6   -21.9   -17.2   -16.6 -9999.0     7.0 C   -13.1   -27.5   -19.3
26655 201504  2.424 -162.9212   68.0277    -4.4   -12.3    -8.4    -8.2    11.5    15.4 C    -3.9   -16.9    -9.5
26655 201505  2.424 -162.9212   68.0277     9.1     1.0     5.0     5.8    36.3    18.1 C    10.3    -1.9     4.0
26655 201506  2.424 -162.9212   68.0277    13.6     3.6     8.6     8.8    37.4    20.5 C    19.9     1.2    10.2
26655 201507  2.424 -162.9212   68.0277    18.4     7.9    13.1    13.4    39.8    17.4 C    24.1     5.1    14.2
26655 201508  2.424 -162.9212   68.0277    10.7     3.7     7.2     7.2   144.9     9.8 C    14.9     2.7     7.8
26655 201509  2.424 -162.9212   68.0277     5.3    -2.6     1.3     1.4    29.8     8.9 C     7.9    -6.2     0.4
26655 201510  2.424 -162.9212   68.0277    -0.7    -6.1    -3.4    -3.0    25.5     2.3 C    -1.7    -9.6    -5.1
26655 201511  2.424 -162.9212   68.0277    -7.8   -13.8   -10.8   -10.5 -9999.0     0.3 C   -10.0   -18.1   -13.4
26655 201512  2.424 -162.9212   68.0277   -12.7   -19.7   -16.2   -16.0 -9999.0     0.0 C   -15.7   -24.2   -19.7
26655 201601  2.424 -162.9212   68.0277    -6.0   -12.1    -9.1    -8.8    12.5     0.1 C    -9.0   -15.9   -11.9
26655 201602  2.424 -162.9212   68.0277    -6.2   -13.4    -9.8    -9.6    10.3     1.7 C    -9.2   -18.2   -13.1
26655 201603  2.424 -162.9212   68.0277   -10.9   -18.2   -14.5   -14.2 -9999.0     8.5 C    -9.9   -22.8   -16.5
26655 201604  2.424 -162.9212   68.0277     2.5    -5.6    -1.5    -1.3    10.7    16.3 C     4.6    -7.7    -2.0
26655 201605  2.424 -162.9212   68.0277    11.8     1.4     6.6     6.9    82.4    18.2 C    19.0    -0.6     8.1
26655 201606  2.424 -162.9212   68.0277    15.3     3.7     9.5     9.7 -9999.0    21.9 C    23.8     1.6    11.7
26655 201607  2.424 -162.9212   68.0277    17.2     6.0    11.6    11.9 -9999.0    19.8 C    24.5     3.6    13.3
26655 201608  2.424 -162.9212   68.0277    14.9     6.4    10.6    10.7   145.0    12.1 C    19.1     3.8    10.9
26655 201609  2.424 -162.9212   68.0277     7.3    -1.1     3.1     3.2    58.3     7.6 C    10.2    -4.0     2.5
26655 201610  2.424 -162.9212   68.0277     3.8    -2.2     0.8     0.9    11.5     2.6 C     3.3    -6.2    -1.5
26655 201611  2.424 -162.9212   68.0277    -9.2   -14.6   -11.9   -11.6    11.7     0.3 C   -11.4   -19.4   -14.6
26655 201612  2.424 -162.9212   68.0277   -10.0   -16.5   -13.2   -13.2    15.3     0.0 C   -12.5   -21.6   -16.5
26655 201701  2.424 -162.9212   68.0277 -9999.0 -9999.0 -9999.0 -9999.0 -9999.0 -9999.0 U -9999.0 -9999.0 -9999.0
26655 201702  2.424 -162.9212   68.0277   -14.0   -22.2   -18.1   -18.1    66.3     1.8 C   -16.5   -26.3   -21.2
26655 201703  2.424 -162.9212   68.0277   -15.4   -23.0   -19.2   -18.9    19.6     8.5 C   -15.0   -27.9   -21.8
26655 201704  2.424 -162.9212   68.0277    -0.3    -7.6    -4.0    -3.4     4.1    17.4 C    -0.2   -11.3    -5.4
26655 201705  2.424 -162.9212   68.0277     7.2    -2.3     2.4     2.6    29.9    20.2 C    13.4    -3.6     3.9
26655 201706  2.424 -162.9212   68.0277    16.1     6.0    11.1    11.5    57.6    17.7 C    22.3     4.1    12.5
26655 201707  2.424 -162.9212   68.0277    16.8     7.9    12.4    12.4   126.9    12.9 C    20.3     7.0    13.0
