03099 201007  6.101 -107.6082   40.9480 -9999.0 -9999.0 -9999.0 -9999.0 -9999.0 -9999.0 U -9999.0 -9999.0 -9999.0
03099 201008  6.101 -107.6082   40.9480    27.0     8.2    17.6    17.7    41.4 -9999.0 U -9999.0 -9999.0 -9999.0
03099 201009  6.101 -107.6082   40.9480    25.0     3.8    14.4    15.1     9.6 -9999.0 U -9999.0 -9999.0 -9999.0
03099 201010  6.101 -107.6082   40.9480    15.9     0.7     8.3     8.1    49.3 -9999.0 U -9999.0 -9999.0 -9999.0
03099 201011  6.101 -107.6082   40.9480     3.9    -7.8    -2.0    -1.6    39.7 -9999.0 U -9999.0 -9999.0 -9999.0
03099 201012  6.101 -107.6082   40.9480     0.9    -9.1    -4.1    -3.7    48.1 -9999.0 U -9999.0 -9999.0 -9999.0
03099 201101  6.101 -107.6082   40.9480    -2.5   -13.7    -8.1    -7.5     9.2 -9999.0 U -9999.0 -9999.0 -9999.0
03099 201102  6.101 -107.6082   40.9480    -2.5   -14.6    -8.5    -7.8    20.0 -9999.0 U -9999.0 -9999.0 -9999.0
03099 201103  6.101 -107.6082   40.9480     5.1    -4.7     0.2     0.4    18.1 -9999.0 U -9999.0 -9999.0 -9999.0
03099 201104  6.101 -107.6082   40.9480    10.0    -2.7     3.6     3.3    64.5 -9999.0 U -9999.0 -9999.0 -9999.0
03099 201105  6.101 -107.6082   40.9480    15.2     0.9     8.0     7.9    51.4 -9999.0 U -9999.0 -9999.0 -9999.0
03099 201106  6.101 -107.6082   40.9480    24.7     4.0    14.4    15.2    13.9 -9999.0 U -9999.0 -9999.0 -9999.0
03099 201107  6.101 -107.6082   40.9480    28.5    10.3    19.4    19.4    29.9 -9999.0 U -9999.0 -9999.0 -9999.0
03099 201108  6.101 -107.6082   40.9480    30.1     9.3    19.7    20.0    12.6 -9999.0 U -9999.0 -9999.0 -9999.0
03099 201109  6.101 -107.6082   40.9480    23.7     3.3    13.5    14.1     5.5 -9999.0 U -9999.0 -9999.0 -9999.0
03099 201110  6.101 -107.6082   40.9480    14.9    -0.8     7.1     7.2    13.6 -9999.0 U -9999.0 -9999.0 -9999.0
03099 201111  6.101 -107.6082   40.9480     5.0    -7.3    -1.1    -1.0    34.7 -9999.0 U -9999.0 -9999.0 -9999.0
03099 201112  6.101 -107.6082   40.9480    -0.2   -14.0    -7.1    -7.0     5.1 -9999.0 U -9999.0 -9999.0 -9999.0
03099 201201  6.101 -107.6082   40.9480     3.4   -10.7    -3.6    -3.4     9.5 -9999.0 U -9999.0 -9999.0 -9999.0
03099 201202  6.101 -107.6082   40.9480     2.0    -9.8    -3.9    -3.7    17.3 -9999.0 U -9999.0 -9999.0 -9999.0
03099 201203  6.101 -107.6082   40.9480    12.3    -3.7     4.3     4.5     5.6 -9999.0 U -9999.0 -9999.0 -9999.0
03099 201204  6.101 -107.6082   40.9480    16.3    -1.2     7.5     8.1    14.7 -9999.0 U -9999.0 -9999.0 -9999.0
03099 201205  6.101 -107.6082   40.9480    21.4     1.1    11.3    12.4     8.8 -9999.0 U -9999.0 -9999.0 -9999.0
03099 201206  6.101 -107.6082   40.9480    29.7     6.9    18.3    19.8     0.0 -9999.0 U -9999.0 -9999.0 -9999.0
03099 201207  6.101 -107.6082   40.9480    30.5    11.3    20.9    21.3    23.3 -9999.0 U -9999.0 -9999.0 -9999.0
03099 201208  6.101 -107.6082   40.9480    29.7     9.6    19.6    20.3    14.3 -9999.0 U -9999.0 -9999.0 -9999.0
03099 201209  6.101 -107.6082   40.9480    23.9     4.7    14.3    14.6    28.4 -9999.0 U -9999.0 -9999.0 -9999.0
03099 201210  6.101 -107.6082   40.9480    14.6    -1.2     6.7     6.8     7.4 -9999.0 U -9999.0 -9999.0 -9999.0
03099 201211  6.101 -107.6082   40.9480    10.1    -3.8     3.1     3.0    12.9 -9999.0 U -9999.0 -9999.0 -9999.0
03099 201212  6.101 -107.6082   40.9480     0.6    -9.6    -4.5    -4.4    20.0 -9999.0 U -9999.0 -9999.0 -9999.0
03099 201301  6.101 -107.6082   40.9480    -4.1   -17.2   -10.6   -10.5    17.4 -9999.0 U -9999.0 -9999.0 -9999.0
03099 201302  6.101 -107.6082   40.9480    -0.9   -12.7    -6.8    -6.1    11.9 -9999.0 U -9999.0 -9999.0 -9999.0
03099 201303  6.101 -107.6082   40.9480     7.1    -6.0     0.5     0.9    11.8 -9999.0 U -9999.0 -9999.0 -9999.0
03099 201304  6.101 -107.6082   40.9480     9.5    -4.3     2.6     2.7    38.3 -9999.0 U -9999.0 -9999.0 -9999.0
03099 201305  6.101 -107.6082   40.9480    19.1     2.0    10.6    11.0    39.9 -9999.0 U -9999.0 -9999.0 -9999.0
03099 201306  6.101 -107.6082   40.9480    28.4     5.6    17.0    18.4     2.4 -9999.0 U -9999.0 -9999.0 -9999.0
03099 201307  6.101 -107.6082   40.9480    30.6    10.4    20.5    21.2    13.3 -9999.0 U -9999.0 -9999.0 -9999.0
03099 201308  6.101 -107.6082   40.9480    29.1    10.6    19.8    19.9     9.2 -9999.0 U -9999.0 -9999.0 -9999.0
03099 201309  6.101 -107.6082   40.9480    22.8     7.2    15.0    15.0    46.4 -9999.0 U -9999.0 -9999.0 -9999.0
03099 201310  6.101 -107.6082   40.9480    11.8    -2.0     4.9     4.6    60.0 -9999.0 U -9999.0 -9999.0 -9999.0
03099 201311  6.101 -107.6082   40.9480     5.1    -7.3    -1.1    -1.2    21.9 -9999.0 U -9999.0 -9999.0 -9999.0
03099 201312  6.101 -107.6082   40.9480    -2.4   -13.8    -8.1    -7.4    13.7 -9999.0 U -9999.0 -9999.0 -9999.0
03099 201401  6.101 -107.6082   40.9480     0.5   -11.8    -5.7    -5.3     6.8 -9999.0 U -9999.0 -9999.0 -9999.0
03099 201402  6.101 -107.6082   40.9480     3.0    -8.3    -2.7    -2.5     9.9 -9999.0 U -9999.0 -9999.0 -9999.0
03099 201403  6.101 -107.6082   40.9480     9.1    -5.0     2.0     2.0    23.6 -9999.0 U -9999.0 -9999.0 -9999.0
03099 201404  6.101 -107.6082   40.9480    12.5    -2.7     4.9     5.2    19.3 -9999.0 U -9999.0 -9999.0 -9999.0
03099 201405  6.101 -107.6082   40.9480    19.1     2.2    10.7    11.2    39.7 -9999.0 U -9999.0 -9999.0 -9999.0
03099 201406  6.101 -107.6082   40.9480 -9999.0 -9999.0 -9999.0 -9999.0 -9999.0 -9999.0 U -9999.0 -9999.0 -9999.0
