63862 200605  5.001  -85.6171   34.5653 -9999.0 -9999.0 -9999.0 -9999.0 -9999.0 -9999.0 U -9999.0 -9999.0 -9999.0
63862 200606  5.001  -85.6171   34.5653    30.1    15.4    22.8    22.4    26.1 -9999.0 U -9999.0 -9999.0 -9999.0
63862 200607  5.001  -85.6171   34.5653    32.1    19.4    25.7    25.2    65.3 -9999.0 U -9999.0 -9999.0 -9999.0
63862 200608  5.001  -85.6171   34.5653    33.3    20.7    27.0    26.0   113.3 -9999.0 U -9999.0 -9999.0 -9999.0
63862 200609  5.001  -85.6171   34.5653    26.2    13.4    19.8    19.5    98.6 -9999.0 U -9999.0 -9999.0 -9999.0
63862 200610  5.001  -85.6171   34.5653    20.5     6.9    13.7    13.4   164.0 -9999.0 U -9999.0 -9999.0 -9999.0
63862 200611  5.001  -85.6171   34.5653    16.3     2.7     9.5     9.0    83.5 -9999.0 U -9999.0 -9999.0 -9999.0
63862 200612  5.001  -85.6171   34.5653    14.0     0.1     7.1     6.6    69.2 -9999.0 U -9999.0 -9999.0 -9999.0
63862 200701  5.001  -85.6171   34.5653    10.6    -0.5     5.0     5.3    71.4 -9999.0 U -9999.0 -9999.0 -9999.0
63862 200702  5.001  -85.6171   34.5653    10.8    -3.6     3.6     3.5    53.1 -9999.0 U -9999.0 -9999.0 -9999.0
63862 200703  5.001  -85.6171   34.5653    21.0     5.3    13.2    13.0    49.0 -9999.0 U -9999.0 -9999.0 -9999.0
63862 200704  5.001  -85.6171   34.5653    19.8     4.7    12.2    12.4   113.2 -9999.0 U -9999.0 -9999.0 -9999.0
63862 200705  5.001  -85.6171   34.5653    27.5    11.6    19.6    19.7    20.3 -9999.0 U -9999.0 -9999.0 -9999.0
63862 200706  5.001  -85.6171   34.5653    31.3    16.2    23.7    23.5    71.0 -9999.0 U -9999.0 -9999.0 -9999.0
63862 200707  5.001  -85.6171   34.5653    28.8    18.7    23.7    23.0   121.9 -9999.0 U -9999.0 -9999.0 -9999.0
63862 200708  5.001  -85.6171   34.5653    34.4    20.0    27.2    26.4    52.0 -9999.0 U -9999.0 -9999.0 -9999.0
63862 200709  5.001  -85.6171   34.5653    29.5    15.7    22.6    22.2   129.6 -9999.0 U -9999.0 -9999.0 -9999.0
63862 200710  5.001  -85.6171   34.5653    23.7    11.4    17.5    17.1    76.9 -9999.0 U -9999.0 -9999.0 -9999.0
63862 200711  5.001  -85.6171   34.5653    16.7     1.4     9.0     8.6    67.5 -9999.0 U -9999.0 -9999.0 -9999.0
63862 200712  5.001  -85.6171   34.5653    13.8     2.4     8.1     8.1    85.6 -9999.0 U -9999.0 -9999.0 -9999.0
63862 200801  5.001  -85.6171   34.5653     9.1    -2.0     3.5     3.7   115.6 -9999.0 U -9999.0 -9999.0 -9999.0
63862 200802  5.001  -85.6171   34.5653    13.4    -0.5     6.5     6.4   143.3 -9999.0 U -9999.0 -9999.0 -9999.0
63862 200803  5.001  -85.6171   34.5653    17.0     2.5     9.7     9.7   107.8 -9999.0 U -9999.0 -9999.0 -9999.0
63862 200804  5.001  -85.6171   34.5653    21.1     8.7    14.9    14.7   124.4 -9999.0 U -9999.0 -9999.0 -9999.0
63862 200805  5.001  -85.6171   34.5653    24.8    12.2    18.5    18.4    89.5 -9999.0 U -9999.0 -9999.0 -9999.0
63862 200806  5.001  -85.6171   34.5653    30.3    16.7    23.5    23.1    32.0 -9999.0 U -9999.0 -9999.0 -9999.0
63862 200807  5.001  -85.6171   34.5653    30.7    18.0    24.4    23.7   187.8 -9999.0 U -9999.0 -9999.0 -9999.0
63862 200808  5.001  -85.6171   34.5653    29.8    17.8    23.8    23.2   174.6 -9999.0 U -9999.0 -9999.0 -9999.0
63862 200809  5.001  -85.6171   34.5653    27.3    16.1    21.7    21.2    36.3 -9999.0 U -9999.0 -9999.0 -9999.0
63862 200810  5.001  -85.6171   34.5653    20.9     7.3    14.1    13.6    63.2 -9999.0 U -9999.0 -9999.0 -9999.0
63862 200811  5.001  -85.6171   34.5653    14.6     0.1     7.3     6.9    75.7 -9999.0 U -9999.0 -9999.0 -9999.0
63862 200812  5.001  -85.6171   34.5653    11.8     1.7     6.8     6.7   242.2 -9999.0 U -9999.0 -9999.0 -9999.0
63862 200901  5.001  -85.6171   34.5653     9.7    -2.1     3.8     3.7   163.5 -9999.0 U -9999.0 -9999.0 -9999.0
63862 200902  5.001  -85.6171   34.5653    13.0    -1.8     5.6     5.6   106.5 -9999.0 U -9999.0 -9999.0 -9999.0
63862 200903  5.001  -85.6171   34.5653    17.1     4.3    10.7    10.9   108.1 -9999.0 U -9999.0 -9999.0 -9999.0
63862 200904  5.001  -85.6171   34.5653    21.2     6.7    14.0    14.2    94.2 -9999.0 U -9999.0 -9999.0 -9999.0
63862 200905  5.001  -85.6171   34.5653    24.2    14.7    19.5    19.2   213.9 -9999.0 U -9999.0 -9999.0 -9999.0
63862 200906  5.101  -85.6171   34.5653    30.3    17.2    23.7    23.4    32.7 -9999.0 U -9999.0 -9999.0 -9999.0
63862 200907  5.101  -85.6171   34.5653    29.1    17.2    23.2    22.9    90.7 -9999.0 U -9999.0 -9999.0 -9999.0
63862 200908  5.101  -85.6171   34.5653    29.6    18.4    24.0    23.4    90.3 -9999.0 U -9999.0 -9999.0 -9999.0
63862 200909  5.101  -85.6171   34.5653    25.8    17.0    21.4    20.8   288.8 -9999.0 U -9999.0 -9999.0 -9999.0
63862 200910  5.101  -85.6171   34.5653    19.6     8.7    14.2    14.0   236.6 -9999.0 U -9999.0 -9999.0 -9999.0
63862 200911  5.101  -85.6171   34.5653    17.0     2.2     9.6     8.8    93.7 -9999.0 U -9999.0 -9999.0 -9999.0
63862 200912  5.101  -85.6171   34.5653     8.7    -0.7     4.0     4.0   179.0 -9999.0 U -9999.0 -9999.0 -9999.0
63862 201001  5.101  -85.6171   34.5653     6.6    -4.7     0.9     0.8   138.0 -9999.0 U -9999.0 -9999.0 -9999.0
63862 201002  5.101  -85.6171   34.5653     7.1    -3.6     1.8     1.5    84.8 -9999.0 U -9999.0 -9999.0 -9999.0
63862 201003  5.101  -85.6171   34.5653    13.9     1.6     7.8     7.8   122.2 -9999.0 U -9999.0 -9999.0 -9999.0
63862 201004  5.101  -85.6171   34.5653    23.7     7.1    15.4    15.5   151.3 -9999.0 U -9999.0 -9999.0 -9999.0
63862 201005  5.101  -85.6171   34.5653    26.5    14.1    20.3    20.1   168.9 -9999.0 U -9999.0 -9999.0 -9999.0
63862 201006  5.101  -85.6171   34.5653    30.5    19.2    24.9    24.2   103.6 -9999.0 U -9999.0 -9999.0 -9999.0
63862 201007  5.101  -85.6171   34.5653    31.7    20.1    25.9    25.1   194.7 -9999.0 U -9999.0 -9999.0 -9999.0
63862 201008  5.101  -85.6171   34.5653    31.8    21.1    26.5    25.6    76.3 -9999.0 U -9999.0 -9999.0 -9999.0
63862 201009  5.101  -85.6171   34.5653    29.9    14.6    22.2    21.7    46.3 -9999.0 U -9999.0 -9999.0 -9999.0
63862 201010  5.101  -85.6171   34.5653    24.0     5.7    14.8    14.1   101.1 -9999.0 U -9999.0 -9999.0 -9999.0
63862 201011  5.101  -85.6171   34.5653    17.0     2.6     9.8     9.4   172.4 -9999.0 U -9999.0 -9999.0 -9999.0
63862 201012  5.101  -85.6171   34.5653     6.3    -4.1     1.1     1.0    36.9 -9999.0 U -9999.0 -9999.0 -9999.0
63862 201101  5.101  -85.6171   34.5653     7.3    -3.7     1.8     1.7   116.5 -9999.0 U -9999.0 -9999.0 -9999.0
63862 201102  5.101  -85.6171   34.5653    14.2     0.0     7.1     7.1    56.3 -9999.0 U -9999.0 -9999.0 -9999.0
63862 201103  5.101  -85.6171   34.5653    16.9     4.7    10.8    10.6   270.5 -9999.0 U -9999.0 -9999.0 -9999.0
63862 201104  5.101  -85.6171   34.5653    23.3     8.9    16.1    16.3   174.8 -9999.0 U -9999.0 -9999.0 -9999.0
63862 201105  5.101  -85.6171   34.5653    25.3    11.9    18.6    18.5    52.1 -9999.0 U -9999.0 -9999.0 -9999.0
63862 201106  5.101  -85.6171   34.5653    31.0    17.4    24.2    23.5   143.0 -9999.0 U -9999.0 -9999.0 -9999.0
63862 201107  5.101  -85.6171   34.5653    31.0    20.3    25.7    24.9   154.9 -9999.0 U -9999.0 -9999.0 -9999.0
63862 201108  5.101  -85.6171   34.5653    31.8    18.6    25.2    24.4    71.5 -9999.0 U -9999.0 -9999.0 -9999.0
63862 201109  5.101  -85.6171   34.5653    25.0    13.7    19.3    18.9   261.1 -9999.0 U -9999.0 -9999.0 -9999.0
63862 201110  5.101  -85.6171   34.5653    20.3     6.3    13.3    12.4    34.8 -9999.0 U -9999.0 -9999.0 -9999.0
63862 201111  5.101  -85.6171   34.5653    16.2     4.6    10.4    10.6   196.3 -9999.0 U -9999.0 -9999.0 -9999.0
63862 201112  5.101  -85.6171   34.5653    13.2     1.6     7.4     7.1   149.7 -9999.0 U -9999.0 -9999.0 -9999.0
63862 201201  5.101  -85.6171   34.5653    12.9     0.4     6.7     6.6   145.3 -9999.0 U -9999.0 -9999.0 -9999.0
63862 201202  5.101  -85.6171   34.5653    14.4     1.0     7.7     8.1    90.6 -9999.0 U -9999.0 -9999.0 -9999.0
63862 201203  5.101  -85.6171   34.5653    22.2     8.7    15.4    15.5   100.3 -9999.0 U -9999.0 -9999.0 -9999.0
63862 201204  5.101  -85.6171   34.5653    22.9     8.7    15.8    15.5    54.0 -9999.0 U -9999.0 -9999.0 -9999.0
63862 201205  5.101  -85.6171   34.5653    27.1    14.3    20.7    20.4   108.9 -9999.0 U -9999.0 -9999.0 -9999.0
63862 201206  5.101  -85.6171   34.5653    29.0    16.0    22.5    22.4   123.1 -9999.0 U -9999.0 -9999.0 -9999.0
63862 201207  5.101  -85.6171   34.5653    31.4    20.0    25.7    25.0   118.1 -9999.0 U -9999.0 -9999.0 -9999.0
63862 201208  5.101  -85.6171   34.5653    29.4    17.9    23.6    23.1    76.6 -9999.0 U -9999.0 -9999.0 -9999.0
63862 201209  5.101  -85.6171   34.5653    26.1    13.7    19.9    19.4   185.7 -9999.0 U -9999.0 -9999.0 -9999.0
63862 201210  5.101  -85.6171   34.5653    20.2     7.6    13.9    13.5    52.5 -9999.0 U -9999.0 -9999.0 -9999.0
63862 201211  5.101  -85.6171   34.5653    16.2    -0.3     7.9     7.4    32.6 -9999.0 U -9999.0 -9999.0 -9999.0
63862 201212  5.101  -85.6171   34.5653    13.4     2.7     8.1     8.0   163.9 -9999.0 U -9999.0 -9999.0 -9999.0
63862 201301  5.101  -85.6171   34.5653    11.3     2.0     6.7     6.5   278.5 -9999.0 U -9999.0 -9999.0 -9999.0
63862 201302  5.101  -85.6171   34.5653    10.9    -0.5     5.2     5.3   118.4 -9999.0 U -9999.0 -9999.0 -9999.0
63862 201303  5.101  -85.6171   34.5653    13.0     0.8     6.9     7.0   132.8 -9999.0 U -9999.0 -9999.0 -9999.0
63862 201304  5.101  -85.6171   34.5653    20.9     7.9    14.4    14.5   155.0 -9999.0 U -9999.0 -9999.0 -9999.0
63862 201305  5.101  -85.6171   34.5653    23.8    11.8    17.8    17.7   124.0 -9999.0 U -9999.0 -9999.0 -9999.0
63862 201306  5.101  -85.6171   34.5653    28.7    18.1    23.4    22.9    91.3 -9999.0 U -9999.0 -9999.0 -9999.0
63862 201307  5.101  -85.6171   34.5653    28.1    19.2    23.6    23.1   187.1 -9999.0 U -9999.0 -9999.0 -9999.0
63862 201308  5.101  -85.6171   34.5653    28.1    18.8    23.4    22.8   145.4 -9999.0 U -9999.0 -9999.0 -9999.0
63862 201309  5.101  -85.6171   34.5653    26.7    15.4    21.1    20.6    75.3 -9999.0 U -9999.0 -9999.0 -9999.0
63862 201310  5.101  -85.6171   34.5653    21.8     8.7    15.3    15.0    11.3 -9999.0 U -9999.0 -9999.0 -9999.0
63862 201311  5.101  -85.6171   34.5653    13.9     1.6     7.8     7.7   130.9 -9999.0 U -9999.0 -9999.0 -9999.0
63862 201312  5.101  -85.6171   34.5653    11.7     1.0     6.3     6.1   202.8 -9999.0 U -9999.0 -9999.0 -9999.0
63862 201401  5.101  -85.6171   34.5653     6.3    -7.3    -0.5    -0.3    47.7 -9999.0 U -9999.0 -9999.0 -9999.0
63862 201402  5.101  -85.6171   34.5653    11.5    -1.3     5.1     5.1   137.1 -9999.0 U -9999.0 -9999.0 -9999.0
63862 201403  5.101  -85.6171   34.5653    16.0     1.5     8.8     8.6    78.8 -9999.0 U -9999.0 -9999.0 -9999.0
63862 201404  5.101  -85.6171   34.5653    21.7     7.6    14.7    15.0   230.5 -9999.0 U -9999.0 -9999.0 -9999.0
63862 201405  5.101  -85.6171   34.5653    25.7    12.3    19.0    18.8    62.2 -9999.0 U -9999.0 -9999.0 -9999.0
63862 201406  5.101  -85.6171   34.5653    28.4    18.3    23.3    22.4   194.1 -9999.0 U -9999.0 -9999.0 -9999.0
63862 201407  5.101  -85.6171   34.5653    28.2    17.1    22.7    22.4    68.4 -9999.0 U -9999.0 -9999.0 -9999.0
63862 201408  5.101  -85.6171   34.5653    29.8    17.7    23.7    23.0   121.7 -9999.0 U -9999.0 -9999.0 -9999.0
63862 201409  5.101  -85.6171   34.5653    27.5    17.3    22.4    21.6    74.3 -9999.0 U -9999.0 -9999.0 -9999.0
63862 201410  5.101  -85.6171   34.5653    22.1     8.8    15.4    14.8   213.5 -9999.0 U -9999.0 -9999.0 -9999.0
63862 201411  5.101  -85.6171   34.5653    12.9    -0.5     6.2     6.2    82.4 -9999.0 U -9999.0 -9999.0 -9999.0
63862 201412  5.101  -85.6171   34.5653    11.7     1.3     6.5     6.3   139.9 -9999.0 U -9999.0 -9999.0 -9999.0
63862 201501  5.101  -85.6171   34.5653     9.0    -2.6     3.2     3.1    80.3 -9999.0 U -9999.0 -9999.0 -9999.0
63862 201502  5.101  -85.6171   34.5653     7.0    -5.1     0.9     0.8    93.0 -9999.0 U -9999.0 -9999.0 -9999.0
63862 201503  5.101  -85.6171   34.5653    17.3     4.7    11.0    10.9    89.9 -9999.0 U -9999.0 -9999.0 -9999.0
63862 201504  5.101  -85.6171   34.5653    22.0     9.3    15.6    16.0   137.1 -9999.0 U -9999.0 -9999.0 -9999.0
63862 201505  5.101  -85.6171   34.5653    26.5    13.5    20.0    19.8    71.2 -9999.0 U -9999.0 -9999.0 -9999.0
63862 201506  5.101  -85.6171   34.5653    30.1    17.9    24.0    23.6    97.6 -9999.0 U -9999.0 -9999.0 -9999.0
63862 201507  5.101  -85.6171   34.5653    30.7    19.7    25.2    24.6   101.5 -9999.0 U -9999.0 -9999.0 -9999.0
63862 201508  5.101  -85.6171   34.5653    29.0    17.7    23.4    22.8   138.0 -9999.0 U -9999.0 -9999.0 -9999.0
63862 201509  5.101  -85.6171   34.5653    26.5    15.6    21.0    20.6    79.4 -9999.0 U -9999.0 -9999.0 -9999.0
63862 201510  5.101  -85.6171   34.5653    21.2     9.4    15.3    14.9   119.8 -9999.0 U -9999.0 -9999.0 -9999.0
63862 201511  5.101  -85.6171   34.5653    17.7     7.6    12.6    12.5   138.7 -9999.0 U -9999.0 -9999.0 -9999.0
63862 201512  5.101  -85.6171   34.5653    16.4     6.3    11.4    11.4   282.5 -9999.0 U -9999.0 -9999.0 -9999.0
63862 201601  5.101  -85.6171   34.5653     8.5    -2.9     2.8     2.6 -9999.0 -9999.0 U -9999.0 -9999.0 -9999.0
63862 201602  5.101  -85.6171   34.5653    12.2     1.0     6.6     6.3   247.8 -9999.0 U -9999.0 -9999.0 -9999.0
63862 201603  5.101  -85.6171   34.5653    19.0     6.0    12.5    12.9   110.3 -9999.0 U -9999.0 -9999.0 -9999.0
63862 201604  5.101  -85.6171   34.5653    22.2     7.7    14.9    15.2    53.0 -9999.0 U -9999.0 -9999.0 -9999.0
63862 201605  5.101  -85.6171   34.5653    25.4    11.6    18.5    18.5    46.3 -9999.0 U -9999.0 -9999.0 -9999.0
63862 201606  5.101  -85.6171   34.5653    31.1    17.1    24.1    23.7    59.6 -9999.0 U -9999.0 -9999.0 -9999.0
63862 201607  5.101  -85.6171   34.5653    31.7    20.1    25.9    25.0   153.1 -9999.0 U -9999.0 -9999.0 -9999.0
63862 201608  5.101  -85.6171   34.5653    31.2    20.6    25.9    24.9   121.1 -9999.0 U -9999.0 -9999.0 -9999.0
63862 201609  5.101  -85.6171   34.5653    30.6    16.6    23.6    22.8    13.2 -9999.0 U -9999.0 -9999.0 -9999.0
63862 201610  5.101  -85.6171   34.5653    26.1    10.1    18.1    17.6    18.8 -9999.0 U -9999.0 -9999.0 -9999.0
63862 201611  5.101  -85.6171   34.5653    19.7     3.0    11.4    11.1   119.8 -9999.0 U -9999.0 -9999.0 -9999.0
63862 201612  5.101  -85.6171   34.5653    12.1     0.2     6.2     6.3   102.3 -9999.0 U -9999.0 -9999.0 -9999.0
63862 201701  5.101  -85.6171   34.5653 -9999.0 -9999.0 -9999.0 -9999.0 -9999.0 -9999.0 U -9999.0 -9999.0 -9999.0
63862 201702  5.101  -85.6171   34.5653 -9999.0 -9999.0 -9999.0 -9999.0 -9999.0 -9999.0 U -9999.0 -9999.0 -9999.0
63862 201703  5.101  -85.6171   34.5653    17.6     4.1    10.8    10.9   150.3 -9999.0 U -9999.0 -9999.0 -9999.0
63862 201704  5.101  -85.6171   34.5653    24.3    10.3    17.3    17.2   145.9 -9999.0 U -9999.0 -9999.0 -9999.0
63862 201705  5.101  -85.6171   34.5653 -9999.0 -9999.0 -9999.0 -9999.0 -9999.0 -9999.0 U -9999.0 -9999.0 -9999.0
63862 201706  5.101  -85.6171   34.5653    27.6    16.9    22.2    21.9   220.1 -9999.0 U -9999.0 -9999.0 -9999.0
63862 201707  5.101  -85.6171   34.5653 -9999.0 -9999.0 -9999.0 -9999.0 -9999.0 -9999.0 U -9999.0 -9999.0 -9999.0
