53181 201106  6.101 -109.6349   32.8563 -9999.0 -9999.0 -9999.0 -9999.0 -9999.0 -9999.0 U -9999.0 -9999.0 -9999.0
53181 201107  6.101 -109.6349   32.8563    38.2    23.1    30.6    30.3    30.2 -9999.0 U -9999.0 -9999.0 -9999.0
53181 201108  6.101 -109.6349   32.8563    38.1    22.9    30.5    30.2    37.4 -9999.0 U -9999.0 -9999.0 -9999.0
53181 201109  6.101 -109.6349   32.8563    34.0    18.5    26.2    26.3    35.6 -9999.0 U -9999.0 -9999.0 -9999.0
53181 201110  6.101 -109.6349   32.8563    28.7    10.6    19.6    19.6     1.7 -9999.0 U -9999.0 -9999.0 -9999.0
53181 201111  6.101 -109.6349   32.8563    19.9     4.6    12.2    12.0     2.9 -9999.0 U -9999.0 -9999.0 -9999.0
53181 201112  6.101 -109.6349   32.8563    12.3     0.2     6.3     5.9    37.5 -9999.0 U -9999.0 -9999.0 -9999.0
53181 201201  6.101 -109.6349   32.8563    17.1     0.8     9.0     8.6     3.7 -9999.0 U -9999.0 -9999.0 -9999.0
53181 201202  6.101 -109.6349   32.8563    18.4     2.1    10.2    10.2    21.1 -9999.0 U -9999.0 -9999.0 -9999.0
53181 201203  6.101 -109.6349   32.8563    23.1     2.6    12.9    13.5     3.7 -9999.0 U -9999.0 -9999.0 -9999.0
53181 201204  6.101 -109.6349   32.8563    29.2     8.8    19.0    19.8     1.9 -9999.0 U -9999.0 -9999.0 -9999.0
53181 201205  6.101 -109.6349   32.8563    34.1    14.1    24.1    25.1     2.1 -9999.0 U -9999.0 -9999.0 -9999.0
53181 201206  6.101 -109.6349   32.8563    39.7    20.4    30.1    31.0     0.0 -9999.0 U -9999.0 -9999.0 -9999.0
53181 201207  6.101 -109.6349   32.8563    36.6    22.2    29.4    28.8    58.8 -9999.0 U -9999.0 -9999.0 -9999.0
53181 201208  6.101 -109.6349   32.8563    37.0    22.3    29.7    29.6    32.1 -9999.0 U -9999.0 -9999.0 -9999.0
53181 201209  6.101 -109.6349   32.8563    32.9    17.0    25.0    24.8    33.9 -9999.0 U -9999.0 -9999.0 -9999.0
53181 201210  6.101 -109.6349   32.8563    29.7     9.9    19.8    20.2     0.0 -9999.0 U -9999.0 -9999.0 -9999.0
53181 201211  6.101 -109.6349   32.8563    23.0     5.1    14.1    13.9     3.8 -9999.0 U -9999.0 -9999.0 -9999.0
53181 201212  6.101 -109.6349   32.8563    15.7     0.5     8.1     7.9    18.0 -9999.0 U -9999.0 -9999.0 -9999.0
53181 201301  6.101 -109.6349   32.8563    13.7    -1.9     5.9     5.8     4.6 -9999.0 U -9999.0 -9999.0 -9999.0
53181 201302  6.101 -109.6349   32.8563    16.3    -0.7     7.8     8.0     1.8 -9999.0 U -9999.0 -9999.0 -9999.0
53181 201303  6.101 -109.6349   32.8563    24.9     5.4    15.1    15.8     1.4 -9999.0 U -9999.0 -9999.0 -9999.0
53181 201304  6.101 -109.6349   32.8563    28.0     8.5    18.3    19.4     1.2 -9999.0 U -9999.0 -9999.0 -9999.0
53181 201305  6.101 -109.6349   32.8563    32.4    14.8    23.6    24.3     1.7 -9999.0 U -9999.0 -9999.0 -9999.0
53181 201306  6.101 -109.6349   32.8563    40.1    20.5    30.3    31.2     0.0 -9999.0 U -9999.0 -9999.0 -9999.0
53181 201307  6.101 -109.6349   32.8563    36.0    22.4    29.2    28.6    71.6 -9999.0 U -9999.0 -9999.0 -9999.0
53181 201308  6.101 -109.6349   32.8563    36.0    21.7    28.9    28.5    31.3 -9999.0 U -9999.0 -9999.0 -9999.0
53181 201309  6.101 -109.6349   32.8563    32.6    18.3    25.4    25.3    67.5 -9999.0 U -9999.0 -9999.0 -9999.0
53181 201310  6.101 -109.6349   32.8563    27.3     9.0    18.2    18.5     0.0 -9999.0 U -9999.0 -9999.0 -9999.0
53181 201311  6.101 -109.6349   32.8563    20.5     5.9    13.2    13.2    34.2 -9999.0 U -9999.0 -9999.0 -9999.0
53181 201312  6.101 -109.6349   32.8563    14.8     0.6     7.7     7.5     6.6 -9999.0 U -9999.0 -9999.0 -9999.0
53181 201401  6.101 -109.6349   32.8563    18.3     0.3     9.3     9.0     0.0 -9999.0 U -9999.0 -9999.0 -9999.0
53181 201402  6.101 -109.6349   32.8563    21.6     3.7    12.6    12.9     0.0 -9999.0 U -9999.0 -9999.0 -9999.0
53181 201403  6.101 -109.6349   32.8563    23.6     6.0    14.8    15.3     8.2 -9999.0 U -9999.0 -9999.0 -9999.0
53181 201404  6.101 -109.6349   32.8563    27.4     8.9    18.1    18.9     0.2 -9999.0 U -9999.0 -9999.0 -9999.0
53181 201405  6.101 -109.6349   32.8563    32.0    13.0    22.5    23.8     0.0 -9999.0 U -9999.0 -9999.0 -9999.0
53181 201406  6.101 -109.6349   32.8563 -9999.0 -9999.0 -9999.0 -9999.0 -9999.0 -9999.0 U -9999.0 -9999.0 -9999.0
