53016 201008  6.101 -104.9303   34.1373 -9999.0 -9999.0 -9999.0 -9999.0 -9999.0 -9999.0 U -9999.0 -9999.0 -9999.0
53016 201009  6.101 -104.9303   34.1373    29.0    13.8    21.4    21.1    48.5 -9999.0 U -9999.0 -9999.0 -9999.0
53016 201010  6.101 -104.9303   34.1373    22.7     7.4    15.1    14.8    30.0 -9999.0 U -9999.0 -9999.0 -9999.0
53016 201011  6.101 -104.9303   34.1373    16.3    -0.7     7.8     7.8     4.3 -9999.0 U -9999.0 -9999.0 -9999.0
53016 201012  6.101 -104.9303   34.1373    13.3    -1.2     6.0     6.0     3.7 -9999.0 U -9999.0 -9999.0 -9999.0
53016 201101  6.101 -104.9303   34.1373    12.4    -5.1     3.6     3.5     1.6 -9999.0 U -9999.0 -9999.0 -9999.0
53016 201102  6.101 -104.9303   34.1373    11.3    -5.7     2.8     3.1     8.3 -9999.0 U -9999.0 -9999.0 -9999.0
53016 201103  6.101 -104.9303   34.1373    21.7     1.9    11.8    12.3     0.0 -9999.0 U -9999.0 -9999.0 -9999.0
53016 201104  6.101 -104.9303   34.1373    24.8     5.9    15.3    16.2     0.0 -9999.0 U -9999.0 -9999.0 -9999.0
53016 201105  6.101 -104.9303   34.1373    26.6     7.7    17.1    18.1     0.0 -9999.0 U -9999.0 -9999.0 -9999.0
53016 201106  6.101 -104.9303   34.1373    34.6    15.9    25.2    26.0     8.6 -9999.0 U -9999.0 -9999.0 -9999.0
53016 201107  6.101 -104.9303   34.1373    34.1    18.1    26.1    26.3     9.6 -9999.0 U -9999.0 -9999.0 -9999.0
53016 201108  6.101 -104.9303   34.1373    34.6    18.4    26.5    26.3    18.4 -9999.0 U -9999.0 -9999.0 -9999.0
53016 201109  6.101 -104.9303   34.1373    28.2    12.7    20.4    20.1    34.5 -9999.0 U -9999.0 -9999.0 -9999.0
53016 201110  6.101 -104.9303   34.1373    22.5     6.3    14.4    14.3    37.0 -9999.0 U -9999.0 -9999.0 -9999.0
53016 201111  6.101 -104.9303   34.1373    15.9     0.8     8.3     8.3     0.3 -9999.0 U -9999.0 -9999.0 -9999.0
53016 201112  6.101 -104.9303   34.1373     4.7    -4.7     0.0     0.0    25.3 -9999.0 U -9999.0 -9999.0 -9999.0
53016 201201  6.101 -104.9303   34.1373    13.8    -1.9     5.9     5.8     0.0 -9999.0 U -9999.0 -9999.0 -9999.0
53016 201202  6.101 -104.9303   34.1373    12.0    -3.9     4.0     4.0     1.6 -9999.0 U -9999.0 -9999.0 -9999.0
53016 201203  6.101 -104.9303   34.1373    20.6     2.0    11.3    11.5     5.3 -9999.0 U -9999.0 -9999.0 -9999.0
53016 201204  6.101 -104.9303   34.1373    24.7     6.4    15.6    16.0     6.1 -9999.0 U -9999.0 -9999.0 -9999.0
53016 201205  6.101 -104.9303   34.1373    27.8    10.9    19.3    19.7     4.2 -9999.0 U -9999.0 -9999.0 -9999.0
53016 201206  6.101 -104.9303   34.1373    34.4    15.7    25.0    25.6     5.3 -9999.0 U -9999.0 -9999.0 -9999.0
53016 201207  6.101 -104.9303   34.1373    32.2    17.5    24.8    24.7    51.9 -9999.0 U -9999.0 -9999.0 -9999.0
53016 201208  6.101 -104.9303   34.1373    32.2    17.1    24.6    24.3    51.8 -9999.0 U -9999.0 -9999.0 -9999.0
53016 201209  6.101 -104.9303   34.1373    27.7    12.4    20.1    19.9    43.4 -9999.0 U -9999.0 -9999.0 -9999.0
53016 201210  6.101 -104.9303   34.1373    23.0     6.8    14.9    14.7     7.2 -9999.0 U -9999.0 -9999.0 -9999.0
53016 201211  6.101 -104.9303   34.1373    19.0     2.0    10.5    10.3     0.0 -9999.0 U -9999.0 -9999.0 -9999.0
53016 201212  6.101 -104.9303   34.1373    11.5    -3.8     3.9     4.1     4.3 -9999.0 U -9999.0 -9999.0 -9999.0
53016 201301  6.101 -104.9303   34.1373    10.0    -4.4     2.8     2.6     1.9 -9999.0 U -9999.0 -9999.0 -9999.0
53016 201302  6.101 -104.9303   34.1373    12.2    -3.2     4.5     4.4     2.7 -9999.0 U -9999.0 -9999.0 -9999.0
53016 201303  6.101 -104.9303   34.1373    18.6     0.8     9.7    10.1     0.0 -9999.0 U -9999.0 -9999.0 -9999.0
53016 201304  6.101 -104.9303   34.1373    22.2     3.8    13.0    13.5     0.0 -9999.0 U -9999.0 -9999.0 -9999.0
53016 201305  6.101 -104.9303   34.1373    26.8     9.1    18.0    18.6     4.1 -9999.0 U -9999.0 -9999.0 -9999.0
53016 201306  6.101 -104.9303   34.1373    33.5    15.7    24.6    24.8    30.1 -9999.0 U -9999.0 -9999.0 -9999.0
53016 201307  6.101 -104.9303   34.1373    29.6    16.7    23.2    23.0    71.4 -9999.0 U -9999.0 -9999.0 -9999.0
53016 201308  6.101 -104.9303   34.1373    30.9    16.1    23.5    23.2    66.5 -9999.0 U -9999.0 -9999.0 -9999.0
53016 201309  6.101 -104.9303   34.1373    26.3    13.4    19.8    19.8    68.0 -9999.0 U -9999.0 -9999.0 -9999.0
53016 201310  6.101 -104.9303   34.1373    21.6     4.9    13.3    13.1     6.9 -9999.0 U -9999.0 -9999.0 -9999.0
53016 201311  6.101 -104.9303   34.1373    14.3    -0.1     7.1     6.9     7.3 -9999.0 U -9999.0 -9999.0 -9999.0
53016 201312  6.101 -104.9303   34.1373    10.2    -3.7     3.3     2.9     4.6 -9999.0 U -9999.0 -9999.0 -9999.0
53016 201401  6.101 -104.9303   34.1373    13.1    -4.5     4.3     4.5     0.0 -9999.0 U -9999.0 -9999.0 -9999.0
53016 201402  6.101 -104.9303   34.1373    13.8    -2.3     5.7     5.9     4.3 -9999.0 U -9999.0 -9999.0 -9999.0
53016 201403  6.101 -104.9303   34.1373    17.6    -0.1     8.7     9.3     3.6 -9999.0 U -9999.0 -9999.0 -9999.0
53016 201404  6.101 -104.9303   34.1373    21.4     4.2    12.8    13.4    13.4 -9999.0 U -9999.0 -9999.0 -9999.0
53016 201405  6.101 -104.9303   34.1373    25.8     9.5    17.6    18.2    34.5 -9999.0 U -9999.0 -9999.0 -9999.0
53016 201406  6.101 -104.9303   34.1373 -9999.0 -9999.0 -9999.0 -9999.0 -9999.0 -9999.0 U -9999.0 -9999.0 -9999.0
