63855 200412  1.201  -85.1345   36.0138     8.0    -3.1     2.4     2.3 -9999.0     6.8 R -9999.0 -9999.0     2.1
63855 200501  1.201  -85.1345   36.0138     9.0    -0.7     4.1     4.3   134.7     6.5 R -9999.0 -9999.0     4.3
63855 200502  1.201  -85.1345   36.0138    10.0    -0.6     4.7     4.8   136.7     9.1 R -9999.0 -9999.0     5.0
63855 200503  1.201  -85.1345   36.0138    11.9    -0.4     5.8     6.2    83.6    14.1 R -9999.0 -9999.0     6.6
63855 200504  1.201  -85.1345   36.0138    18.2     5.6    11.9    12.4   138.7    16.3 R -9999.0 -9999.0    12.7
63855 200505  1.201  -85.1345   36.0138    21.3     7.5    14.4    15.0    61.4    23.1 R -9999.0 -9999.0    17.1
63855 200506  1.201  -85.1345   36.0138    26.0    15.0    20.5    20.4    75.2    20.4 R -9999.0 -9999.0    22.3
63855 200507  1.201  -85.1345   36.0138    27.5    18.3    22.9    22.6   196.6    18.7 R -9999.0 -9999.0    24.1
63855 200508  1.201  -85.1345   36.0138    28.1    17.9    23.0    22.7    94.7    18.1 R -9999.0 -9999.0    24.3
63855 200509  1.301  -85.1345   36.0138    26.4    12.8    19.6    19.6    59.3    18.7 R -9999.0 -9999.0    21.3
63855 200510  1.301  -85.1345   36.0138    18.9     6.3    12.6    12.4    35.8    12.5 R    23.5     5.5    13.4
63855 200511  1.301  -85.1345   36.0138    14.3     1.3     7.8     8.2   127.0     9.2 R    17.6     0.6     8.7
63855 200512  1.301  -85.1345   36.0138     5.6    -3.9     0.8     0.8    97.5     6.4 R     9.0    -4.8     1.0
63855 200601  1.301  -85.1345   36.0138    10.1    -0.2     5.0     5.4   164.2     7.5 R    14.1    -2.0     5.1
63855 200602  1.301  -85.1345   36.0138     7.1    -3.3     1.9     2.0    84.0    11.1 R    12.9    -5.2     2.1
63855 200603  1.301  -85.1345   36.0138    13.3     1.6     7.5     7.8    94.3    14.4 R    21.1    -0.1     8.0
63855 200604  1.301  -85.1345   36.0138    20.8     8.2    14.5    15.0   196.1    18.8 R    25.4     6.3    14.3
63855 200605  1.301  -85.1345   36.0138    21.1     9.6    15.3    15.5   112.9    19.5 R    29.0     8.4    16.5
63855 200606  1.301  -85.1345   36.0138    25.6    13.5    19.5    19.7   113.4    23.5 R    31.5    12.4    20.3
63855 200607  1.301  -85.1345   36.0138    28.2    16.6    22.4    22.3   101.9    21.8 R    33.7    15.5    22.9
63855 200608  1.301  -85.1345   36.0138    28.3    18.2    23.3    22.9    85.2    19.0 R    35.9    17.6    24.2
63855 200609  1.301  -85.1345   36.0138    22.0    11.0    16.5    16.7   140.6    15.5 R    28.3     9.9    17.5
63855 200610  1.301  -85.1345   36.0138    17.3     4.5    10.9    10.9    90.7    12.7 R    21.1     2.9    10.7
63855 200611  1.301  -85.1345   36.0138    13.6     1.4     7.5     7.5    81.4     9.0 R    16.6     0.1     6.9
63855 200612  1.301  -85.1345   36.0138    11.2    -1.9     4.6     4.9    85.9     8.0 R    14.8    -3.2     4.2
63855 200701  1.301  -85.1345   36.0138     7.4    -2.0     2.7     3.2    92.4     7.4 R    10.3    -2.8     3.0
63855 200702  1.301  -85.1345   36.0138     6.2    -5.5     0.4     0.7    51.8    11.4 R    11.2    -6.3     0.8
63855 200703  1.301  -85.1345   36.0138    17.7     4.9    11.3    11.7    50.3    16.0 R    22.9     3.2    11.1
63855 200704  1.301  -85.1345   36.0138    16.5     3.8    10.1    10.7   140.5    19.3 R    23.9     2.4    11.2
63855 200705  1.301  -85.1345   36.0138    24.5     9.9    17.2    17.8   105.8    23.9 R    32.5     8.5    18.7
63855 200706  1.301  -85.1345   36.0138    27.7    13.9    20.8    20.9    54.3    22.7 R    36.5    12.7    22.1
63855 200707  1.301  -85.1345   36.0138    28.0    16.3    22.1    21.7    67.3    19.8 R    40.8    15.4    24.0
63855 200708  1.301  -85.1345   36.0138    32.5    18.5    25.5    25.4    35.7    21.1 R    47.4    17.8    28.2
63855 200709  1.301  -85.1345   36.0138    27.0    12.8    19.9    19.9    69.0    17.8 R    36.6    12.1    21.2
63855 200710  1.302  -85.1345   36.0138    21.5     8.5    15.0    15.1    85.6    13.3 R    28.0     7.0    15.5
63855 200711  1.302  -85.1345   36.0138    13.4     0.1     6.7     7.0   119.8    10.0 R    16.8    -0.8     7.1
63855 200712  1.302  -85.1345   36.0138 -9999.0 -9999.0 -9999.0 -9999.0 -9999.0 -9999.0 U -9999.0 -9999.0 -9999.0
63855 200801  1.302  -85.1345   36.0138     5.6    -4.4     0.6     1.0    79.7     7.8 R     9.2    -5.1     1.3
63855 200802  1.302  -85.1345   36.0138     9.9    -1.6     4.1     4.3    96.1     9.2 R    13.2    -2.2     4.6
63855 200803  1.302  -85.1345   36.0138    13.1     1.0     7.0     7.3   149.9    13.9 R    17.1    -0.1     7.6
63855 200804  1.302  -85.1345   36.0138    17.7     5.9    11.8    12.3   122.2    18.5 R    22.8     5.0    12.9
63855 200805  1.302  -85.1345   36.0138    22.1     9.4    15.7    16.4    81.0    20.3 R    27.7     8.7    17.3
63855 200806  1.302  -85.1345   36.0138    27.3    14.5    20.9    21.1    46.0    24.8 R    35.6    13.6    22.9
63855 200807  1.302  -85.1345   36.0138    28.1    15.5    21.8    21.9    82.1    22.9 R    36.4    14.9    23.8
63855 200808  1.302  -85.1345   36.0138    28.4    14.9    21.7    21.9    94.8    20.3 R    38.7    14.2    24.0
63855 200809  1.302  -85.1345   36.0138    25.6    13.2    19.4    19.3     4.7    17.5 R    33.6    12.4    20.6
63855 200810  1.302  -85.1345   36.0138    19.1     5.0    12.1    11.9    49.9    15.0 R    26.0     3.9    12.9
63855 200811  1.302  -85.1345   36.0138    11.6    -0.8     5.4     5.5   105.4     9.3 R    16.5    -2.0     5.8
63855 200812  1.302  -85.1345   36.0138     8.8    -1.9     3.5     4.0   187.6     6.0 R    10.9    -3.0     3.7
63855 200901  1.302  -85.1345   36.0138     5.9    -5.1     0.4     0.5   145.5     7.5 R     9.8    -5.7     0.8
63855 200902  1.302  -85.1345   36.0138     9.5    -2.5     3.5     3.7    83.0    11.8 R    16.0    -4.6     3.6
63855 200903  1.302  -85.1345   36.0138    13.7     3.1     8.4     8.8   161.4    12.5 R    19.6     1.6     9.0
63855 200904  2.402  -85.1345   36.0138    17.9     6.3    12.1    12.4   159.2    16.8 R    22.2     5.1    12.6
63855 200905  2.402  -85.1345   36.0138    22.3    12.4    17.4    17.5 -9999.0    17.8 R    29.0    11.6    18.6
63855 200906  2.402  -85.1345   36.0138    27.0    16.1    21.5    21.7   158.0    23.2 R    32.6    15.3    22.8
63855 200907  2.402  -85.1345   36.0138    25.2    15.3    20.2    20.3   246.3    19.9 R    32.7    14.6    21.8
63855 200908  2.402  -85.1345   36.0138    26.3    16.5    21.4    21.2    77.4    19.7 R    34.3    16.1    23.0
63855 200909  2.402  -85.1345   36.0138    23.2    14.8    19.0    18.8   163.0    12.9 R    29.0    14.2    19.8
63855 200910  2.402  -85.1345   36.0138    17.1     6.3    11.7    11.7   154.7     9.9 R    20.6     5.5    12.2
63855 200911  2.402  -85.1345   36.0138    14.5     1.9     8.2     8.3    34.7    10.0 R    18.1     1.0     8.3
63855 200912  2.402  -85.1345   36.0138     6.6    -2.7     2.0     2.0   190.9     6.3 R     9.1    -3.2     2.3
63855 201001  2.402  -85.1345   36.0138     2.9    -5.8    -1.4    -1.4   152.6     7.5 R     7.1    -6.4    -0.7
63855 201002  2.402  -85.1345   36.0138     2.5    -5.2    -1.3    -1.3   102.3     8.3 R     6.2    -5.9    -0.7
63855 201003  2.402  -85.1345   36.0138    11.1     1.6     6.4     6.5    89.4    11.9 R    16.4     0.8     7.1
63855 201004  2.402  -85.1345   36.0138    20.9     6.8    13.8    14.6    56.8    20.6 R    27.8     5.3    15.2
63855 201005  2.402  -85.1345   36.0138    23.6    12.1    17.8    18.1   185.4    20.2 R    33.8    11.5    19.4
63855 201006  2.402  -85.1345   36.0138    28.2    17.3    22.8    22.8    70.4    23.4 R    36.0    16.6    23.8
63855 201007  2.402  -85.1345   36.0138    29.8    18.2    24.0    23.9   136.4    22.9 R    40.3    17.3    25.4
63855 201008  2.402  -85.1345   36.0138    29.1    18.5    23.8    23.4   131.7    20.1 R    35.1    17.6    24.0
63855 201009  2.402  -85.1345   36.0138    25.7    12.6    19.1    19.2   110.4    18.1 R    32.8    11.1    19.6
63855 201010  2.402  -85.1345   36.0138    20.2     4.9    12.6    12.4    59.0    15.6 R    25.3     2.9    11.6
63855 201011  2.402  -85.1345   36.0138    14.4     1.8     8.1     8.1   194.6     9.1 R    18.3     0.1     7.4
63855 201012  2.402  -85.1345   36.0138     2.4    -6.6    -2.1    -2.0    71.3     6.3 R     6.4    -8.0    -1.9
63855 201101  2.402  -85.1345   36.0138     3.9    -6.2    -1.1    -0.8   106.3     7.7 R     7.1    -8.2    -1.2
63855 201102  2.402  -85.1345   36.0138    10.6    -1.1     4.8     4.8   156.5     9.1 R    16.1    -3.1     4.5
63855 201103  2.402  -85.1345   36.0138    13.4     3.1     8.3     8.3   175.9    11.5 R    19.1     1.9     8.5
63855 201104  2.402  -85.1345   36.0138    20.5     7.4    14.0    14.7   256.9    18.0 R    28.4     6.0    14.8
63855 201105  2.402  -85.1345   36.0138    22.3    10.7    16.5    16.6    72.2    19.9 R    29.6    10.2    17.7
63855 201106  2.402  -85.1345   36.0138    27.1    16.0    21.5    21.5   218.7    22.0 R    35.7    15.0    22.7
63855 201107  2.402  -85.1345   36.0138    28.7    18.6    23.7    23.6   110.8    21.3 R    35.2    18.1    24.8
63855 201108  2.402  -85.1345   36.0138    29.1    16.1    22.6    22.6    14.2    21.7 R    37.8    15.2    24.3
63855 201109  2.402  -85.1345   36.0138    22.9    11.7    17.3    17.1   199.3    13.3 R    30.5    11.0    18.4
63855 201110  2.402  -85.1345   36.0138    17.7     4.9    11.3    11.4    82.4    13.4 R    22.8     4.0    11.7
63855 201111  2.402  -85.1345   36.0138    13.8     3.4     8.6     8.9   210.9     7.9 R    17.0     2.4     8.8
63855 201112  2.402  -85.1345   36.0138    10.4     0.2     5.3     5.2   174.1     6.7 R    13.5    -0.7     5.3
63855 201201  2.402  -85.1345   36.0138     9.3    -2.2     3.6     4.1   133.5     6.7 R    11.9    -3.0     4.1
63855 201202  2.402  -85.1345   36.0138    10.8     0.3     5.6     5.7   120.5     9.6 R    14.5    -0.5     6.1
63855 201203  2.402  -85.1345   36.0138    19.2     7.0    13.1    13.5   101.1    15.6 R    23.6     6.2    13.8
63855 201204  2.402  -85.1345   36.0138    19.8     7.0    13.4    13.9    79.4    20.3 R    27.5     6.2    15.2
63855 201205  2.402  -85.1345   36.0138    24.2    12.6    18.4    18.7    68.9    20.4 R    32.5    11.9    20.3
63855 201206  2.402  -85.1345   36.0138    27.3    13.6    20.5    20.9    45.1    24.4 R    34.9    12.9    22.7
63855 201207  2.402  -85.1345   36.0138    29.9    18.8    24.3    24.0   130.8    20.6 R    37.6    18.4    25.8
63855 201208  2.402  -85.1345   36.0138    26.8    15.4    21.1    20.9    69.1    18.2 R    34.3    14.6    22.4
63855 201209  2.402  -85.1345   36.0138    23.4    12.3    17.9    17.8   161.4    15.8 R    30.7    11.4    19.1
63855 201210  2.412  -85.1345   36.0138    16.5     5.5    11.0    11.1   115.3    10.6 R    21.5     4.8    11.9
63855 201211  2.412  -85.1345   36.0138    13.2    -1.0     6.1     6.0    55.5    10.0 C    17.7    -1.8     6.7
63855 201212  2.412  -85.1345   36.0138    10.6     0.9     5.7     5.9   145.9     5.6 C    13.5     0.5     6.4
63855 201301  2.412  -85.1345   36.0138     8.0    -1.0     3.5     3.7   188.1     6.2 C    10.8    -1.2     4.3
63855 201302  2.412  -85.1345   36.0138     7.6    -2.4     2.6     2.8    70.1     9.3 C    11.6    -2.9     3.6
63855 201303  2.412  -85.1345   36.0138     8.6    -1.6     3.5     4.0   192.4    11.2 C    12.7    -1.9     5.0
63855 201304  2.412  -85.1345   36.0138    18.0     5.9    12.0    12.2   222.6    16.7 C    22.7     5.4    13.2
63855 201305  2.412  -85.1345   36.0138    21.6    10.2    15.9    16.3   198.6    18.9 C    27.7     9.9    18.0
63855 201306  2.412  -85.1345   36.0138    25.7    15.5    20.6    20.6   105.9    19.5 C    32.8    15.4    22.8
63855 201307  2.412  -85.1345   36.0138    25.9    16.8    21.3    21.1   256.4    17.3 C    32.1    16.8    23.1
63855 201308  2.412  -85.1345   36.0138    25.8    16.8    21.3    21.1   117.4    15.9 C    32.1    16.7    23.0
63855 201309  2.422  -85.1345   36.0138    24.5    12.8    18.6    18.5    89.5    16.8 C    31.9    11.9    20.1
63855 201310  2.422  -85.1345   36.0138    18.6     6.9    12.8    12.8    38.1    11.4 C    23.9     4.1    12.1
63855 201311  2.422  -85.1345   36.0138    11.0    -0.8     5.1     5.3    99.9     8.9 C    14.4    -3.8     3.9
63855 201312  2.422  -85.1345   36.0138     8.5    -1.2     3.6     3.5   197.1     5.5 C    10.9    -3.0     2.7
63855 201401  2.422  -85.1345   36.0138     3.2    -9.6    -3.2    -2.6    82.1     8.6 C     6.0   -13.1    -4.0
63855 201402  2.422  -85.1345   36.0138     7.6    -3.3     2.2     2.4   140.9    10.6 C    13.0    -5.3     2.1
63855 201403  2.422  -85.1345   36.0138    12.1    -1.1     5.5     5.9   119.3    13.4 C    18.8    -3.4     5.7
63855 201404  2.422  -85.1345   36.0138    19.6     6.0    12.8    13.5   224.0    18.2 C    26.3     3.3    13.0
63855 201405  2.422  -85.1345   36.0138    23.3    10.7    17.0    17.2    85.5    20.8 C    31.9     8.4    17.6
63855 201406  2.422  -85.1345   36.0138    25.8    16.3    21.0    20.9   135.3    19.5 C    34.3    14.7    22.0
63855 201407  2.422  -85.1345   36.0138    25.5    15.1    20.3    20.5    81.2    21.6 C    33.1    13.1    21.4
63855 201408  2.422  -85.1345   36.0138    27.0    16.3    21.7    21.4   160.2    18.2 C    33.9    14.2    21.7
63855 201409  2.422  -85.1345   36.0138    24.3    14.2    19.3    18.8    81.2    14.5 C    30.2    12.2    18.8
63855 201410  2.422  -85.1345   36.0138    18.9     7.5    13.2    13.3   242.1    11.2 C    22.6     5.3    12.5
63855 201411  2.422  -85.1345   36.0138     9.7    -1.4     4.1     4.4   109.8     9.1 C    13.7    -3.2     4.0
63855 201412  2.422  -85.1345   36.0138     8.6     0.3     4.5     4.6   169.3     4.9 C    12.5    -0.8     4.7
63855 201501  2.422  -85.1345   36.0138     5.4    -4.3     0.6     1.0   113.2     7.7 C     9.6    -5.2     1.0
63855 201502  2.422  -85.1345   36.0138     3.2    -7.6    -2.2    -2.2   132.8    10.5 C     6.3    -8.9    -2.1
63855 201503  2.422  -85.1345   36.0138    14.1     2.5     8.3     8.7   134.7    12.9 C    19.3     1.3     8.8
63855 201504  2.422  -85.1345   36.0138    19.1     8.0    13.5    14.0   136.4    16.5 C    23.9     5.7    13.6
63855 201505  2.422  -85.1345   36.0138    24.1    12.3    18.2    18.4    46.4    21.2 C    34.1    10.1    19.2
63855 201506  2.422  -85.1345   36.0138    27.1    16.3    21.7    21.6   198.9    22.6 C    35.8    15.2    23.1
63855 201507  2.422  -85.1345   36.0138    27.7    18.2    22.9    22.8   273.9    20.5 C    33.2    17.0    23.3
63855 201508  2.422  -85.1345   36.0138    25.9    15.8    20.8    20.8   169.6    19.0 C    32.1    13.9    21.2
63855 201509  2.422  -85.1345   36.0138    24.5    13.3    18.9    18.6    81.8    16.4 C    33.0    11.6    19.4
63855 201510  2.422  -85.1345   36.0138    18.9     7.5    13.2    13.3    78.2    12.5 C    23.2     5.8    13.0
63855 201511  2.422  -85.1345   36.0138    15.4     6.0    10.7    11.0   164.0     7.9 C    17.9     3.8    10.0
63855 201512  2.422  -85.1345   36.0138    14.0     4.9     9.5     9.7   243.7     6.3 C    15.5     2.7     8.5
63855 201601  2.422  -85.1345   36.0138     5.1    -5.5    -0.2     0.2    98.6     8.2 C     8.4    -7.7    -0.5
63855 201602  2.422  -85.1345   36.0138     7.8    -0.8     3.5     3.7   216.2     9.4 C    11.9    -2.5     3.5
63855 201603  2.422  -85.1345   36.0138    15.7     4.8    10.2    10.6    98.8    13.8 C    22.2     2.0    10.1
63855 201604  2.422  -85.1345   36.0138    19.5     6.9    13.2    13.7    66.0    20.3 C    27.9     4.1    13.7
63855 201605  2.422  -85.1345   36.0138    21.6    10.4    16.0    16.3    63.4    20.6 C    31.4     8.9    17.7
63855 201606  2.422  -85.1345   36.0138    27.5    15.5    21.5    21.7    89.9    24.6 C    37.1    14.3    23.3
63855 201607  2.422  -85.1345   36.0138    28.9    18.8    23.9    23.4   128.7    21.1 C    37.1    17.9    24.8
63855 201608  2.422  -85.1345   36.0138    28.9    18.4    23.6    23.4   108.2    18.7 C    36.5    16.9    23.9
63855 201609  2.422  -85.1345   36.0138    27.4    13.9    20.7    20.4    25.2    18.5 C    34.9    11.2    20.2
63855 201610  2.422  -85.1345   36.0138    23.7     8.7    16.2    16.0    18.5    14.4 C    35.7     4.8    15.9
63855 201611  2.422  -85.1345   36.0138    17.0     2.0     9.5     9.6   114.1    11.0 C    27.3    -1.8     9.0
63855 201612  2.422  -85.1345   36.0138     8.7    -1.6     3.5     3.6   188.3     6.5 C    13.5    -3.4     3.8
63855 201701  2.422  -85.1345   36.0138    10.1     2.2     6.2     6.3   143.0     5.8 C    13.8     0.5     6.2
63855 201702  2.422  -85.1345   36.0138    13.0     1.8     7.4     7.9    76.6     9.8 C    19.3    -0.7     7.6
63855 201703  2.422  -85.1345   36.0138    14.1     2.2     8.1     8.7   190.4    14.4 C    20.5     0.5     8.8
63855 201704  2.422  -85.1345   36.0138    21.3     9.9    15.6    15.9   218.6    17.7 C    27.3     7.7    15.5
63855 201705  2.422  -85.1345   36.0138    22.3    11.2    16.7    17.0   184.8    20.3 C    28.5    10.0    17.7
63855 201706  2.422  -85.1345   36.0138    25.2    14.4    19.8    20.0   103.9    21.0 C    32.0    13.1    20.8
63855 201707  2.422  -85.1345   36.0138    27.8    17.5    22.7    22.6   144.8    21.9 C    34.1    16.3    23.4
