56401 201308  2.515 -145.5003   63.0295 -9999.0 -9999.0 -9999.0 -9999.0 -9999.0 -9999.0 U -9999.0 -9999.0 -9999.0
56401 201309  2.515 -145.5003   63.0295     7.7     0.3     4.0     3.9   109.8     5.9 C     7.8    -1.3     2.8
56401 201310  2.515 -145.5003   63.0295     4.3    -2.6     0.8     0.7    78.9     2.4 C     1.2    -4.4    -1.2
56401 201311  2.515 -145.5003   63.0295   -10.1   -20.9   -15.5   -15.1    71.4     0.5 C   -13.0   -27.1   -19.4
56401 201312  2.515 -145.5003   63.0295   -14.7   -23.8   -19.2   -19.5    50.8     0.0 C   -16.1   -29.1   -22.6
56401 201401  2.515 -145.5003   63.0295    -4.1   -11.8    -7.9    -7.7    79.1     0.2 C    -6.3   -16.9   -10.4
56401 201402  2.515 -145.5003   63.0295   -13.3   -27.0   -20.2   -20.5     5.5     2.8 C   -18.0   -34.0   -27.0
56401 201403  2.515 -145.5003   63.0295    -5.2   -20.2   -12.7   -12.0     9.2     9.3 C    -7.7   -28.2   -17.8
56401 201404  2.515 -145.5003   63.0295 -9999.0 -9999.0 -9999.0 -9999.0 -9999.0 -9999.0 U -9999.0 -9999.0 -9999.0
56401 201405  2.515 -145.5003   63.0295    11.2    -0.7     5.2     5.8     8.9    19.7 C    16.4    -1.5     6.3
56401 201406  2.515 -145.5003   63.0295    13.5     2.2     7.8     8.3   101.8    14.9 C    23.0     2.3    10.9
56401 201407  2.515 -145.5003   63.0295    16.6     5.9    11.2    11.5    99.1    15.6 C    22.8     6.6    13.5
56401 201408  2.515 -145.5003   63.0295    14.9     4.2     9.5     9.6    69.3    10.6 C    19.9     4.5    10.9
56401 201409  2.515 -145.5003   63.0295    10.0    -0.3     4.9     4.7    50.7     7.1 C    11.6    -0.1     4.6
56401 201410  2.515 -145.5003   63.0295    -1.1   -10.5    -5.8    -6.0    42.7     3.4 C    -4.4   -16.4    -9.9
56401 201411  2.515 -145.5003   63.0295    -6.5   -16.8   -11.7   -11.6     8.6     0.6 C   -10.0   -23.4   -16.6
56401 201412  2.515 -145.5003   63.0295 -9999.0 -9999.0 -9999.0 -9999.0    23.1     0.0 C    -8.1   -21.0   -14.2
56401 201501  2.515 -145.5003   63.0295   -14.6   -24.2   -19.4   -19.3     3.8     0.1 C   -17.4   -28.2   -22.8
56401 201502  2.515 -145.5003   63.0295    -8.8   -20.3   -14.5   -14.7    24.8     1.6 C   -12.4   -25.6   -19.1
56401 201503  2.515 -145.5003   63.0295    -4.1   -17.2   -10.7   -10.3    43.6     8.5 C    -7.2   -24.5   -15.3
56401 201504  2.515 -145.5003   63.0295     2.5    -8.2    -2.9    -2.3    17.3    14.7 C    -0.7   -14.8    -6.5
56401 201505  2.515 -145.5003   63.0295    14.2    -0.2     7.0     7.9    11.9    22.1 C    15.3    -1.8     6.6
56401 201506  2.515 -145.5003   63.0295    17.4     4.0    10.7    11.1    46.5    19.6 C    29.2     4.3    14.6
56401 201507  2.515 -145.5003   63.0295    17.7     6.1    11.9    11.9    91.1    15.9 C    25.4     7.4    14.7
56401 201508  2.515 -145.5003   63.0295    14.6     3.1     8.9     9.1    89.7    13.2 C    20.0     4.1    10.8
56401 201509  2.515 -145.5003   63.0295     7.5    -1.6     3.0     2.8   130.5     7.0 C     9.8    -2.0     3.1
56401 201510  2.515 -145.5003   63.0295     3.4    -4.5    -0.6    -0.7    31.6     3.2 C    -0.3    -7.0    -3.0
56401 201511  2.515 -145.5003   63.0295    -7.0   -16.6   -11.8   -11.1    88.7     0.4 C    -8.6   -22.8   -14.8
56401 201512  2.515 -145.5003   63.0295   -12.5   -23.7   -18.1   -18.2     9.7     0.0 C   -14.3   -29.4   -21.8
56401 201601  2.515 -145.5003   63.0295 -9999.0 -9999.0 -9999.0 -9999.0    17.7     0.0 C   -11.0   -23.4   -16.8
56401 201602  2.515 -145.5003   63.0295 -9999.0 -9999.0 -9999.0 -9999.0     5.9     2.2 C    -8.1   -24.1   -16.2
56401 201603  2.515 -145.5003   63.0295    -0.7   -14.1    -7.4    -7.4    37.5     7.9 C    -4.3   -19.5   -12.1
56401 201604  2.515 -145.5003   63.0295     6.0    -4.5     0.8     1.2     9.9    15.2 C     1.0    -8.2    -2.6
56401 201605  2.515 -145.5003   63.0295    12.5     0.6     6.6     7.0    48.4    17.6 C    19.8     1.2     9.0
56401 201606  2.515 -145.5003   63.0295    16.8     4.4    10.6    11.0    45.1    18.1 C    27.2     5.4    14.4
56401 201607  2.515 -145.5003   63.0295    18.1     8.0    13.0    13.0    91.3    14.4 C    25.0     8.8    15.5
56401 201608  2.515 -145.5003   63.0295    16.1     5.8    11.0    10.9    81.9    10.2 C    20.6     6.7    12.3
56401 201609  2.515 -145.5003   63.0295    10.8     0.5     5.6     5.3   102.4     7.2 C    12.7     0.9     5.6
56401 201610  2.515 -145.5003   63.0295     2.3   -12.3    -5.0    -5.9     1.6     3.9 C    -1.0   -13.3    -8.5
56401 201611  2.515 -145.5003   63.0295    -8.5   -18.3   -13.4   -13.4     5.4     0.6 C   -11.8   -24.4   -18.1
56401 201612  2.515 -145.5003   63.0295   -13.9   -22.7   -18.3   -18.1    52.7     0.0 C   -15.9   -29.5   -22.0
56401 201701  2.515 -145.5003   63.0295   -13.9   -25.0   -19.4   -19.3    49.5     0.1 C   -16.1   -31.2   -23.5
56401 201702  2.515 -145.5003   63.0295    -9.2   -21.2   -15.2   -15.1    21.3     1.9 C   -13.2   -28.0   -20.0
56401 201703  2.515 -145.5003   63.0295 -9999.0 -9999.0 -9999.0 -9999.0 -9999.0 -9999.0 U -9999.0 -9999.0 -9999.0
56401 201704  2.515 -145.5003   63.0295     4.8    -7.4    -1.3    -0.9 -9999.0    16.3 C     0.2   -12.4    -5.4
56401 201705  2.515 -145.5003   63.0295    10.7    -1.2     4.7     5.1    35.9    15.0 C    16.0    -1.0     6.4
56401 201706  2.515 -145.5003   63.0295    17.7     4.5    11.1    11.5    25.9    16.6 C    25.9     5.5    14.3
56401 201707  2.515 -145.5003   63.0295    18.9     7.1    13.0    13.1    70.7    14.1 C    25.4     8.2    15.4
