26562 200909  2.302 -154.3196   60.1951 -9999.0 -9999.0 -9999.0 -9999.0 -9999.0 -9999.0 U -9999.0 -9999.0 -9999.0
26562 200910  2.302 -154.3196   60.1951     8.1     0.2     4.1     4.5    38.3     2.9 R    31.0    -1.7     3.0
26562 200911  2.302 -154.3196   60.1951    -4.5   -13.5    -9.0    -8.0    35.5     0.9 R    19.1   -16.6    -9.7
26562 200912  2.302 -154.3196   60.1951 -9999.0 -9999.0 -9999.0 -9999.0     4.3     0.1 R     3.1   -10.7    -6.6
26562 201001  2.302 -154.3196   60.1951 -9999.0 -9999.0 -9999.0 -9999.0 -9999.0 -9999.0 U -9999.0 -9999.0 -9999.0
26562 201002  2.302 -154.3196   60.1951     1.2    -7.9    -3.3    -3.1     6.6     2.5 R    18.9   -11.9    -6.4
26562 201003  2.302 -154.3196   60.1951 -9999.0 -9999.0 -9999.0 -9999.0    23.2     7.9 R    16.2   -18.3    -9.5
26562 201004  2.302 -154.3196   60.1951 -9999.0 -9999.0 -9999.0 -9999.0 -9999.0 -9999.0 U -9999.0 -9999.0 -9999.0
26562 201005  2.302 -154.3196   60.1951    13.9    -0.5     6.7     7.3    11.3    17.2 R    45.5    -3.0    11.5
26562 201006  2.302 -154.3196   60.1951    16.9     4.1    10.5    10.7    46.0    16.5 R    49.1     1.8    15.2
26562 201007  2.302 -154.3196   60.1951    15.6     7.1    11.3    11.2    88.8     9.7 R    38.8     6.1    13.6
26562 201008  2.404 -154.3196   60.1951 -9999.0 -9999.0 -9999.0 -9999.0    86.7 -9999.0 U -9999.0 -9999.0 -9999.0
26562 201009  2.404 -154.3196   60.1951    14.8     2.2     8.5     8.4    34.2     8.8 R    33.9     0.2     9.6
26562 201010  2.404 -154.3196   60.1951     6.4    -2.4     2.0     2.1 -9999.0     3.7 R    16.9    -4.5     1.2
26562 201011  2.404 -154.3196   60.1951    -1.6   -10.2    -5.9    -5.4    74.5     1.0 R     5.2   -12.9    -7.7
26562 201012  2.404 -154.3196   60.1951   -11.8   -21.2   -16.5   -16.3    43.6     0.2 R    -4.8   -25.0   -18.7
26562 201101  2.404 -154.3196   60.1951    -2.9   -13.3    -8.1    -8.2    19.0     0.4 R     6.1   -14.4    -9.6
26562 201102  2.404 -154.3196   60.1951    -5.0   -16.8   -10.9   -10.3    44.4     3.0 R     5.2   -19.2   -12.3
26562 201103  2.404 -154.3196   60.1951     0.1   -16.0    -7.9    -8.0     3.6     9.5 R     9.2   -18.5   -10.8
26562 201104  2.404 -154.3196   60.1951     6.0    -4.6     0.7     1.1 -9999.0    12.4 R    21.0    -5.1     2.0
26562 201105  2.404 -154.3196   60.1951    14.0     1.3     7.6     8.2 -9999.0    15.1 R    37.5    -0.9    11.9
26562 201106  2.404 -154.3196   60.1951    15.6     4.2     9.9    10.3    75.4    13.1 R    39.9     2.8    14.1
26562 201107  2.404 -154.3196   60.1951    17.0     6.9    11.9    12.0    68.1    11.3 R    35.7     6.2    15.3
26562 201108  2.404 -154.3196   60.1951    15.8     6.3    11.0    11.1    74.4     8.0 R    28.8     5.7    13.1
26562 201109  2.404 -154.3196   60.1951    13.4     3.0     8.2     8.3    33.4     5.8 R    24.8     1.9     9.0
26562 201110  2.404 -154.3196   60.1951     6.4    -3.0     1.7     2.1    49.9     2.7 R    13.1    -4.0     1.4
26562 201111  2.404 -154.3196   60.1951    -6.8   -16.2   -11.5   -10.4    48.4     0.6 R    -1.3   -18.4   -11.7
26562 201112  2.404 -154.3196   60.1951    -4.8   -12.6    -8.7    -8.5    76.4     0.0 R    -0.3   -15.4   -10.5
26562 201201  2.404 -154.3196   60.1951   -19.2   -31.1   -25.1   -25.6    27.6     0.1 R   -12.0   -33.4   -27.3
26562 201202  2.404 -154.3196   60.1951     0.5    -9.6    -4.5    -3.7    26.8     1.7 R     5.7   -11.4    -4.7
26562 201203  2.404 -154.3196   60.1951    -5.1   -18.4   -11.8   -11.0     8.6     7.1 R     2.9   -19.9   -10.4
26562 201204  2.404 -154.3196   60.1951     8.6    -4.7     1.9     2.4    13.0    12.7 R    17.2    -5.5     4.0
26562 201205  2.404 -154.3196   60.1951    12.0    -0.7     5.7     6.0    12.1    14.6 R    25.0    -1.5     9.0
26562 201206  2.414 -154.3196   60.1951    17.3     4.0    10.6    10.6    43.2    16.9 C    27.9     4.0    14.1
26562 201207  2.414 -154.3196   60.1951    16.4     6.5    11.5    11.6    52.8    12.6 C    24.1     6.6    14.1
26562 201208  2.414 -154.3196   60.1951    16.3     6.1    11.2    11.4   103.1    10.8 C    24.0     5.8    13.7
26562 201209  2.414 -154.3196   60.1951    11.7     2.5     7.1     7.1   148.7     6.3 C    15.8     2.2     7.8
26562 201210  2.414 -154.3196   60.1951     2.9    -6.4    -1.8    -1.8    20.2     3.7 C     6.7    -7.2    -1.7
26562 201211  2.414 -154.3196   60.1951    -6.5   -14.3   -10.4   -10.1    12.0     0.9 C    -4.8   -14.8   -10.3
26562 201212  2.414 -154.3196   60.1951    -6.4   -15.8   -11.1   -10.6    58.7     0.2 C    -6.9   -16.8   -11.5
26562 201301  2.414 -154.3196   60.1951    -0.1    -9.3    -4.7    -4.4    42.0     0.6 C    -0.4    -9.8    -4.9
26562 201302  2.414 -154.3196   60.1951     0.9    -9.9    -4.5    -3.9    38.1     2.2 C     1.6   -10.9    -4.2
26562 201303  2.414 -154.3196   60.1951     0.6   -10.2    -4.8    -4.1    13.7     8.3 C     5.3   -11.0    -3.5
26562 201304  2.414 -154.3196   60.1951     3.9   -10.2    -3.2    -2.6     0.4    18.2 C    11.9   -10.0     0.3
26562 201305  2.414 -154.3196   60.1951    12.9    -2.3     5.3     6.0    15.3    20.9 C    23.7    -2.8     9.8
26562 201306  2.414 -154.3196   60.1951    21.8     4.7    13.2    13.7    31.0    20.2 C    32.7     4.2    17.8
26562 201307  2.414 -154.3196   60.1951    21.2     8.0    14.6    14.7    42.8    17.0 C    31.1     7.8    18.1
26562 201308  2.424 -154.3196   60.1951    16.9     8.1    12.5    12.6    47.6     8.2 C    24.6     7.6    14.0
26562 201309  2.424 -154.3196   60.1951    11.9     2.4     7.2     7.2    42.2     6.8 C    21.9     0.3     7.4
26562 201310  2.424 -154.3196   60.1951     9.5     0.7     5.1     5.4   151.0     3.0 C    12.1    -0.8     3.8
26562 201311  2.424 -154.3196   60.1951    -0.3    -8.5    -4.4    -3.7    93.8     0.7 C    -1.7   -10.9    -5.8
26562 201312  2.424 -154.3196   60.1951    -4.6   -13.7    -9.2    -8.7    22.4     0.1 C    -6.6   -17.6   -11.2
26562 201401  2.424 -154.3196   60.1951     5.7    -2.3     1.7     2.3    64.5     0.5 C     1.3    -5.3    -1.2
26562 201402  2.424 -154.3196   60.1951    -2.9   -12.8    -7.9    -7.3     5.0     2.4 C    -0.6   -14.7    -8.8
26562 201403  2.424 -154.3196   60.1951     2.3   -13.9    -5.8    -5.2    12.4     9.3 C     9.5   -15.6    -5.5
26562 201404  2.424 -154.3196   60.1951     9.1    -4.8     2.1     2.5     6.6    13.7 C    23.5    -6.1     4.3
26562 201405  2.424 -154.3196   60.1951    17.7    -0.1     8.8     9.4    31.6    20.3 C    43.2    -3.7    14.9
26562 201406  2.424 -154.3196   60.1951    16.5     4.3    10.4    10.5    57.2    17.2 C    40.2     2.2    15.6
26562 201407  2.424 -154.3196   60.1951    20.3     7.1    13.7    14.1    48.5    16.5 C    43.3     4.7    19.2
26562 201408  2.424 -154.3196   60.1951    18.0     7.9    13.0    13.0    81.7    10.9 C    31.8     6.0    15.2
26562 201409  2.424 -154.3196   60.1951    14.4     2.7     8.6     8.8    28.6     7.6 C    26.7     0.3     8.8
26562 201410  2.424 -154.3196   60.1951     3.1    -6.4    -1.7    -1.2    11.9     3.8 C     7.9   -10.4    -3.3
26562 201411  2.424 -154.3196   60.1951     4.8    -3.7     0.6     1.3    21.5     1.1 C     2.0    -6.4    -1.9
26562 201412  2.424 -154.3196   60.1951     2.9    -4.1    -0.6    -0.2    38.0     0.4 C    -0.1    -5.9    -2.4
26562 201501  2.424 -154.3196   60.1951    -2.1   -10.0    -6.1    -5.9     8.6     0.8 C    -3.9   -12.6    -8.0
26562 201502  2.424 -154.3196   60.1951     0.0   -10.7    -5.4    -5.4    11.8     2.9 C     0.6   -13.0    -7.6
26562 201503  2.424 -154.3196   60.1951     3.2    -7.5    -2.2    -1.7    22.0     7.1 C     6.4    -9.7    -3.4
26562 201504  2.424 -154.3196   60.1951     7.9    -3.0     2.5     2.7    50.5    11.7 C    19.2    -4.0     4.0
26562 201505  2.424 -154.3196   60.1951    15.3     2.1     8.7     9.2    14.7    14.5 C    35.2    -0.7    12.6
26562 201506  2.424 -154.3196   60.1951    21.1     5.6    13.3    13.7    28.2    20.5 C    47.7     3.0    20.3
26562 201507  2.424 -154.3196   60.1951    19.4     8.7    14.0    14.0    61.5    14.0 C    38.9     6.9    18.0
26562 201508  2.424 -154.3196   60.1951    18.3     6.3    12.3    12.6    63.8    13.7 C    38.7     4.3    16.5
26562 201509  2.424 -154.3196   60.1951    10.7     2.9     6.8     7.0   179.7     6.3 C    19.0     2.0     7.7
26562 201510  2.424 -154.3196   60.1951     8.9     0.4     4.6     5.0    29.6     3.1 C    10.6    -1.0     3.4
26562 201511  2.424 -154.3196   60.1951     0.6    -7.6    -3.5    -2.9   111.1     0.9 C    -1.9   -10.7    -5.5
26562 201512  2.424 -154.3196   60.1951    -0.4    -9.1    -4.7    -4.1    53.4     0.2 C    -3.3   -13.0    -6.7
26562 201601  2.424 -154.3196   60.1951     2.8    -4.9    -1.1    -0.7    33.3     0.7 C    -0.7    -6.4    -3.3
26562 201602  2.424 -154.3196   60.1951     5.7    -2.1     1.8     2.3    26.2     2.4 C     3.2    -3.6    -0.7
26562 201603  2.424 -154.3196   60.1951     6.0    -5.1     0.4     0.5    46.5     7.3 C    11.6    -5.7     0.0
26562 201604  2.424 -154.3196   60.1951    11.9    -0.8     5.5     5.9     7.2    13.3 C    28.0    -2.8     7.4
26562 201605  2.424 -154.3196   60.1951    16.0     1.6     8.8     9.3    29.9    15.9 C    37.2    -1.3    13.5
26562 201606  2.424 -154.3196   60.1951    19.5     5.6    12.6    12.9    41.4    18.9 C    43.4     3.6    18.4
26562 201607  2.424 -154.3196   60.1951    19.9     9.8    14.9    15.0   109.1    14.5 C    37.7     8.7    19.5
26562 201608  2.424 -154.3196   60.1951    18.6     9.4    14.0    13.9   100.2     9.6 C    30.1     8.5    16.0
26562 201609  2.424 -154.3196   60.1951    13.8     3.1     8.5     8.5   130.7     7.4 C    23.0     2.0     9.0
26562 201610  2.424 -154.3196   60.1951     9.1    -2.3     3.4     3.5    22.9     4.0 C    14.7    -5.4     1.2
26562 201611  2.424 -154.3196   60.1951    -1.4   -11.0    -6.2    -5.9    33.4     0.9 C    -2.1   -12.5    -7.3
26562 201612  2.424 -154.3196   60.1951    -4.8   -13.4    -9.1    -8.6    28.3     0.2 C    -6.5   -17.9   -11.2
26562 201701  2.424 -154.3196   60.1951    -9.2   -19.6   -14.4   -13.9    42.9     0.4 C   -11.1   -23.4   -16.6
26562 201702  2.424 -154.3196   60.1951    -4.8   -15.7   -10.3   -10.2    35.0     2.3 C    -6.6   -19.9   -13.2
26562 201703  2.424 -154.3196   60.1951    -5.6   -23.5   -14.5   -13.8     4.7    10.7 C    -6.8   -28.6   -19.0
26562 201704  2.424 -154.3196   60.1951     9.4    -3.7     2.9     3.3     4.0    13.2 C    13.6    -4.7     2.7
26562 201705  2.424 -154.3196   60.1951    14.2    -0.2     7.0     7.5    32.0    17.4 C    34.1    -2.5    11.1
26562 201706  2.424 -154.3196   60.1951    18.2     5.0    11.6    11.9    19.4    17.3 C    40.7     3.3    17.3
26562 201707  2.424 -154.3196   60.1951    20.2     8.9    14.6    14.8    51.3    14.8 C    39.0     7.5    19.1
