23801 200801  5.001  -86.0004   31.7901 -9999.0 -9999.0 -9999.0 -9999.0 -9999.0 -9999.0 U -9999.0 -9999.0 -9999.0
23801 200802  5.001  -86.0004   31.7901    18.2     3.0    10.6    10.7    97.8 -9999.0 U -9999.0 -9999.0 -9999.0
23801 200803  5.001  -86.0004   31.7901    21.2     5.7    13.4    13.8    82.0 -9999.0 U -9999.0 -9999.0 -9999.0
23801 200804  5.001  -86.0004   31.7901    24.0    10.7    17.4    17.5   111.1 -9999.0 U -9999.0 -9999.0 -9999.0
23801 200805  5.001  -86.0004   31.7901    29.0    14.9    21.9    22.1    32.8 -9999.0 U -9999.0 -9999.0 -9999.0
23801 200806  5.001  -86.0004   31.7901    33.2    19.1    26.1    25.4    77.4 -9999.0 U -9999.0 -9999.0 -9999.0
23801 200807  5.001  -86.0004   31.7901    32.8    20.2    26.5    25.6    96.2 -9999.0 U -9999.0 -9999.0 -9999.0
23801 200808  5.001  -86.0004   31.7901    30.5    20.4    25.5    25.0   281.9 -9999.0 U -9999.0 -9999.0 -9999.0
23801 200809  5.001  -86.0004   31.7901    29.6    18.4    24.0    23.3    16.6 -9999.0 U -9999.0 -9999.0 -9999.0
23801 200810  5.001  -86.0004   31.7901    23.0    10.6    16.8    16.5   105.5 -9999.0 U -9999.0 -9999.0 -9999.0
23801 200811  5.001  -86.0004   31.7901    18.9     4.3    11.6    11.4   123.9 -9999.0 U -9999.0 -9999.0 -9999.0
23801 200812  5.001  -86.0004   31.7901    17.2     6.0    11.6    11.5   138.1 -9999.0 U -9999.0 -9999.0 -9999.0
23801 200901  5.001  -86.0004   31.7901    15.3     2.8     9.1     8.9    79.1 -9999.0 U -9999.0 -9999.0 -9999.0
23801 200902  5.001  -86.0004   31.7901    17.0     2.4     9.7     9.9    43.0 -9999.0 U -9999.0 -9999.0 -9999.0
23801 200903  5.001  -86.0004   31.7901    20.9     9.0    14.9    14.6   271.6 -9999.0 U -9999.0 -9999.0 -9999.0
23801 200904  5.001  -86.0004   31.7901    24.1    10.0    17.1    17.1    84.9 -9999.0 U -9999.0 -9999.0 -9999.0
23801 200905  5.101  -86.0004   31.7901    27.2    17.4    22.3    21.5   218.3 -9999.0 U -9999.0 -9999.0 -9999.0
23801 200906  5.101  -86.0004   31.7901    32.2    19.6    25.9    25.7    57.8 -9999.0 U -9999.0 -9999.0 -9999.0
23801 200907  5.101  -86.0004   31.7901    31.1    19.6    25.3    24.8   221.1 -9999.0 U -9999.0 -9999.0 -9999.0
23801 200908  5.101  -86.0004   31.7901    30.7    20.0    25.3    24.5   136.3 -9999.0 U -9999.0 -9999.0 -9999.0
23801 200909  5.101  -86.0004   31.7901    28.7    19.6    24.1    23.3    85.2 -9999.0 U -9999.0 -9999.0 -9999.0
23801 200910  5.101  -86.0004   31.7901    24.3    13.0    18.6    18.2    79.0 -9999.0 U -9999.0 -9999.0 -9999.0
23801 200911  5.101  -86.0004   31.7901    18.6     5.2    11.9    11.6   149.6 -9999.0 U -9999.0 -9999.0 -9999.0
23801 200912  5.101  -86.0004   31.7901    13.0     3.2     8.1     8.1   349.6 -9999.0 U -9999.0 -9999.0 -9999.0
23801 201001  5.101  -86.0004   31.7901    11.3    -0.4     5.4     5.2   216.3 -9999.0 U -9999.0 -9999.0 -9999.0
23801 201002  5.101  -86.0004   31.7901    11.4    -0.3     5.5     5.5    98.6 -9999.0 U -9999.0 -9999.0 -9999.0
23801 201003  5.101  -86.0004   31.7901    17.6     3.9    10.7    11.0   133.0 -9999.0 U -9999.0 -9999.0 -9999.0
23801 201004  5.101  -86.0004   31.7901 -9999.0 -9999.0 -9999.0 -9999.0    50.4 -9999.0 U -9999.0 -9999.0 -9999.0
23801 201005  5.101  -86.0004   31.7901    29.6    16.9    23.2    23.1   167.5 -9999.0 U -9999.0 -9999.0 -9999.0
23801 201006  5.101  -86.0004   31.7901    32.5    20.7    26.6    26.1   137.6 -9999.0 U -9999.0 -9999.0 -9999.0
23801 201007  5.101  -86.0004   31.7901    33.5    22.0    27.8    27.1    39.1 -9999.0 U -9999.0 -9999.0 -9999.0
23801 201008  5.101  -86.0004   31.7901    33.0    22.5    27.8    26.8 -9999.0 -9999.0 U -9999.0 -9999.0 -9999.0
23801 201009  5.101  -86.0004   31.7901    32.5    17.5    25.0    24.5    88.2 -9999.0 U -9999.0 -9999.0 -9999.0
23801 201010  5.101  -86.0004   31.7901    26.2     9.9    18.0    17.7    50.2 -9999.0 U -9999.0 -9999.0 -9999.0
23801 201011  5.101  -86.0004   31.7901    20.6     5.8    13.2    12.9   146.2 -9999.0 U -9999.0 -9999.0 -9999.0
23801 201012  5.101  -86.0004   31.7901    12.0    -1.1     5.5     5.3    31.1 -9999.0 U -9999.0 -9999.0 -9999.0
23801 201101  5.101  -86.0004   31.7901    11.8    -0.2     5.8     5.9    90.7 -9999.0 U -9999.0 -9999.0 -9999.0
23801 201102  5.101  -86.0004   31.7901    17.7     3.7    10.7    10.6   100.1 -9999.0 U -9999.0 -9999.0 -9999.0
23801 201103  5.101  -86.0004   31.7901    22.3     8.7    15.5    15.4   128.4 -9999.0 U -9999.0 -9999.0 -9999.0
23801 201104  5.101  -86.0004   31.7901    27.2    11.3    19.2    19.3    31.8 -9999.0 U -9999.0 -9999.0 -9999.0
23801 201105  5.101  -86.0004   31.7901    29.7    13.5    21.6    21.4    44.5 -9999.0 U -9999.0 -9999.0 -9999.0
23801 201106  5.101  -86.0004   31.7901    34.6    20.0    27.3    26.8    76.3 -9999.0 U -9999.0 -9999.0 -9999.0
23801 201107  5.101  -86.0004   31.7901    32.6    21.6    27.1    26.2   181.9 -9999.0 U -9999.0 -9999.0 -9999.0
23801 201108  5.101  -86.0004   31.7901    34.5    20.6    27.5    27.1    38.3 -9999.0 U -9999.0 -9999.0 -9999.0
23801 201109  5.101  -86.0004   31.7901    28.6    16.7    22.7    22.2   122.9 -9999.0 U -9999.0 -9999.0 -9999.0
23801 201110  5.101  -86.0004   31.7901    23.8     8.6    16.2    15.7     7.9 -9999.0 U -9999.0 -9999.0 -9999.0
23801 201111  5.101  -86.0004   31.7901    20.3     7.2    13.7    13.8    77.4 -9999.0 U -9999.0 -9999.0 -9999.0
23801 201112  5.101  -86.0004   31.7901    17.3     5.1    11.2    11.1   129.9 -9999.0 U -9999.0 -9999.0 -9999.0
23801 201201  5.101  -86.0004   31.7901    18.1     4.5    11.3    11.2   104.1 -9999.0 U -9999.0 -9999.0 -9999.0
23801 201202  5.101  -86.0004   31.7901    17.4     6.7    12.0    12.0   120.1 -9999.0 U -9999.0 -9999.0 -9999.0
23801 201203  5.101  -86.0004   31.7901    24.7    12.3    18.5    18.3   154.6 -9999.0 U -9999.0 -9999.0 -9999.0
23801 201204  5.101  -86.0004   31.7901    25.2    12.0    18.6    18.4    41.6 -9999.0 U -9999.0 -9999.0 -9999.0
23801 201205  5.101  -86.0004   31.7901    28.8    16.0    22.4    22.2   101.7 -9999.0 U -9999.0 -9999.0 -9999.0
23801 201206  5.101  -86.0004   31.7901    30.2    18.8    24.5    24.4    75.1 -9999.0 U -9999.0 -9999.0 -9999.0
23801 201207  5.101  -86.0004   31.7901    33.2    21.3    27.2    26.3   127.2 -9999.0 U -9999.0 -9999.0 -9999.0
23801 201208  5.101  -86.0004   31.7901    30.8    20.4    25.6    24.8    54.1 -9999.0 U -9999.0 -9999.0 -9999.0
23801 201209  5.101  -86.0004   31.7901    28.9    17.3    23.1    22.5   144.0 -9999.0 U -9999.0 -9999.0 -9999.0
23801 201210  5.101  -86.0004   31.7901    24.3    10.6    17.4    17.0    56.9 -9999.0 U -9999.0 -9999.0 -9999.0
23801 201211  5.101  -86.0004   31.7901    19.0     3.7    11.4    11.1    35.3 -9999.0 U -9999.0 -9999.0 -9999.0
23801 201212  5.101  -86.0004   31.7901    17.5     5.0    11.2    10.9   164.4 -9999.0 U -9999.0 -9999.0 -9999.0
23801 201301  5.101  -86.0004   31.7901    17.9     6.5    12.2    12.1    52.9 -9999.0 U -9999.0 -9999.0 -9999.0
23801 201302  5.101  -86.0004   31.7901    16.4     4.0    10.2    10.2   300.5 -9999.0 U -9999.0 -9999.0 -9999.0
23801 201303  5.101  -86.0004   31.7901    17.7     3.6    10.6    10.6   102.1 -9999.0 U -9999.0 -9999.0 -9999.0
23801 201304  5.101  -86.0004   31.7901    24.0    10.8    17.4    17.4    68.6 -9999.0 U -9999.0 -9999.0 -9999.0
23801 201305  5.101  -86.0004   31.7901    26.9    13.5    20.2    20.3    28.9 -9999.0 U -9999.0 -9999.0 -9999.0
23801 201306  5.101  -86.0004   31.7901    31.1    20.1    25.6    24.9   104.4 -9999.0 U -9999.0 -9999.0 -9999.0
23801 201307  5.101  -86.0004   31.7901    29.7    20.7    25.2    24.1   325.6 -9999.0 U -9999.0 -9999.0 -9999.0
23801 201308  5.101  -86.0004   31.7901    30.5    20.4    25.5    24.6   118.5 -9999.0 U -9999.0 -9999.0 -9999.0
23801 201309  5.101  -86.0004   31.7901    29.5    18.5    24.0    23.5    46.2 -9999.0 U -9999.0 -9999.0 -9999.0
23801 201310  5.101  -86.0004   31.7901    24.9    12.4    18.6    18.1    15.0 -9999.0 U -9999.0 -9999.0 -9999.0
23801 201311  5.101  -86.0004   31.7901    18.6     6.0    12.3    12.0    52.4 -9999.0 U -9999.0 -9999.0 -9999.0
23801 201312  5.101  -86.0004   31.7901    16.8     4.9    10.8    10.7   177.6 -9999.0 U -9999.0 -9999.0 -9999.0
23801 201401  5.101  -86.0004   31.7901    11.1    -2.0     4.6     4.8    84.0 -9999.0 U -9999.0 -9999.0 -9999.0
23801 201402  5.101  -86.0004   31.7901    16.7     3.7    10.2    10.1   143.1 -9999.0 U -9999.0 -9999.0 -9999.0
23801 201403  5.101  -86.0004   31.7901    18.9     5.4    12.1    12.3   140.1 -9999.0 U -9999.0 -9999.0 -9999.0
23801 201404  5.101  -86.0004   31.7901    23.5    11.0    17.2    17.1   253.4 -9999.0 U -9999.0 -9999.0 -9999.0
23801 201405  5.101  -86.0004   31.7901    27.8    14.8    21.3    21.0   132.6 -9999.0 U -9999.0 -9999.0 -9999.0
23801 201406  5.101  -86.0004   31.7901    30.5    19.6    25.1    24.5    75.8 -9999.0 U -9999.0 -9999.0 -9999.0
23801 201407  5.101  -86.0004   31.7901    31.2    19.6    25.4    25.0    71.5 -9999.0 U -9999.0 -9999.0 -9999.0
23801 201408  5.101  -86.0004   31.7901    32.2    20.1    26.2    25.3    94.3 -9999.0 U -9999.0 -9999.0 -9999.0
23801 201409  5.101  -86.0004   31.7901    29.8    19.2    24.5    23.6   122.4 -9999.0 U -9999.0 -9999.0 -9999.0
23801 201410  5.101  -86.0004   31.7901    25.9    11.2    18.5    18.1    69.3 -9999.0 U -9999.0 -9999.0 -9999.0
23801 201411  5.101  -86.0004   31.7901    17.3     2.7    10.0     9.7    66.0 -9999.0 U -9999.0 -9999.0 -9999.0
23801 201412  5.101  -86.0004   31.7901    16.9     5.0    11.0    10.9   134.1 -9999.0 U -9999.0 -9999.0 -9999.0
23801 201501  5.101  -86.0004   31.7901    14.2     1.4     7.8     8.0    72.1 -9999.0 U -9999.0 -9999.0 -9999.0
23801 201502  5.101  -86.0004   31.7901    13.5     0.8     7.1     6.8   121.6 -9999.0 U -9999.0 -9999.0 -9999.0
23801 201503  5.101  -86.0004   31.7901    22.1    10.0    16.1    15.8    79.9 -9999.0 U -9999.0 -9999.0 -9999.0
23801 201504  5.101  -86.0004   31.7901    24.9    14.3    19.6    19.4   228.7 -9999.0 U -9999.0 -9999.0 -9999.0
23801 201505  5.101  -86.0004   31.7901    28.9    15.6    22.2    21.9    76.8 -9999.0 U -9999.0 -9999.0 -9999.0
23801 201506  5.101  -86.0004   31.7901    31.6    19.9    25.8    25.2    58.9 -9999.0 U -9999.0 -9999.0 -9999.0
23801 201507  5.101  -86.0004   31.7901    32.9    21.6    27.2    26.5   142.5 -9999.0 U -9999.0 -9999.0 -9999.0
23801 201508  5.101  -86.0004   31.7901    32.3    20.6    26.4    25.7    69.2 -9999.0 U -9999.0 -9999.0 -9999.0
23801 201509  5.101  -86.0004   31.7901    29.1    18.1    23.6    23.0    76.6 -9999.0 U -9999.0 -9999.0 -9999.0
23801 201510  5.101  -86.0004   31.7901    24.6    13.0    18.8    18.4    86.5 -9999.0 U -9999.0 -9999.0 -9999.0
23801 201511  5.101  -86.0004   31.7901    21.4    10.7    16.0    15.7   215.9 -9999.0 U -9999.0 -9999.0 -9999.0
23801 201512  5.101  -86.0004   31.7901    20.1     9.5    14.8    14.6 -9999.0 -9999.0 U -9999.0 -9999.0 -9999.0
23801 201601  5.101  -86.0004   31.7901    13.1     1.7     7.4     7.3   107.3 -9999.0 U -9999.0 -9999.0 -9999.0
23801 201602  5.101  -86.0004   31.7901    17.3     4.2    10.8    10.7    74.2 -9999.0 U -9999.0 -9999.0 -9999.0
23801 201603  5.101  -86.0004   31.7901    22.3    10.2    16.3    16.1   175.2 -9999.0 U -9999.0 -9999.0 -9999.0
23801 201604  5.101  -86.0004   31.7901    24.1    11.3    17.7    17.8   142.9 -9999.0 U -9999.0 -9999.0 -9999.0
23801 201605  5.101  -86.0004   31.7901    27.4    15.0    21.2    21.1    44.2 -9999.0 U -9999.0 -9999.0 -9999.0
23801 201606  5.101  -86.0004   31.7901    31.9    19.3    25.6    25.3 -9999.0 -9999.0 U -9999.0 -9999.0 -9999.0
23801 201607  5.101  -86.0004   31.7901    33.0    21.4    27.2    26.2   186.3 -9999.0 U -9999.0 -9999.0 -9999.0
23801 201608  5.102  -86.0004   31.7901    32.1    22.1    27.1    26.2   122.0 -9999.0 U -9999.0 -9999.0 -9999.0
23801 201609  5.102  -86.0004   31.7901    31.5    19.2    25.3    24.3    61.3 -9999.0 U -9999.0 -9999.0 -9999.0
23801 201610  5.102  -86.0004   31.7901    28.2    12.6    20.4    19.7     0.4 -9999.0 U -9999.0 -9999.0 -9999.0
23801 201611  5.102  -86.0004   31.7901    22.8     7.4    15.1    14.8    47.9 -9999.0 U -9999.0 -9999.0 -9999.0
23801 201612  5.102  -86.0004   31.7901    17.2     6.4    11.8    11.9   124.7 -9999.0 U -9999.0 -9999.0 -9999.0
23801 201701  5.102  -86.0004   31.7901    18.5     6.2    12.3    12.2   271.3 -9999.0 U -9999.0 -9999.0 -9999.0
23801 201702  5.102  -86.0004   31.7901    21.0     7.5    14.2    14.2   141.7 -9999.0 U -9999.0 -9999.0 -9999.0
23801 201703  5.102  -86.0004   31.7901    21.6     8.7    15.2    15.3    55.2 -9999.0 U -9999.0 -9999.0 -9999.0
23801 201704  5.102  -86.0004   31.7901    26.4    12.7    19.6    19.6    94.0 -9999.0 U -9999.0 -9999.0 -9999.0
23801 201705  5.102  -86.0004   31.7901    27.4    14.6    21.0    21.0   218.8 -9999.0 U -9999.0 -9999.0 -9999.0
23801 201706  5.102  -86.0004   31.7901    28.7    19.6    24.1    23.6   261.8 -9999.0 U -9999.0 -9999.0 -9999.0
23801 201707  5.102  -86.0004   31.7901    31.5    21.1    26.3    25.5   176.5 -9999.0 U -9999.0 -9999.0 -9999.0
