94075 200309  1.201 -105.5409   40.0354 -9999.0 -9999.0 -9999.0 -9999.0 -9999.0 -9999.0 U -9999.0 -9999.0 -9999.0
94075 200310  1.201 -105.5409   40.0354    11.2    -1.0     5.1     5.5     6.4    14.2 R -9999.0 -9999.0     6.6
94075 200311  1.201 -105.5409   40.0354     0.4    -8.2    -3.9    -3.9    63.6     8.8 R -9999.0 -9999.0    -4.8
94075 200312  1.201 -105.5409   40.0354    -0.3    -9.1    -4.7    -4.4    32.4     7.5 R -9999.0 -9999.0    -6.9
94075 200401  1.201 -105.5409   40.0354    -2.2   -10.8    -6.5    -6.2    51.1     8.0 R -9999.0 -9999.0    -8.1
94075 200402  1.201 -105.5409   40.0354    -3.3   -14.2    -8.7    -8.0    58.8    10.9 R -9999.0 -9999.0   -11.0
94075 200403  1.201 -105.5409   40.0354     5.2    -6.7    -0.7    -0.4    69.2    17.9 R -9999.0 -9999.0    -0.5
94075 200404  1.201 -105.5409   40.0354     3.7    -5.0    -0.7    -0.4   196.6    16.5 R -9999.0 -9999.0    -3.0
94075 200405  1.201 -105.5409   40.0354    11.6    -0.5     5.6     5.8    44.9    22.7 R -9999.0 -9999.0     8.2
94075 200406  1.201 -105.5409   40.0354    14.3     1.4     7.8     8.0   117.4    21.2 R -9999.0 -9999.0    12.1
94075 200407  1.201 -105.5409   40.0354    17.7     4.6    11.2    11.4    99.5    20.7 R -9999.0 -9999.0    14.8
94075 200408  1.201 -105.5409   40.0354    15.6     2.8     9.2     9.4    62.9    19.0 R -9999.0 -9999.0    12.5
94075 200409  1.201 -105.5409   40.0354    13.4     0.7     7.0     7.3    59.8    16.5 R -9999.0 -9999.0     8.6
94075 200410  1.201 -105.5409   40.0354     7.4    -2.8     2.3     2.1    74.0    12.6 R -9999.0 -9999.0     1.6
94075 200411  1.201 -105.5409   40.0354     0.9    -9.3    -4.2    -3.9    73.4     8.2 R -9999.0 -9999.0    -6.8
94075 200412  1.201 -105.5409   40.0354    -1.3    -8.8    -5.0    -4.8    44.8     7.1 R -9999.0 -9999.0    -7.5
94075 200501  1.201 -105.5409   40.0354     0.2    -9.4    -4.6    -4.1    75.4     8.0 R -9999.0 -9999.0    -5.9
94075 200502  1.201 -105.5409   40.0354    -1.1   -11.8    -6.5    -5.9    29.9    12.1 R -9999.0 -9999.0    -9.4
94075 200503  1.201 -105.5409   40.0354    -0.8    -9.6    -5.2    -5.0    74.4    13.6 R -9999.0 -9999.0    -7.0
94075 200504  1.201 -105.5409   40.0354     4.7    -5.3    -0.3    -0.4   153.9    18.5 R -9999.0 -9999.0    -0.6
94075 200505  1.201 -105.5409   40.0354     9.8    -2.2     3.8     4.0    70.7    21.6 R -9999.0 -9999.0     5.7
94075 200506  1.201 -105.5409   40.0354    15.3     2.3     8.8     8.9    48.7    23.3 R -9999.0 -9999.0    11.7
94075 200507  1.201 -105.5409   40.0354    21.7     5.8    13.8    14.1    36.0    24.2 R -9999.0 -9999.0    16.5
94075 200508  1.201 -105.5409   40.0354    17.4     4.2    10.8    10.9    54.1    19.7 R -9999.0 -9999.0    12.1
94075 200509  1.201 -105.5409   40.0354    16.3     2.2     9.2     9.3    30.2    18.8 R -9999.0 -9999.0    10.2
94075 200510  1.301 -105.5409   40.0354     9.3    -2.2     3.5     3.4    53.8    14.3 R -9999.0 -9999.0     2.8
94075 200511  1.301 -105.5409   40.0354     2.5    -6.2    -1.9    -1.5    79.0    10.0 R     4.7    -9.8    -3.6
94075 200512  1.301 -105.5409   40.0354    -3.0   -11.6    -7.3    -6.9    61.7     6.6 R    -4.0   -14.4    -9.1
94075 200601  1.301 -105.5409   40.0354    -1.4   -10.6    -6.0    -5.8    56.6     9.1 R    -0.8   -13.5    -7.9
94075 200602  1.301 -105.5409   40.0354    -3.3   -12.0    -7.6    -7.4    33.5    13.4 R     0.3   -14.9    -8.3
94075 200603  1.301 -105.5409   40.0354     0.2   -10.3    -5.0    -4.7    85.1    14.9 R     3.7   -14.4    -6.2
94075 200604  1.301 -105.5409   40.0354     7.8    -4.8     1.5     1.8    56.5    22.7 R    15.6    -7.1     2.1
94075 200605  1.301 -105.5409   40.0354    12.1    -1.2     5.4     5.6    48.2    22.7 R    29.0    -2.4     8.8
94075 200606  1.301 -105.5409   40.0354    18.8     3.6    11.2    11.8    10.0    25.4 R    36.3     2.4    15.5
94075 200607  1.301 -105.5409   40.0354    19.5     6.9    13.2    13.5   126.7    19.4 R    32.3     5.9    15.2
94075 200608  1.301 -105.5409   40.0354    17.9     5.0    11.5    11.5    33.3    16.4 R    31.0     4.0    13.3
94075 200609  1.301 -105.5409   40.0354    11.4    -0.3     5.5     5.3    62.7    16.8 R    22.0    -2.4     6.4
94075 200610  1.301 -105.5409   40.0354     6.3    -3.2     1.6     1.7    73.0    11.1 R     9.8    -6.4    -0.1
94075 200611  1.301 -105.5409   40.0354     2.2    -7.4    -2.6    -2.0    50.3     9.5 R     2.4   -12.2    -5.2
94075 200612  1.301 -105.5409   40.0354    -1.6   -10.6    -6.1    -5.7 -9999.0     6.6 R    -0.4   -14.7    -8.3
94075 200701  1.301 -105.5409   40.0354    -3.4   -14.4    -8.9    -8.0    56.2     8.0 R    -2.4   -18.6   -10.5
94075 200702  1.301 -105.5409   40.0354    -1.9   -10.2    -6.1    -5.8    50.8    10.6 R     2.6   -13.4    -6.9
94075 200703  1.301 -105.5409   40.0354     3.8    -5.9    -1.1    -0.9    62.0    15.4 R    11.8    -9.2    -1.5
94075 200704  1.301 -105.5409   40.0354     4.7    -5.6    -0.5    -0.4    99.6    17.6 R    13.1    -7.8     0.1
94075 200705  1.301 -105.5409   40.0354    10.5    -1.6     4.4     4.3    86.9    19.5 R    25.1    -3.7     6.2
94075 200706  1.301 -105.5409   40.0354    17.4     2.4     9.9    10.3    21.2    22.9 R    33.5     1.2    13.1
94075 200707  1.302 -105.5409   40.0354    20.6     6.3    13.5    13.6    90.3    20.5 R    31.8     5.1    15.0
94075 200708  1.302 -105.5409   40.0354    19.4     6.4    12.9    13.1    63.0    18.8 R    28.7     5.0    13.6
94075 200709  1.302 -105.5409   40.0354    15.0     1.4     8.2     8.3    36.3    17.0 R    25.0    -0.1     8.9
94075 200710  1.302 -105.5409   40.0354     9.6    -3.4     3.1     3.4    43.2    14.9 R    16.2    -5.9     2.7
94075 200711  1.302 -105.5409   40.0354     4.1    -6.4    -1.1    -0.7    15.2     9.4 R     7.7   -10.9    -3.1
94075 200712  1.302 -105.5409   40.0354    -4.1   -12.3    -8.2    -8.1   128.0     5.9 R    -4.9   -16.4   -10.4
94075 200801  1.302 -105.5409   40.0354    -4.8   -14.0    -9.4    -8.9    49.8     8.1 R    -5.1   -17.4   -11.1
94075 200802  1.302 -105.5409   40.0354    -2.8   -11.9    -7.3    -7.0    73.3    10.9 R    -0.4   -14.9    -8.4
94075 200803  1.302 -105.5409   40.0354    -0.9   -11.4    -6.2    -5.6    94.3    15.2 R     3.0   -15.6    -6.9
94075 200804  1.302 -105.5409   40.0354     3.5    -7.1    -1.8    -1.5    80.2    21.1 R     7.8   -11.0    -3.0
94075 200805  1.302 -105.5409   40.0354     8.6    -2.8     2.9     3.2   103.4    21.0 R    21.6    -5.1     5.0
94075 200806  1.302 -105.5409   40.0354    15.8     1.1     8.4     9.0    43.2    25.7 R    31.7     0.0    12.1
94075 200807  1.302 -105.5409   40.0354    21.0     5.3    13.2    13.4    42.8    22.5 R    32.8     4.1    14.9
94075 200808  2.302 -105.5409   40.0354    18.5     4.5    11.5    11.5   127.4    19.3 R    29.5     3.6    12.5
94075 200809  2.302 -105.5409   40.0354    13.9     0.1     7.0     6.8    50.1    18.3 R    24.0    -0.5     8.5
94075 200810  2.302 -105.5409   40.0354     9.1    -2.8     3.2     3.4    29.3    14.0 R    19.6    -5.0     3.1
94075 200811  2.302 -105.5409   40.0354     3.4    -5.1    -0.8    -0.9    26.3     9.0 R    14.2    -8.2    -1.9
94075 200812  2.302 -105.5409   40.0354    -2.8   -12.1    -7.4    -7.1    63.9     6.6 R     3.5   -14.8    -9.0
94075 200901  2.302 -105.5409   40.0354    -1.4    -9.2    -5.3    -5.1 -9999.0     8.4 R     8.4   -12.3    -6.7
94075 200902  2.302 -105.5409   40.0354    -0.8    -9.0    -4.9    -4.9    39.0    12.7 R    13.8   -12.5    -5.8
94075 200903  2.302 -105.5409   40.0354     2.1    -8.4    -3.1    -2.9 -9999.0    16.5 R    22.4   -10.5    -2.3
94075 200904  2.302 -105.5409   40.0354     3.9    -6.2    -1.1    -0.8 -9999.0    18.3 R    15.3   -10.5    -2.6
94075 200905  2.302 -105.5409   40.0354    11.1    -0.7     5.2     5.1    83.9    20.1 R    33.7    -1.4     8.2
94075 200906  2.302 -105.5409   40.0354    14.5     1.9     8.2     8.2    71.9    21.9 R    32.5     1.3    10.6
94075 200907  2.302 -105.5409   40.0354    18.4     4.0    11.2    11.4    49.4    20.8 R    33.3     3.2    13.2
94075 200908  2.302 -105.5409   40.0354    18.9     3.4    11.1    11.3    12.5    21.7 R    30.9     2.3    13.0
94075 200909  2.302 -105.5409   40.0354    14.1     0.7     7.4     7.6    44.3    15.4 R    24.3    -0.9     8.6
94075 200910  2.302 -105.5409   40.0354     4.4    -6.1    -0.9    -0.7   101.8    12.6 R    13.7    -8.3    -0.8
94075 200911  2.302 -105.5409   40.0354     4.3    -5.8    -0.7    -0.3    22.1    10.4 R     9.8   -10.3    -2.9
94075 200912  2.302 -105.5409   40.0354    -6.5   -15.1   -10.8   -10.3    52.9     5.9 R    -3.2   -18.3   -12.1
94075 201001  2.302 -105.5409   40.0354    -1.4   -11.5    -6.4    -6.0    31.3     8.3 R     3.2   -14.8    -7.9
94075 201002  2.302 -105.5409   40.0354    -4.8   -13.8    -9.3    -8.8    49.4     9.2 R    -0.9   -18.4   -10.4
94075 201003  2.302 -105.5409   40.0354     1.1    -9.3    -4.1    -3.6   107.5    16.1 R     4.9   -13.9    -5.8
94075 201004  2.302 -105.5409   40.0354     4.0    -6.0    -1.0    -1.0   115.1    18.2 R     9.9    -8.5    -1.5
94075 201005  2.302 -105.5409   40.0354     8.1    -3.8     2.2     2.3    93.0    22.1 R    21.4    -6.0     4.2
94075 201006  2.302 -105.5409   40.0354    16.8     2.9     9.8    10.3    66.7    22.6 R    31.4     1.9    12.9
94075 201007  2.302 -105.5409   40.0354    19.2     6.0    12.6    12.8    65.4    21.8 R    29.7     5.0    13.9
94075 201008  2.302 -105.5409   40.0354    18.7     5.3    12.0    12.1    65.0    20.9 R    29.6     4.2    13.4
94075 201009  2.302 -105.5409   40.0354    17.8     2.0     9.9    10.6     6.6    22.0 R    31.5     0.7    12.4
94075 201010  2.404 -105.5409   40.0354     8.4    -1.9     3.2     3.2    82.9    12.5 R    17.5    -4.0     3.4
94075 201011  2.404 -105.5409   40.0354     0.8    -8.4    -3.8    -3.9    59.0     9.3 R     4.1   -12.0    -5.5
94075 201012  2.404 -105.5409   40.0354    -0.8    -8.8    -4.8    -4.5    95.7     5.6 R    -1.4   -12.7    -7.1
94075 201101  2.404 -105.5409   40.0354    -3.4   -11.6    -7.5    -7.4    75.4     7.5 R    -3.9   -14.5    -9.3
94075 201102  2.404 -105.5409   40.0354    -4.1   -14.3    -9.2    -8.8    97.2    10.8 R    -2.7   -17.7   -10.3
94075 201103  2.404 -105.5409   40.0354     1.9    -7.6    -2.8    -2.8   109.8    15.8 R     7.2   -10.2    -3.2
94075 201104  2.404 -105.5409   40.0354     3.1    -6.0    -1.4    -1.5   146.0    19.4 R    10.1    -8.3    -1.3
94075 201105  2.404 -105.5409   40.0354     6.9    -2.7     2.1     2.1   146.4    20.5 R    17.6    -4.5     3.5
94075 201106  2.404 -105.5409   40.0354    16.8     1.5     9.2     9.7    57.2    26.8 R    32.0     0.9    12.7
94075 201107  2.403 -105.5409   40.0354    20.3     6.7    13.5    13.4    83.7    22.6 R    34.1     6.0    15.9
94075 201108  2.403 -105.5409   40.0354    20.8     6.3    13.5    13.5    39.5    21.3 R    36.4     5.3    16.0
94075 201109  2.403 -105.5409   40.0354    14.1     2.0     8.0     8.0    57.5    16.9 R    25.3     1.1     9.8
94075 201110  2.403 -105.5409   40.0354     8.1    -2.4     2.8     2.9    66.0    13.0 R    16.1    -5.2     2.6
94075 201111  2.403 -105.5409   40.0354     1.5    -8.5    -3.5    -3.1    50.5     9.5 R     1.6   -11.9    -5.8
94075 201112  2.403 -105.5409   40.0354    -2.0   -12.5    -7.3    -7.0    65.8     6.6 R    -3.7   -17.2   -10.7
94075 201201  2.403 -105.5409   40.0354    -0.7   -10.2    -5.4    -5.1    60.8     7.9 R     1.4   -13.6    -7.2
94075 201202  2.403 -105.5409   40.0354    -3.5   -14.3    -8.9    -8.5   100.2    11.1 R    -1.3   -17.5   -10.0
94075 201203  2.403 -105.5409   40.0354     6.0    -6.1    -0.1     0.1    11.2    18.5 R    20.6    -8.4     1.8
94075 201204  2.403 -105.5409   40.0354     8.7    -3.8     2.5     2.4    57.2    21.1 R    25.9    -5.6     5.1
94075 201205  2.403 -105.5409   40.0354    11.4    -1.6     4.9     5.2    62.2    21.0 R    27.6    -3.0     8.1
94075 201206  2.413 -105.5409   40.0354    20.5     4.6    12.6    13.4    15.9    25.5 R    36.1     3.2    15.9
94075 201207  2.413 -105.5409   40.0354    19.9     7.2    13.6    13.2   222.2    17.9 C    27.1     6.4    14.0
94075 201208  2.413 -105.5409   40.0354    19.3     5.4    12.3    12.4    33.0    19.5 C    26.3     4.6    13.2
94075 201209  2.413 -105.5409   40.0354    15.0     1.1     8.1     8.3    61.3    17.0 C    23.6     0.5     9.6
94075 201210  2.413 -105.5409   40.0354     7.5    -3.3     2.1     2.2    43.8    13.2 C    13.5    -5.2     2.1
94075 201211  2.413 -105.5409   40.0354     4.6    -4.5     0.0     0.5     2.7     8.8 C     9.6    -7.7    -0.9
94075 201212  2.413 -105.5409   40.0354    -3.0   -11.5    -7.3    -6.8    81.1     5.8 C    -1.9   -15.2    -8.8
94075 201301  2.413 -105.5409   40.0354    -1.8   -12.2    -7.0    -6.9    28.5     8.9 C    -0.2   -15.8    -9.4
94075 201302  2.413 -105.5409   40.0354    -4.0   -12.9    -8.5    -8.2    51.4    10.8 C    -0.2   -16.2    -9.4
94075 201303  2.413 -105.5409   40.0354     0.9    -9.7    -4.4    -3.9    88.6    15.0 C     2.2   -13.4    -5.6
94075 201304  2.413 -105.5409   40.0354     1.7    -8.5    -3.4    -3.2   185.4    17.5 C     3.1   -11.3    -4.3
94075 201305  2.413 -105.5409   40.0354     9.5    -2.0     3.7     3.9   100.0    21.6 C    17.6    -4.4     4.7
94075 201306  2.423 -105.5409   40.0354    18.6     2.5    10.5    11.1    29.0    24.1 C    31.9     1.3    13.7
94075 201307  2.423 -105.5409   40.0354    18.8     5.7    12.3    12.3   108.7    20.0 C    25.1     4.8    12.6
94075 201308  2.423 -105.5409   40.0354    19.0     5.8    12.4    12.0    87.7    17.7 C    25.3     4.6    11.9
94075 201309  2.423 -105.5409   40.0354    14.4     3.2     8.8     8.2 -9999.0    13.6 C    25.4     2.3    10.9
94075 201310  2.423 -105.5409   40.0354     4.3    -3.5     0.4     0.3    55.2    10.3 C     8.7    -6.8    -0.3
94075 201311  2.423 -105.5409   40.0354     2.1    -6.8    -2.4    -2.1    43.8     9.7 C     4.2   -11.2    -4.6
94075 201312  2.423 -105.5409   40.0354    -3.8   -11.9    -7.8    -7.4    49.7     6.7 C    -5.0   -16.7   -10.6
94075 201401  2.423 -105.5409   40.0354    -2.7   -10.9    -6.8    -6.7   135.6     7.5 C    -1.9   -14.1    -8.8
94075 201402  2.423 -105.5409   40.0354    -3.4   -11.2    -7.3    -6.7   159.0     9.0 C    -5.0   -15.8    -9.8
94075 201403  2.423 -105.5409   40.0354     1.5    -8.6    -3.6    -3.2    94.1    16.4 C    -1.2   -15.8    -7.7
94075 201404  2.423 -105.5409   40.0354     4.6    -6.1    -0.7    -0.6    81.2    20.5 C     8.4   -10.5    -2.2
94075 201405  2.423 -105.5409   40.0354 -9999.0 -9999.0 -9999.0 -9999.0   152.8 -9999.0 U -9999.0 -9999.0 -9999.0
94075 201406  2.423 -105.5409   40.0354    17.0     2.0     9.5     9.7    12.6    25.7 C    29.2     1.0    11.8
94075 201407  2.423 -105.5409   40.0354    19.0     6.2    12.6    12.4    98.1    18.6 C    27.2     4.8    12.9
94075 201408  2.423 -105.5409   40.0354    17.0     4.3    10.6    10.4    64.6    19.7 C    24.8     2.7    10.8
94075 201409  2.423 -105.5409   40.0354    15.4     2.1     8.8     8.5    40.6    17.3 C    24.2     0.7     9.3
94075 201410  2.423 -105.5409   40.0354    10.4    -1.4     4.5     4.3    41.7    13.9 C    17.8    -3.9     3.7
94075 201411  2.423 -105.5409   40.0354     0.8    -9.1    -4.1    -3.6    79.9     8.5 C     1.7   -13.7    -6.0
94075 201412  2.423 -105.5409   40.0354    -1.5   -11.3    -6.4    -6.2    61.3     5.8 C    -0.2   -16.1    -9.0
94075 201501  2.423 -105.5409   40.0354     0.2    -9.3    -4.6    -4.1    37.6     7.5 C     0.1   -13.7    -7.1
94075 201502  2.423 -105.5409   40.0354    -1.4   -10.5    -5.9    -5.4   137.6    10.0 C    -0.3   -15.0    -7.8
94075 201503  2.423 -105.5409   40.0354     4.6    -6.5    -0.9    -0.5    47.9    17.9 C     5.7   -11.2    -3.5
94075 201504  2.423 -105.5409   40.0354     5.2    -4.9     0.2     0.3   144.1    17.9 C    11.3    -9.4    -0.9
94075 201505  2.423 -105.5409   40.0354     7.2    -2.0     2.6     2.2   192.8    16.2 C    16.5    -4.2     2.9
94075 201506  2.423 -105.5409   40.0354    17.8     3.4    10.6    10.8    75.2    22.2 C    30.4     2.8    13.0
94075 201507  2.423 -105.5409   40.0354    17.7     6.0    11.8    11.9   109.7    21.7 C    24.6     4.4    12.3
94075 201508  2.423 -105.5409   40.0354    19.8     5.0    12.4    12.4    34.5    20.1 C    30.9     3.0    13.1
94075 201509  2.423 -105.5409   40.0354    17.5     2.7    10.1    10.2     9.9    18.0 C    30.7    -0.1    11.2
94075 201510  2.423 -105.5409   40.0354    10.5    -0.3     5.1     4.6    84.9    11.4 C    16.6    -3.8     3.8
94075 201511  2.423 -105.5409   40.0354     0.8    -9.0    -4.1    -3.8    70.5     9.0 C     0.7   -14.2    -7.4
94075 201512  2.423 -105.5409   40.0354    -3.1   -12.3    -7.7    -7.4    65.3     5.9 C    -4.4   -17.8   -11.1
94075 201601  2.423 -105.5409   40.0354    -1.7   -11.0    -6.4    -6.3    51.4     8.1 C    -4.5   -15.9   -10.6
94075 201602  2.423 -105.5409   40.0354     0.0    -8.0    -4.0    -3.6    84.1    11.5 C     2.5   -13.5    -6.5
94075 201603  2.423 -105.5409   40.0354     0.5    -9.1    -4.3    -3.8   132.5    12.6 C     2.2   -14.4    -6.6
94075 201604  2.423 -105.5409   40.0354     4.1    -5.4    -0.7    -0.7   143.2    16.2 C     3.7    -9.8    -3.3
94075 201605  2.423 -105.5409   40.0354     9.4    -2.7     3.4     3.1    72.0    19.2 C    25.3    -6.2     4.9
94075 201606  2.423 -105.5409   40.0354    19.7     3.9    11.8    12.2    43.6    24.1 C    34.7     2.4    14.5
94075 201607  2.423 -105.5409   40.0354    21.4     6.4    13.9    14.1    19.8    23.2 C    33.6     4.1    15.3
94075 201608  2.423 -105.5409   40.0354    17.9     3.9    10.9    10.7    83.7    17.8 C    29.1     2.7    12.0
94075 201609  2.423 -105.5409   40.0354    16.0     1.4     8.7     8.7    15.8    16.7 C    28.2    -0.6     9.7
94075 201610  2.423 -105.5409   40.0354    11.1    -1.1     5.0     5.3    25.5    13.7 C    21.7    -4.6     4.7
94075 201611  2.423 -105.5409   40.0354     5.0    -6.0    -0.5    -0.6    40.5     9.3 C     8.9   -11.4    -3.3
94075 201612  2.423 -105.5409   40.0354    -2.7   -12.2    -7.5    -7.0   127.6     5.3 C    -5.1   -17.5   -10.6
94075 201701  2.423 -105.5409   40.0354    -3.3   -12.5    -7.9    -7.5   140.6     6.4 C    -5.8   -18.2   -11.5
94075 201702  2.423 -105.5409   40.0354     1.0    -7.6    -3.3    -3.2    82.2    10.9 C     1.7   -11.6    -5.8
94075 201703  2.423 -105.5409   40.0354     5.0    -4.8     0.1     0.2    70.6    14.6 C    14.8    -8.5    -0.3
94075 201704  2.423 -105.5409   40.0354     5.2    -5.9    -0.4    -0.1   112.8    19.7 C    16.5   -10.4     0.4
94075 201705  2.423 -105.5409   40.0354     9.2    -2.0     3.6     3.4   158.9    19.5 C    23.5    -5.1     5.1
94075 201706  2.423 -105.5409   40.0354    17.8     2.5    10.1    10.6    19.3    24.5 C    32.9     1.0    13.2
94075 201707  2.423 -105.5409   40.0354    20.4     6.2    13.3    13.2    60.9    18.4 C    30.5     4.6    13.8
