53006 201009  6.101 -111.4481   31.6922 -9999.0 -9999.0 -9999.0 -9999.0 -9999.0 -9999.0 U -9999.0 -9999.0 -9999.0
53006 201010  6.101 -111.4481   31.6922    27.1     9.3    18.2    17.6    46.0 -9999.0 U -9999.0 -9999.0 -9999.0
53006 201011  6.101 -111.4481   31.6922    20.8     0.2    10.5    10.7     0.0 -9999.0 U -9999.0 -9999.0 -9999.0
53006 201012  6.101 -111.4481   31.6922    20.4     0.9    10.7    10.0    17.4 -9999.0 U -9999.0 -9999.0 -9999.0
53006 201101  6.101 -111.4481   31.6922    18.2    -2.4     7.9     7.3     0.0 -9999.0 U -9999.0 -9999.0 -9999.0
53006 201102  6.101 -111.4481   31.6922    17.4    -2.9     7.3     7.5     7.1 -9999.0 U -9999.0 -9999.0 -9999.0
53006 201103  6.101 -111.4481   31.6922    24.9     2.8    13.9    14.4     1.6 -9999.0 U -9999.0 -9999.0 -9999.0
53006 201104  6.101 -111.4481   31.6922    26.9     7.0    17.0    17.8     8.0 -9999.0 U -9999.0 -9999.0 -9999.0
53006 201105  6.101 -111.4481   31.6922    29.3     8.0    18.6    19.9     0.0 -9999.0 U -9999.0 -9999.0 -9999.0
53006 201106  6.101 -111.4481   31.6922    36.5    14.1    25.3    26.8     0.0 -9999.0 U -9999.0 -9999.0 -9999.0
53006 201107  6.101 -111.4481   31.6922    34.5    19.5    27.0    26.5    90.1 -9999.0 U -9999.0 -9999.0 -9999.0
53006 201108  6.101 -111.4481   31.6922    35.4    20.2    27.8    27.0    63.7 -9999.0 U -9999.0 -9999.0 -9999.0
53006 201109  6.101 -111.4481   31.6922    34.1    15.4    24.8    24.6    16.6 -9999.0 U -9999.0 -9999.0 -9999.0
53006 201110  6.101 -111.4481   31.6922    29.5     8.0    18.7    18.6     4.7 -9999.0 U -9999.0 -9999.0 -9999.0
53006 201111  6.101 -111.4481   31.6922    20.6     2.5    11.6    11.4    18.9 -9999.0 U -9999.0 -9999.0 -9999.0
53006 201112  6.101 -111.4481   31.6922    14.7    -1.7     6.5     5.8    50.6 -9999.0 U -9999.0 -9999.0 -9999.0
53006 201201  6.101 -111.4481   31.6922    20.4    -0.8     9.8     9.3     0.7 -9999.0 U -9999.0 -9999.0 -9999.0
53006 201202  6.101 -111.4481   31.6922    19.3    -0.2     9.5     9.3    11.3 -9999.0 U -9999.0 -9999.0 -9999.0
53006 201203  6.101 -111.4481   31.6922    22.6     1.0    11.8    12.5    10.3 -9999.0 U -9999.0 -9999.0 -9999.0
53006 201204  6.101 -111.4481   31.6922    27.6     5.8    16.7    17.7     2.2 -9999.0 U -9999.0 -9999.0 -9999.0
53006 201205  6.101 -111.4481   31.6922    32.7     8.9    20.8    22.5     2.7 -9999.0 U -9999.0 -9999.0 -9999.0
53006 201206  6.101 -111.4481   31.6922    37.1    15.6    26.3    27.4    21.7 -9999.0 U -9999.0 -9999.0 -9999.0
53006 201207  6.101 -111.4481   31.6922    33.2    20.2    26.7    26.3    54.9 -9999.0 U -9999.0 -9999.0 -9999.0
53006 201208  6.101 -111.4481   31.6922    34.6    19.9    27.2    26.7    66.1 -9999.0 U -9999.0 -9999.0 -9999.0
53006 201209  6.101 -111.4481   31.6922    32.0    15.9    23.9    23.4    22.9 -9999.0 U -9999.0 -9999.0 -9999.0
53006 201210  6.101 -111.4481   31.6922    29.3     8.3    18.8    18.8     0.0 -9999.0 U -9999.0 -9999.0 -9999.0
53006 201211  6.101 -111.4481   31.6922    24.5     3.8    14.1    13.8     4.8 -9999.0 U -9999.0 -9999.0 -9999.0
53006 201212  6.101 -111.4481   31.6922    17.2    -0.3     8.5     8.0    32.1 -9999.0 U -9999.0 -9999.0 -9999.0
53006 201301  6.101 -111.4481   31.6922    15.5    -2.3     6.6     6.3    19.6 -9999.0 U -9999.0 -9999.0 -9999.0
53006 201302  6.101 -111.4481   31.6922    16.1    -1.6     7.2     7.1    17.2 -9999.0 U -9999.0 -9999.0 -9999.0
53006 201303  6.101 -111.4481   31.6922    24.5     4.1    14.3    14.9     2.0 -9999.0 U -9999.0 -9999.0 -9999.0
53006 201304  6.101 -111.4481   31.6922    26.6     6.7    16.6    17.6     0.4 -9999.0 U -9999.0 -9999.0 -9999.0
53006 201305  6.101 -111.4481   31.6922    30.9    10.0    20.5    22.0     0.0 -9999.0 U -9999.0 -9999.0 -9999.0
53006 201306  6.101 -111.4481   31.6922    37.6    15.9    26.8    28.2     2.0 -9999.0 U -9999.0 -9999.0 -9999.0
53006 201307  6.101 -111.4481   31.6922    34.1    20.8    27.4    27.1    45.3 -9999.0 U -9999.0 -9999.0 -9999.0
53006 201308  6.101 -111.4481   31.6922    33.8    19.2    26.5    25.8   108.0 -9999.0 U -9999.0 -9999.0 -9999.0
53006 201309  6.101 -111.4481   31.6922    31.7    14.7    23.2    23.2    80.3 -9999.0 U -9999.0 -9999.0 -9999.0
53006 201310  6.101 -111.4481   31.6922    27.0     5.4    16.2    16.2     0.0 -9999.0 U -9999.0 -9999.0 -9999.0
53006 201311  6.101 -111.4481   31.6922    22.5     4.0    13.3    13.1    47.6 -9999.0 U -9999.0 -9999.0 -9999.0
53006 201312  6.101 -111.4481   31.6922    16.9    -0.2     8.4     7.7    29.8 -9999.0 U -9999.0 -9999.0 -9999.0
53006 201401  6.101 -111.4481   31.6922    21.1    -0.2    10.5     9.9     0.0 -9999.0 U -9999.0 -9999.0 -9999.0
53006 201402  6.101 -111.4481   31.6922    22.1     1.9    12.0    12.1     2.4 -9999.0 U -9999.0 -9999.0 -9999.0
53006 201403  6.101 -111.4481   31.6922    23.1     4.0    13.5    14.1    34.2 -9999.0 U -9999.0 -9999.0 -9999.0
53006 201404  6.101 -111.4481   31.6922    26.3     5.1    15.7    16.9     1.6 -9999.0 U -9999.0 -9999.0 -9999.0
53006 201405  6.101 -111.4481   31.6922    30.8     9.2    20.0    21.5     0.8 -9999.0 U -9999.0 -9999.0 -9999.0
53006 201406  6.101 -111.4481   31.6922 -9999.0 -9999.0 -9999.0 -9999.0 -9999.0 -9999.0 U -9999.0 -9999.0 -9999.0
