04138 200708  1.302 -112.5437   41.6163 -9999.0 -9999.0 -9999.0 -9999.0 -9999.0 -9999.0 U -9999.0 -9999.0 -9999.0
04138 200709 -9.000 -112.5437   41.6163 -9999.0 -9999.0 -9999.0 -9999.0 -9999.0 -9999.0 U -9999.0 -9999.0 -9999.0
04138 200710  1.302 -112.5437   41.6163 -9999.0 -9999.0 -9999.0 -9999.0 -9999.0 -9999.0 U -9999.0 -9999.0 -9999.0
04138 200711  1.302 -112.5437   41.6163     9.1    -4.7     2.2     2.1     6.7     9.4 R    18.8    -6.8     1.8
04138 200712  1.302 -112.5437   41.6163    -0.9    -9.8    -5.4    -4.7    41.9     5.7 R     0.7   -13.3    -6.2
04138 200801  1.302 -112.5437   41.6163    -2.2   -13.5    -7.8    -6.9    36.8     7.6 R    -2.5   -18.6    -9.6
04138 200802  1.302 -112.5437   41.6163     1.3    -8.2    -3.5    -3.1    30.0    12.2 R     0.3   -11.6    -5.3
04138 200803  1.302 -112.5437   41.6163     6.3    -4.9     0.7     0.8    18.0    15.5 R    16.2    -5.6     1.9
04138 200804  1.302 -112.5437   41.6163    12.0    -4.2     3.9     4.7     5.5    20.3 R    32.5    -5.4     8.3
04138 200805  1.302 -112.5437   41.6163    18.6     3.7    11.2    11.8    24.5    23.4 R    42.6     2.1    16.7
04138 200806  1.302 -112.5437   41.6163    26.0     8.6    17.3    18.4     9.2    27.1 R    50.6     6.9    23.7
04138 200807  1.302 -112.5437   41.6163    32.9    14.3    23.6    24.9     7.6    28.3 R    59.3    11.6    30.4
04138 200808  2.302 -112.5437   41.6163    31.0    13.0    22.0    23.1    12.3    25.8 R    55.9    10.2    27.5
04138 200809  2.302 -112.5437   41.6163    24.7     6.9    15.8    16.4    11.6    20.9 R    43.6     4.0    18.6
04138 200810  2.302 -112.5437   41.6163    16.2     1.2     8.7     8.7    21.3    14.0 R    28.9    -0.9     9.3
04138 200811  2.302 -112.5437   41.6163     9.7    -2.1     3.8     3.9    24.9     8.0 R    16.6    -3.1     3.4
04138 200812  2.302 -112.5437   41.6163     1.2   -10.5    -4.7    -4.1    43.5     6.5 R     4.5   -13.8    -5.8
04138 200901  2.302 -112.5437   41.6163     0.3   -10.0    -4.8    -4.3    30.1     8.4 R     0.5   -13.3    -6.8
04138 200902  2.302 -112.5437   41.6163     2.1    -8.3    -3.1    -2.7    49.4    12.5 R     1.8   -11.8    -5.0
04138 200903  2.302 -112.5437   41.6163     7.8    -3.7     2.0     2.2    30.2    16.0 R    13.6    -5.0     1.9
04138 200904  2.302 -112.5437   41.6163    13.2     0.3     6.8     7.0    44.8    19.2 R    27.2    -1.1     8.8
04138 200905  2.302 -112.5437   41.6163    20.3     5.6    12.9    13.4    66.9    25.0 R    37.4     4.2    16.7
04138 200906  2.302 -112.5437   41.6163    22.1     8.6    15.4    15.5    93.6    23.5 R    34.6     8.1    18.1
04138 200907  2.302 -112.5437   41.6163    30.9    13.4    22.2    23.0     0.0    28.1 R    53.9    12.2    28.1
04138 200908  2.302 -112.5437   41.6163    29.2    11.1    20.1    20.8    17.3    24.5 R    48.9     9.4    24.5
04138 200909  2.302 -112.5437   41.6163    26.6     9.5    18.0    18.5    13.5    20.1 R    44.3     7.4    21.0
04138 200910  2.302 -112.5437   41.6163    12.5    -0.5     6.0     6.2    25.6    12.8 R    21.9    -1.4     7.0
04138 200911  2.302 -112.5437   41.6163     8.8    -5.9     1.4     1.6     4.3     9.2 R    14.9    -7.6     0.7
04138 200912  2.302 -112.5437   41.6163    -3.1   -13.2    -8.1    -7.6    30.8     6.1 R    -0.5   -16.4    -9.0
04138 201001  2.302 -112.5437   41.6163     0.2    -9.7    -4.7    -4.3    63.6     7.7 R     0.2   -13.4    -6.6
04138 201002  2.302 -112.5437   41.6163     1.5    -7.5    -3.0    -2.5    18.8    11.2 R     1.2   -10.4    -4.4
04138 201003  2.302 -112.5437   41.6163     7.5    -3.4     2.1     2.3    35.5    14.7 R    12.9    -4.1     2.3
04138 201004  2.302 -112.5437   41.6163    12.6    -0.6     6.0     6.6    40.7    18.9 R    25.6    -1.8     8.4
04138 201005  2.302 -112.5437   41.6163    14.9     1.9     8.4     8.8    42.9    21.1 R    29.6     1.3    11.6
04138 201006  2.302 -112.5437   41.6163    24.2     8.9    16.6    17.1    26.1    24.4 R    41.3     8.3    20.8
04138 201007  2.302 -112.5437   41.6163    31.7    13.4    22.5    23.6     0.0    28.1 R    55.6    11.9    28.9
04138 201008  2.302 -112.5437   41.6163    29.6    12.6    21.1    22.0    10.1    24.2 R    51.1    11.0    26.2
04138 201009  2.404 -112.5437   41.6163    26.0     6.4    16.2    17.1     3.7    20.9 R    43.7     4.2    19.6
04138 201010  2.404 -112.5437   41.6163    17.4     3.4    10.4    10.3    60.6    12.5 R    27.3     2.2    11.1
04138 201011  2.404 -112.5437   41.6163     5.5    -5.7    -0.1     0.2    33.9     7.4 R     9.3    -6.5     0.0
04138 201012  2.404 -112.5437   41.6163     1.9    -5.6    -1.9    -1.6    78.8     4.7 R     3.4    -6.1    -1.7
04138 201101  2.404 -112.5437   41.6163    -1.2   -10.2    -5.7    -5.3     8.1     7.2 R     3.1   -10.3    -4.7
04138 201102  2.404 -112.5437   41.6163     2.1    -9.1    -3.5    -3.1    54.3    11.8 R     8.0    -9.1    -2.0
04138 201103  2.404 -112.5437   41.6163     8.0    -2.7     2.7     3.0    48.0    13.3 R    13.2    -2.7     4.0
04138 201104  2.404 -112.5437   41.6163    10.4    -0.9     4.7     4.6    53.1    17.9 R    16.3    -1.0     6.2
04138 201105  2.404 -112.5437   41.6163    15.1     3.2     9.1     9.3    74.0    20.1 R    21.2     3.4    11.2
04138 201106  2.404 -112.5437   41.6163    23.5     7.6    15.6    16.5     4.9    27.1 R    31.6     8.1    19.4
04138 201107  2.402 -112.5437   41.6163    30.7    14.0    22.3    23.4     0.6    24.4 R    41.7    14.2    27.0
04138 201108  2.402 -112.5437   41.6163    31.7    14.5    23.1    24.0    15.1    22.2 R    43.7    14.6    27.4
04138 201109  2.402 -112.5437   41.6163    26.0     9.2    17.6    18.1    15.9    17.5 R    36.7     9.1    20.7
04138 201110  2.402 -112.5437   41.6163    15.8     2.0     8.9     9.0    43.8    11.1 R    22.3     2.2    10.4
04138 201111  2.402 -112.5437   41.6163     6.3    -5.3     0.5     0.4    13.4     7.1 R    11.5    -5.0     1.2
04138 201112  2.402 -112.5437   41.6163     0.6   -10.4    -4.9    -4.8     4.2     5.8 R     6.1   -10.1    -4.0
04138 201201  2.402 -112.5437   41.6163     3.3    -8.5    -2.6    -2.5    41.5     6.7 R     8.7    -8.3    -1.7
04138 201202  2.402 -112.5437   41.6163     3.9    -4.9    -0.5    -0.5     9.8     8.3 R     8.1    -4.3     0.5
04138 201203  2.402 -112.5437   41.6163    12.0    -1.3     5.3     5.8    37.1    12.9 R    17.3    -1.4     6.9
04138 201204  2.402 -112.5437   41.6163    16.5     1.7     9.1     9.5    32.2    18.0 R    25.6     1.6    11.9
04138 201205  2.402 -112.5437   41.6163    20.7     5.1    12.9    13.7    17.1    22.5 R    31.8     5.2    17.1
04138 201206  2.412 -112.5437   41.6163    28.4    10.3    19.3    20.6     4.3    29.2 R    49.4     7.1    25.3
04138 201207  2.412 -112.5437   41.6163    32.4    15.4    23.9    25.0    18.9    26.3 C    55.8    11.8    29.3
04138 201208  2.412 -112.5437   41.6163    32.3    15.0    23.6    24.5     9.8    23.8 C    55.6    11.0    28.4
04138 201209  2.412 -112.5437   41.6163    26.0     8.6    17.3    17.8     3.0    19.8 C    45.9     4.1    19.6
04138 201210  2.412 -112.5437   41.6163    16.4     1.6     9.0     9.2    18.0    14.2 C    31.0    -2.0     9.6
04138 201211  2.412 -112.5437   41.6163    10.1    -2.2     3.9     3.8    13.0     8.4 C    18.3    -5.3     2.5
04138 201212  2.412 -112.5437   41.6163     1.4    -7.0    -2.8    -2.4    42.1     5.5 C     1.9   -10.5    -4.7
04138 201301  2.412 -112.5437   41.6163    -6.7   -15.0   -10.9   -10.2    41.7     6.7 C    -5.9   -18.5   -11.5
04138 201302  2.412 -112.5437   41.6163    -1.2   -11.7    -6.5    -5.6    16.3    12.8 C    -1.4   -17.5    -9.2
04138 201303  2.412 -112.5437   41.6163     8.9    -2.7     3.1     3.3     5.9    17.2 C    17.8    -5.6     2.9
04138 201304  2.412 -112.5437   41.6163    12.9    -1.2     5.9     6.5    15.3    19.7 C    32.4    -4.5     9.2
04138 201305  2.412 -112.5437   41.6163    20.2     5.6    12.9    13.5    39.7    24.4 C    42.2     2.9    17.8
04138 201306  2.422 -112.5437   41.6163    28.3    10.2    19.2    20.6     0.3    30.9 C    55.6     7.1    27.1
04138 201307  2.422 -112.5437   41.6163    33.5    15.9    24.7    25.4     8.9    25.9 C    60.6    12.7    30.6
04138 201308  2.422 -112.5437   41.6163    31.7    14.8    23.3    24.2     0.2    24.3 C    57.0    11.4    29.0
04138 201309  2.422 -112.5437   41.6163    23.2     9.6    16.4    16.6    27.9    15.9 C    37.6     7.9    18.6
04138 201310  2.422 -112.5437   41.6163    13.8    -0.1     6.9     7.1    10.2    12.5 C    25.6    -2.0     8.1
04138 201311  2.422 -112.5437   41.6163     9.0    -3.6     2.7     2.7    12.8     8.6 C    17.3    -5.4     2.6
04138 201312  2.422 -112.5437   41.6163    -2.3   -12.8    -7.5    -7.1    29.8     6.6 C     1.3   -15.4    -8.2
04138 201401  2.422 -112.5437   41.6163     1.1    -9.8    -4.3    -4.1    18.7     8.7 C     3.3   -13.0    -6.2
04138 201402  2.422 -112.5437   41.6163     5.1    -4.2     0.5     0.7    34.3     9.5 C     8.8    -5.7     0.1
04138 201403  2.422 -112.5437   41.6163    10.3    -2.0     4.1     4.3    65.2    15.0 C    19.2    -3.4     5.3
04138 201404  2.422 -112.5437   41.6163    14.0     0.4     7.2     7.6    41.6    19.8 C    25.9    -1.1     9.4
04138 201405  2.422 -112.5437   41.6163    20.9     6.2    13.6    14.1    24.7    24.4 C    35.3     4.8    17.2
04138 201406  2.422 -112.5437   41.6163    26.1     9.1    17.6    18.7     7.2    26.4 C    44.3     7.3    23.1
04138 201407  2.422 -112.5437   41.6163    33.1    15.9    24.5    25.5     6.6    26.9 C    52.0    14.0    29.9
04138 201408  2.422 -112.5437   41.6163    27.3    13.0    20.1    20.3    88.6    22.7 C    40.9    12.1    23.2
04138 201409  2.422 -112.5437   41.6163    25.0    10.0    17.5    17.8    54.4    19.0 C    37.4     8.6    19.9
04138 201410  2.422 -112.5437   41.6163    18.4     2.3    10.4    10.7     0.4    14.8 C    27.6     0.9    11.5
04138 201411  2.422 -112.5437   41.6163     7.6    -4.9     1.4     1.1    17.6     8.7 C    12.6    -5.9     1.1
04138 201412  2.422 -112.5437   41.6163     4.6    -4.7     0.0     0.0    27.8     6.2 C     7.8    -5.3    -0.2
04138 201501  2.422 -112.5437   41.6163     3.5    -6.2    -1.3    -1.4    19.3     7.6 C     6.4    -7.1    -1.8
04138 201502  2.422 -112.5437   41.6163     9.1    -2.8     3.1     3.2     6.5    11.6 C    15.5    -3.5     3.3
04138 201503  2.422 -112.5437   41.6163    13.6    -1.6     6.0     6.4    12.0    17.0 C    23.8    -2.9     7.6
04138 201504  2.422 -112.5437   41.6163    15.8     0.2     8.0     8.5    19.6    22.3 C    29.2    -1.1    11.2
04138 201505  2.422 -112.5437   41.6163    18.4     6.4    12.4    12.5   113.3    19.4 C    28.5     5.9    14.4
04138 201506  2.422 -112.5437   41.6163    30.4    12.8    21.6    22.5     5.8    29.4 C    48.4    11.3    27.1
04138 201507  2.422 -112.5437   41.6163    29.1    13.3    21.2    21.9    31.7    26.3 C    45.5    12.0    25.5
04138 201508  2.422 -112.5437   41.6163    30.3    13.3    21.8    22.5     9.5    22.2 C    49.0    10.3    25.7
04138 201509  2.422 -112.5437   41.6163    25.8     9.5    17.7    18.2    41.5    18.1 C    41.4     5.8    19.5
04138 201510  2.422 -112.5437   41.6163    18.6     5.7    12.1    12.1    37.2    12.5 C    29.0     3.1    12.2
04138 201511  2.422 -112.5437   41.6163     5.9    -5.2     0.3     0.2    12.2     7.7 C    10.8    -6.8    -0.4
04138 201512  2.422 -112.5437   41.6163     0.7    -8.8    -4.1    -3.8    34.4     6.0 C     1.5   -12.8    -6.3
04138 201601  2.422 -112.5437   41.6163    -0.2    -9.9    -5.1    -4.5    42.7     7.1 C    -1.4   -14.8    -7.3
04138 201602  2.422 -112.5437   41.6163     3.4    -5.8    -1.2    -1.0    11.5    10.9 C     4.2    -8.0    -2.7
04138 201603  2.422 -112.5437   41.6163    10.5    -1.0     4.8     4.9    56.6    14.2 C    21.8    -2.6     5.6
04138 201604  2.422 -112.5437   41.6163    15.4     2.9     9.2     9.4    49.4    19.3 C    30.9     0.8    11.7
04138 201605  2.422 -112.5437   41.6163    18.9     4.8    11.9    12.2    48.7    21.8 C    36.7     3.1    15.4
04138 201606  2.422 -112.5437   41.6163    29.5    11.7    20.6    21.6     6.8    26.5 C    52.6     9.3    26.7
04138 201607  2.422 -112.5437   41.6163    32.4    14.6    23.5    24.9     0.0    27.1 C    57.1    10.8    30.1
04138 201608  2.422 -112.5437   41.6163    31.1    12.3    21.7    22.9     0.2    23.5 C    54.4     8.5    26.9
04138 201609  2.422 -112.5437   41.6163    22.8     7.6    15.2    15.7    63.3    18.1 C    38.7     5.0    17.8
04138 201610  2.422 -112.5437   41.6163    16.6     3.7    10.2    10.2    56.3    11.7 C    23.9     1.6     9.5
04138 201611  2.422 -112.5437   41.6163    10.6    -1.9     4.3     4.2    18.0     9.5 C    17.1    -4.0     3.2
04138 201612  2.422 -112.5437   41.6163    -0.7    -9.7    -5.2    -5.0    70.1     6.0 C     1.2   -10.8    -5.3
04138 201701  2.422 -112.5437   41.6163    -3.3   -12.4    -7.8    -7.2    98.4     6.8 C    -3.5   -16.5    -9.2
04138 201702  2.422 -112.5437   41.6163     4.0    -5.6    -0.8    -0.1    79.6    10.0 C     1.4    -8.8    -3.4
04138 201703  2.422 -112.5437   41.6163    12.1     0.0     6.0     6.4    41.2    14.2 C    17.6    -2.3     5.6
04138 201704  2.422 -112.5437   41.6163    12.6     0.3     6.4     6.8    63.9    18.5 C    23.5    -0.9     8.0
04138 201705  2.422 -112.5437   41.6163    20.0     5.1    12.5    13.2    20.8    25.4 C    39.6     3.2    17.4
04138 201706  2.422 -112.5437   41.6163    28.4    10.6    19.5    20.6     7.1    28.1 C    50.9     8.5    26.0
04138 201707  2.422 -112.5437   41.6163    33.9    16.7    25.3    26.1     3.8    26.3 C    57.5    14.0    31.1
