04137 200707  1.302 -113.0057   45.1580 -9999.0 -9999.0 -9999.0 -9999.0 -9999.0 -9999.0 U -9999.0 -9999.0 -9999.0
04137 200708  1.302 -113.0057   45.1580    27.0     5.0    16.0    16.6    21.8    20.9 R    51.7     4.1    20.6
04137 200709  1.302 -113.0057   45.1580    18.4     1.4     9.9    10.0    35.6    15.9 R    33.3     0.5    12.0
04137 200710  1.302 -113.0057   45.1580    11.0    -3.2     3.9     3.8    24.7    10.4 R    18.7    -4.4     3.7
04137 200711  1.302 -113.0057   45.1580     5.8    -8.6    -1.4    -1.6     7.8     7.6 R     7.2   -10.2    -3.4
04137 200712  1.302 -113.0057   45.1580    -3.9   -15.0    -9.5    -8.6    24.9     5.3 R    -5.5   -18.2   -11.1
04137 200801  1.302 -113.0057   45.1580    -5.2   -18.5   -11.8   -11.4     5.6     7.0 R    -7.1   -20.9   -13.9
04137 200802  1.302 -113.0057   45.1580    -0.5   -11.8    -6.1    -5.7    11.7    11.4 R    -0.2   -14.0    -7.3
04137 200803  1.302 -113.0057   45.1580     1.8    -9.2    -3.7    -3.5     8.2    15.8 R    11.3    -9.6    -2.3
04137 200804  1.302 -113.0057   45.1580     7.3    -6.7     0.3     0.2    12.2    20.7 R    27.3    -8.6     3.4
04137 200805  1.302 -113.0057   45.1580    14.2     0.1     7.1     7.4    49.2    21.1 R    37.6    -0.8    11.8
04137 200806  1.302 -113.0057   45.1580    20.0     2.9    11.4    12.1     4.9    24.9 R    43.4     3.2    17.9
04137 200807  1.302 -113.0057   45.1580    27.8     6.2    17.0    18.1     6.4    27.4 R    53.9     6.8    25.0
04137 200808  1.302 -113.0057   45.1580    26.3     4.7    15.5    16.4     7.6    23.2 R    49.0     4.9    21.6
04137 200809  1.302 -113.0057   45.1580    19.6    -0.9     9.4     9.6    11.4    17.1 R    36.9    -1.1    12.4
04137 200810  1.302 -113.0057   45.1580    12.3    -4.3     4.0     4.0    18.3    11.9 R    19.1    -5.5     3.4
04137 200811  1.302 -113.0057   45.1580     6.4    -6.1     0.2     0.3     9.0     6.0 R     8.6    -6.7    -1.0
04137 200812  1.302 -113.0057   45.1580    -3.2   -16.2    -9.7    -9.3    15.2     4.8 R    -3.3   -18.1   -11.0
04137 200901  1.302 -113.0057   45.1580    -0.8   -13.9    -7.4    -6.8     8.7     6.9 R    -3.8   -16.3    -9.9
04137 200902  1.302 -113.0057   45.1580     0.8   -12.6    -5.9    -5.7     5.7    10.9 R    -1.4   -15.5    -8.8
04137 200903  1.302 -113.0057   45.1580     2.0    -9.9    -3.9    -3.6    35.0    14.7 R     3.8   -11.6    -4.7
04137 200904  1.302 -113.0057   45.1580     8.1    -4.0     2.0     2.1    27.7    18.5 R    22.3    -4.1     4.9
04137 200905  1.302 -113.0057   45.1580    16.9    -0.1     8.4     8.8    14.5    25.3 R    40.6    -0.8    14.2
04137 200906  1.302 -113.0057   45.1580    18.0     4.4    11.2    11.2    96.1    22.9 R    34.6     4.7    15.1
04137 200907  1.302 -113.0057   45.1580    25.1     6.6    15.8    16.3    25.6    25.3 R    46.0     6.8    21.1
04137 200908  1.302 -113.0057   45.1580    24.6     5.9    15.2    15.5    25.8    20.7 R    41.2     5.8    19.0
04137 200909  1.302 -113.0057   45.1580    23.8     2.0    12.9    13.5    10.6    18.8 R    38.0     2.0    16.0
04137 200910  1.302 -113.0057   45.1580     6.7    -4.2     1.2     1.0    36.6     9.8 R     8.9    -4.7     0.8
04137 200911  1.302 -113.0057   45.1580     3.9   -11.8    -3.9    -3.7    13.9     7.0 R     2.4   -13.2    -5.9
04137 200912  1.302 -113.0057   45.1580    -5.1   -18.4   -11.8   -11.5     4.2     5.6 R    -7.2   -20.5   -14.0
04137 201001  1.302 -113.0057   45.1580    -1.5   -14.4    -8.0    -7.7     9.4     6.3 R    -3.2   -16.6    -9.8
04137 201002  1.302 -113.0057   45.1580    -0.4   -14.0    -7.2    -7.1     7.3    10.2 R    -2.1   -16.8    -9.3
04137 201003  1.302 -113.0057   45.1580     5.9    -7.0    -0.6    -0.6     5.2    14.7 R     5.9    -7.1    -1.4
04137 201004  1.302 -113.0057   45.1580     9.7    -4.1     2.8     2.8    21.7    18.2 R    18.8    -4.2     4.4
04137 201005  1.302 -113.0057   45.1580    10.9    -2.0     4.4     4.7    74.3    18.4 R    25.3    -2.7     7.3
04137 201006  1.302 -113.0057   45.1580    18.4     4.5    11.5    11.3    68.5    21.7 R    29.3     4.6    13.8
04137 201007  1.302 -113.0057   45.1580    25.2     5.2    15.2    15.8    12.2    25.9 R    37.9     5.7    18.9
04137 201008  1.302 -113.0057   45.1580    24.0     4.6    14.3    14.6    21.2    20.4 R    35.5     5.0    16.7
04137 201009  2.404 -113.0057   45.1580    21.0     1.1    11.1    11.1    14.6    17.2 R    26.7     1.0    11.5
04137 201010  2.404 -113.0057   45.1580    15.0    -2.3     6.4     6.2     9.5    10.7 R    18.0    -2.5     5.8
04137 201011  2.404 -113.0057   45.1580     3.6    -9.3    -2.8    -2.7    17.2     6.0 R     1.9   -12.1    -5.7
04137 201012  2.404 -113.0057   45.1580    -3.8   -16.6   -10.2    -9.5    29.5     5.1 R    -5.5   -18.0   -11.3
04137 201101  2.404 -113.0057   45.1580    -1.6   -12.6    -7.1    -6.4     6.0     6.1 R    -3.9   -14.8    -8.6
04137 201102  2.404 -113.0057   45.1580    -2.2   -14.8    -8.5    -7.9    10.8    10.0 R    -3.5   -16.5    -9.5
04137 201103  2.404 -113.0057   45.1580     4.2    -7.6    -1.7    -1.5    15.0    13.4 R     4.7    -8.0    -2.0
04137 201104  2.404 -113.0057   45.1580     6.8    -5.5     0.6     0.6    14.8    17.2 R    16.3    -6.0     2.3
04137 201105  2.404 -113.0057   45.1580    12.8    -0.5     6.2     6.2    64.8    20.2 R    26.0    -0.7     8.9
04137 201106  2.403 -113.0057   45.1580    18.3     2.9    10.6    10.9    51.1    22.4 R    29.4     2.8    13.4
04137 201107  2.403 -113.0057   45.1580    27.4     5.9    16.6    17.4    26.0    26.7 R    40.8     6.1    20.5
04137 201108  2.403 -113.0057   45.1580    27.3     5.7    16.5    17.1    11.1    21.5 R    39.1     5.7    19.0
04137 201109  2.403 -113.0057   45.1580    23.6     0.7    12.2    12.6     1.6    18.6 R    31.7     0.6    13.4
04137 201110  2.403 -113.0057   45.1580    12.9    -2.1     5.4     5.5    24.1     9.8 R    16.5    -2.2     5.2
04137 201111  2.403 -113.0057   45.1580     2.0   -12.4    -5.2    -4.9    11.3     6.6 R     1.9   -13.3    -6.0
04137 201112  2.403 -113.0057   45.1580     0.5   -14.1    -6.8    -6.2    10.8     5.4 R    -0.9   -14.9    -8.0
04137 201201  2.403 -113.0057   45.1580     1.3   -11.7    -5.2    -5.0     4.4     6.2 R    -0.1   -12.7    -6.7
04137 201202  2.403 -113.0057   45.1580     0.5   -11.4    -5.4    -5.3     6.6     8.7 R     1.9   -11.8    -5.6
04137 201203  2.403 -113.0057   45.1580     8.7    -5.3     1.7     1.7    20.2    12.8 R    11.6    -5.8     1.4
04137 201204  2.403 -113.0057   45.1580    13.0    -3.9     4.6     4.8    18.0    19.2 R    23.9    -4.0     6.6
04137 201205  2.403 -113.0057   45.1580    15.7    -0.9     7.4     7.7    17.9    21.8 R    31.0    -1.2    11.2
04137 201206  2.413 -113.0057   45.1580    23.3     2.7    13.0    14.0    12.2    27.0 R    42.0     2.5    18.6
04137 201207  2.413 -113.0057   45.1580    29.4     8.2    18.8    19.3    21.3    23.6 C    47.3     7.7    23.3
04137 201208  2.413 -113.0057   45.1580    28.3     5.6    16.9    17.4     9.1    21.3 C    40.8     4.8    19.5
04137 201209  2.413 -113.0057   45.1580    23.4     0.8    12.1    12.4     7.4    16.6 C    31.5    -0.4    12.4
04137 201210  2.413 -113.0057   45.1580    11.8    -4.9     3.5     3.6    10.4    10.8 C    15.4    -6.3     2.7
04137 201211  2.413 -113.0057   45.1580     3.8    -9.9    -3.1    -2.4    19.6     6.3 C     2.0   -12.4    -5.2
04137 201212  2.413 -113.0057   45.1580    -2.2   -13.5    -7.9    -7.5    11.2     4.7 C    -4.6   -16.2   -10.1
04137 201301  2.413 -113.0057   45.1580 -9999.0 -9999.0 -9999.0 -9999.0    14.9     6.1 C    -6.7   -20.0   -13.3
04137 201302  2.413 -113.0057   45.1580    -0.1   -12.3    -6.2    -5.7     5.8    10.0 C    -3.4   -17.0    -9.7
04137 201303  2.413 -113.0057   45.1580     5.7    -7.4    -0.9    -0.9     6.2    15.1 C     5.2    -9.7    -3.1
04137 201304  2.413 -113.0057   45.1580     9.3    -5.2     2.1     2.2     9.5    19.1 C    19.0    -6.5     3.4
04137 201305  2.413 -113.0057   45.1580    16.6     1.2     8.9     8.9    59.9    20.2 C    29.6     0.4    11.3
04137 201306  2.413 -113.0057   45.1580    22.5     4.3    13.4    13.7    49.7    23.7 C    36.1     3.6    16.5
04137 201307  2.423 -113.0057   45.1580    29.0     8.1    18.5    19.5    29.0    25.6 C    43.0     7.8    22.4
04137 201308  2.423 -113.0057   45.1580    28.2     6.5    17.3    17.9    12.1    21.9 C    39.0     6.0    19.7
04137 201309  2.423 -113.0057   45.1580    19.5     4.2    11.8    11.7    46.2    14.1 C    25.2     3.5    12.0
04137 201310  2.423 -113.0057   45.1580    10.9    -4.7     3.1     2.7     9.4    11.3 C    12.5    -5.7     1.6
04137 201311  2.423 -113.0057   45.1580     5.7    -9.0    -1.7    -1.7     4.4     6.7 C     6.3    -9.9    -3.4
04137 201312  2.423 -113.0057   45.1580    -2.5   -15.8    -9.2    -8.6    13.1     5.1 C    -4.4   -18.1   -11.0
04137 201401  2.423 -113.0057   45.1580     2.7   -10.3    -3.8    -3.9     3.9     6.2 C     0.4   -11.9    -6.2
04137 201402  2.423 -113.0057   45.1580    -3.3   -17.1   -10.2    -9.8    39.2     9.8 C    -5.1   -20.2   -11.9
04137 201403  2.423 -113.0057   45.1580     4.7    -6.6    -1.0    -0.9    10.9    14.0 C     2.9    -8.5    -2.8
04137 201404  2.423 -113.0057   45.1580    10.9    -3.7     3.6     3.7    13.0    19.6 C    19.3    -4.8     4.7
04137 201405  2.423 -113.0057   45.1580    16.9     0.4     8.6     9.1    39.9    23.6 C    28.5    -0.7    11.3
04137 201406  2.423 -113.0057   45.1580    19.6     3.4    11.5    11.9    32.4    24.3 C    35.1     2.9    15.5
04137 201407  2.423 -113.0057   45.1580    28.9     8.0    18.5    19.3     3.3    25.7 C    45.3     7.6    23.4
04137 201408  2.423 -113.0057   45.1580    23.9     6.8    15.4    15.4    58.4    19.7 C    34.8     6.6    17.4
04137 201409  2.423 -113.0057   45.1580    20.1     1.8    10.9    11.2    20.3    17.7 C    25.8     1.1    11.4
04137 201410  2.423 -113.0057   45.1580    15.5    -1.7     6.9     6.5     5.4    12.0 C    16.9    -2.8     5.1
04137 201411  2.423 -113.0057   45.1580     1.9   -11.7    -4.9    -4.4    21.6     7.3 C     1.5   -13.9    -6.4
04137 201412  2.423 -113.0057   45.1580    -0.4   -11.8    -6.1    -5.4    17.8     4.8 C    -1.5   -13.5    -7.1
04137 201501  2.423 -113.0057   45.1580     2.6    -8.8    -3.1    -3.0     2.2     6.6 C     0.8    -9.4    -4.8
04137 201502  2.423 -113.0057   45.1580     5.1    -6.7    -0.8    -0.9     8.7    10.0 C     5.6    -7.9    -2.2
04137 201503  2.423 -113.0057   45.1580    11.1    -5.7     2.7     2.7     8.5    15.7 C    14.6    -7.1     1.6
04137 201504  2.423 -113.0057   45.1580    11.7    -4.4     3.6     3.5    32.5    20.6 C    20.5    -5.7     4.7
04137 201505  2.423 -113.0057   45.1580    14.9     2.1     8.5     8.5    90.4    19.3 C    26.6     1.9    10.7
04137 201506  2.423 -113.0057   45.1580    25.0     6.5    15.7    16.2    46.9    27.1 C    36.7     6.0    18.5
04137 201507  2.423 -113.0057   45.1580    25.5     6.7    16.1    16.5    31.5    25.5 C    39.6     6.6    19.7
04137 201508  2.423 -113.0057   45.1580    26.8     5.5    16.2    16.7    15.6    20.3 C    36.6     5.1    18.2
04137 201509  2.423 -113.0057   45.1580    22.0     2.1    12.0    12.3    20.5    16.7 C    27.0     1.2    12.1
04137 201510  2.423 -113.0057   45.1580    15.9    -0.4     7.7     7.6    18.6    10.5 C    17.5    -1.1     6.7
04137 201511  2.423 -113.0057   45.1580    -0.2   -12.6    -6.4    -6.2    40.4     7.2 C    -1.9   -14.8    -8.4
04137 201512  2.423 -113.0057   45.1580    -2.9   -14.9    -8.9    -8.2    31.4     4.5 C    -4.5   -17.7   -10.5
04137 201601  2.423 -113.0057   45.1580    -3.0   -15.2    -9.1    -8.6    15.6     6.2 C    -4.8   -18.0   -11.0
04137 201602  2.423 -113.0057   45.1580     2.7    -9.5    -3.4    -2.9     5.4    10.5 C     0.6   -11.0    -5.1
04137 201603  2.423 -113.0057   45.1580     5.9    -5.4     0.3     0.0    15.5    13.3 C     8.0    -6.7    -0.7
04137 201604  2.423 -113.0057   45.1580    13.4    -2.5     5.5     5.7    35.0    18.5 C    20.9    -3.3     6.4
04137 201605  2.423 -113.0057   45.1580    15.0     1.0     8.0     8.2    31.9    20.1 C    25.3     0.3    10.1
04137 201606  2.423 -113.0057   45.1580    24.8     4.2    14.5    15.4    19.4    26.2 C    38.8     3.8    18.9
04137 201607  2.423 -113.0057   45.1580    27.4     5.4    16.4    17.4     8.4    25.2 C    43.6     5.0    21.1
04137 201608  2.423 -113.0057   45.1580    26.7     4.3    15.5    16.3     8.3    22.5 C    39.1     3.6    18.6
04137 201609  2.423 -113.0057   45.1580    18.7     2.6    10.7    10.4    35.8    14.6 C    24.3     1.7    10.7
04137 201610  2.423 -113.0057   45.1580    12.3    -0.8     5.7     5.5    62.6     8.5 C    14.4    -1.6     4.7
04137 201611  2.423 -113.0057   45.1580     7.9    -6.1     0.9     0.4     6.7     6.8 C     7.9    -6.7    -1.0
04137 201612  2.423 -113.0057   45.1580    -5.9   -19.3   -12.6   -11.4    41.1     4.7 C    -7.5   -22.4   -13.7
04137 201701  2.423 -113.0057   45.1580 -9999.0 -9999.0 -9999.0 -9999.0 -9999.0 -9999.0 U -9999.0 -9999.0 -9999.0
04137 201702  2.423 -113.0057   45.1580    -1.0   -11.7    -6.4    -5.6    14.2    10.0 C    -3.7   -14.3    -8.4
04137 201703  2.423 -113.0057   45.1580     7.6    -3.5     2.1     2.1    14.5    13.4 C     6.8    -5.6    -0.2
04137 201704  2.423 -113.0057   45.1580     9.8    -3.3     3.2     2.8    32.1    16.7 C    17.4    -4.6     3.4
04137 201705  2.423 -113.0057   45.1580    16.8     0.4     8.6     9.0    43.2    22.1 C    27.9    -0.4    11.0
04137 201706  2.423 -113.0057   45.1580    21.7     4.3    13.0    13.4    30.5    23.5 C    32.2     3.3    15.5
04137 201707  2.423 -113.0057   45.1580    29.9     7.1    18.5    19.6     6.7    24.7 C    43.7     6.4    22.1
