63856 200412  1.201  -81.4596   30.8078 -9999.0 -9999.0 -9999.0 -9999.0 -9999.0 -9999.0 U -9999.0 -9999.0 -9999.0
63856 200501  1.201  -81.4596   30.8078    17.8     7.6    12.7    12.2    29.4    10.6 R -9999.0 -9999.0    13.0
63856 200502  1.201  -81.4596   30.8078    17.5     6.8    12.2    12.1   129.7    12.1 R -9999.0 -9999.0    13.7
63856 200503  1.201  -81.4596   30.8078    19.7     9.1    14.4    14.4   151.8    15.5 R -9999.0 -9999.0    16.5
63856 200504  1.201  -81.4596   30.8078    22.1    11.2    16.7    17.2   148.0    22.0 R -9999.0 -9999.0    20.5
63856 200505  1.201  -81.4596   30.8078    26.0    16.6    21.3    21.6    65.0    22.4 R -9999.0 -9999.0    25.7
63856 200506  1.201  -81.4596   30.8078    29.3    22.7    26.0    25.9   124.5    20.2 R -9999.0 -9999.0    29.6
63856 200507  1.201  -81.4596   30.8078    31.8    23.5    27.6    27.5    96.6    22.4 R -9999.0 -9999.0    30.9
63856 200508  1.201  -81.4596   30.8078    31.6    24.1    27.8    27.7   176.5    19.7 R -9999.0 -9999.0    29.8
63856 200509  1.201  -81.4596   30.8078    30.2    22.5    26.3    26.4    88.7    18.9 R -9999.0 -9999.0    27.8
63856 200510  1.201  -81.4596   30.8078    25.2    16.6    20.9    20.7   441.2    13.4 R -9999.0 -9999.0    21.6
63856 200511  1.201  -81.4596   30.8078    22.7    12.2    17.5    17.4    36.8    12.2 R -9999.0 -9999.0    17.8
63856 200512  1.201  -81.4596   30.8078    16.6     5.3    11.0    11.0   181.6    10.1 R -9999.0 -9999.0    10.9
63856 200601  1.301  -81.4596   30.8078    18.7     7.3    13.0    13.0    95.5    11.7 R -9999.0 -9999.0    13.3
63856 200602  1.301  -81.4596   30.8078    17.2     5.6    11.4    11.6    87.3    13.2 R    29.7     3.3    12.6
63856 200603  1.301  -81.4596   30.8078    21.1     8.8    14.9    15.2    11.6    19.0 R    38.7     6.0    17.6
63856 200604  1.301  -81.4596   30.8078    26.1    15.3    20.7    20.5    46.2    22.2 R    43.7    12.9    23.6
63856 200605  1.301  -81.4596   30.8078    29.1    17.4    23.3    23.0    75.3    22.7 R    44.4    15.9    26.2
63856 200606  1.301  -81.4596   30.8078    30.6    21.9    26.3    26.0   121.8    23.1 R    48.2    20.8    30.1
63856 200607  1.301  -81.4596   30.8078    31.6    22.6    27.1    27.1    64.3    23.4 R    49.2    21.9    31.2
63856 200608  1.301  -81.4596   30.8078    32.4    23.6    28.0    27.6   145.8    20.9 R    50.4    22.9    31.7
63856 200609  1.301  -81.4596   30.8078    29.5    21.2    25.4    25.4    63.6    18.1 R    43.6    20.2    28.0
63856 200610  1.301  -81.4596   30.8078    25.6    14.6    20.1    20.3    54.1    15.7 R    37.4    13.3    22.0
63856 200611  1.301  -81.4596   30.8078    20.3     9.9    15.1    15.1    12.9    12.3 R    28.7     8.5    16.0
63856 200612  1.301  -81.4596   30.8078    19.4    10.3    14.9    14.7   111.1     8.8 R    25.5     9.2    15.3
63856 200701  1.301  -81.4596   30.8078    17.8     8.6    13.2    13.0    68.2    10.1 R    25.1     7.6    14.0
63856 200702  1.302  -81.4596   30.8078    18.1     5.8    11.9    11.8    45.8    15.3 R    31.7     3.4    13.4
63856 200703  1.302  -81.4596   30.8078 -9999.0 -9999.0 -9999.0 -9999.0    31.6    19.6 R    39.6     8.3    19.0
63856 200704  1.302  -81.4596   30.8078 -9999.0 -9999.0 -9999.0 -9999.0     9.8    22.7 R    44.2     9.4    22.0
63856 200705  1.302  -81.4596   30.8078    26.4    18.5    22.5    22.5    25.6    24.2 R    47.7    16.7    27.2
63856 200706  1.302  -81.4596   30.8078    29.5    21.6    25.5    25.6   257.5    23.5 R    47.0    20.7    29.5
63856 200707  1.302  -81.4596   30.8078    31.4    23.2    27.3    26.7   136.4    19.9 R    46.0    22.5    29.5
63856 200708  1.302  -81.4596   30.8078    32.1    23.5    27.8    27.7   132.6    21.1 R    46.6    22.8    30.9
63856 200709  1.302  -81.4596   30.8078    29.6    22.7    26.1    26.0   161.6    17.5 R    42.8    21.7    28.1
63856 200710  1.302  -81.4596   30.8078    26.7    20.0    23.4    23.3   186.9    12.5 R    35.7    19.1    24.4
63856 200711  1.302  -81.4596   30.8078    21.1     9.5    15.3    15.2     3.0    12.8 R    31.6     7.1    15.7
63856 200712  1.302  -81.4596   30.8078    20.3     8.8    14.6    14.5    46.3    10.1 R    29.1     7.2    15.1
63856 200801  1.302  -81.4596   30.8078    16.3     5.8    11.1    11.1    60.3    10.1 R    26.0     3.8    11.6
63856 200802  1.302  -81.4596   30.8078    19.6     6.7    13.2    13.4   129.7    15.3 R    34.1     4.6    14.7
63856 200803  1.302  -81.4596   30.8078    21.0     9.6    15.3    15.6    67.0    18.1 R    38.5     7.3    18.2
63856 200804  1.302  -81.4596   30.8078    23.5    13.1    18.3    18.4    62.4    21.5 R    43.1    11.1    22.2
63856 200805  1.302  -81.4596   30.8078    27.7    18.8    23.3    23.3    64.6    24.7 R    45.7    17.1    27.4
63856 200806  1.302  -81.4596   30.8078    31.6    21.8    26.7    26.2    41.6    24.2 R    53.3    21.0    31.5
63856 200807  1.302  -81.4596   30.8078    30.7    22.3    26.5    26.0   223.2    21.2 R    46.0    22.2    29.7
63856 200808  1.302  -81.4596   30.8078    30.3    23.2    26.8    26.2   240.8    18.5 R    40.8    23.4    28.9
63856 200809  1.302  -81.4596   30.8078 -9999.0 -9999.0 -9999.0 -9999.0 -9999.0 -9999.0 U -9999.0 -9999.0 -9999.0
63856 200810  1.302  -81.4596   30.8078    24.7    15.2    19.9    19.9   101.1    15.3 R    33.4    14.0    20.9
63856 200811  1.302  -81.4596   30.8078    19.7     8.2    13.9    13.8    28.2    12.3 R    28.2     6.8    14.4
63856 200812  1.302  -81.4596   30.8078    19.8     8.7    14.2    13.9    10.8    10.9 R    28.1     7.2    14.5
63856 200901  1.302  -81.4596   30.8078    16.8     5.2    11.0    10.8    59.1    10.9 R    27.8     2.8    11.2
63856 200902  1.302  -81.4596   30.8078    17.0     4.2    10.6    11.0    32.7    15.7 R    35.5     1.2    12.4
63856 200903  1.302  -81.4596   30.8078    20.3    10.5    15.4    15.3   113.1    18.0 R    38.4     8.0    18.2
63856 200904  1.302  -81.4596   30.8078    24.1    14.0    19.0    19.2   159.7    22.2 R    42.3    11.1    22.3
63856 200905  1.302  -81.4596   30.8078    27.5    19.3    23.4    23.2   167.0    19.9 R    44.1    17.9    26.7
63856 200906  1.302  -81.4596   30.8078    31.9    22.4    27.2    26.7   131.8    23.3 R    47.3    21.4    30.2
63856 200907  1.302  -81.4596   30.8078    31.1    22.6    26.9    26.3   163.7    21.2 R    44.6    21.8    29.1
63856 200908  1.302  -81.4596   30.8078    30.5    22.9    26.7    26.2   193.9    19.1 R    43.0    22.1    28.6
63856 200909  1.302  -81.4596   30.8078    28.9    21.9    25.4    25.5   123.1    17.7 R    40.3    20.8    27.3
63856 200910  1.302  -81.4596   30.8078    26.6    17.4    22.0    22.0    34.5    13.6 R    37.6    16.0    23.4
63856 200911  1.302  -81.4596   30.8078    21.4    11.6    16.5    16.3    21.6    10.9 R    31.0     8.8    16.5
63856 200912  1.302  -81.4596   30.8078    17.3     8.8    13.1    13.0   145.5     7.3 R    24.7     7.0    13.2
63856 201001  2.402  -81.4596   30.8078    13.6     2.7     8.1     7.9   133.5    10.5 R    22.6     0.0     8.1
63856 201002  2.402  -81.4596   30.8078    14.1     3.3     8.7     8.6    70.9    13.6 R    27.4     1.0    10.0
63856 201003  2.402  -81.4596   30.8078    18.5     7.4    13.0    12.9    48.0    17.3 R    36.7     5.0    15.4
63856 201004  2.402  -81.4596   30.8078    24.2    13.5    18.9    19.0     7.0    22.8 R    47.7    10.9    23.4
63856 201005  2.402  -81.4596   30.8078    28.2    20.5    24.4    24.2    43.5    24.7 R    54.5    18.9    30.4
63856 201006  2.402  -81.4596   30.8078    32.1    22.5    27.3    26.8    87.6    23.8 R    56.8    22.0    32.8
63856 201007  2.402  -81.4596   30.8078    32.4    24.1    28.2    27.8    48.9    24.7 R    57.2    23.3    34.1
63856 201008  2.402  -81.4596   30.8078    32.1    24.6    28.4    27.8   169.6    20.0 R    50.9    24.3    31.9
63856 201009  2.402  -81.4596   30.8078    30.5    22.1    26.3    26.3    91.6    19.3 R    46.3    21.4    29.5
63856 201010  2.402  -81.4596   30.8078    27.0    14.5    20.8    20.7     0.7    18.4 R    41.2    13.2    23.1
63856 201011  2.402  -81.4596   30.8078    22.0     9.7    15.8    15.7    22.8    13.3 R    32.4     8.0    16.7
63856 201012  2.402  -81.4596   30.8078    13.9     1.0     7.4     7.2    12.2    11.3 R    22.4    -0.8     7.9
63856 201101  2.402  -81.4596   30.8078    14.3     3.6     8.9     8.9   128.0    10.7 R    23.4     2.0     9.7
63856 201102  2.402  -81.4596   30.8078    18.9     8.3    13.6    13.2    99.8    12.9 R    31.8     7.2    15.0
63856 201103  2.402  -81.4596   30.8078    22.4    11.3    16.9    16.7   107.8    17.6 R    39.3     9.6    19.7
63856 201104  2.402  -81.4596   30.8078    26.2    15.0    20.6    20.8 -9999.0    23.3 R    45.7    13.6    25.2
63856 201105  2.402  -81.4596   30.8078    28.4    18.2    23.3    23.4    43.3    24.9 R    51.1    16.5    29.1
63856 201106  2.402  -81.4596   30.8078    31.9    21.9    26.9    26.5    98.2    23.3 R    51.4    21.3    31.6
63856 201107  2.402  -81.4596   30.8078    32.1    23.2    27.7    27.2    70.7    21.9 R    49.8    22.7    31.7
63856 201108  2.402  -81.4596   30.8078    33.6    23.4    28.5    28.0   116.5    22.5 R    49.2    23.0    31.8
63856 201109  2.402  -81.4596   30.8078    29.8    20.6    25.2    25.3   169.3    18.2 R    42.2    20.2    27.8
63856 201110  2.402  -81.4596   30.8078    25.1    14.1    19.6    19.7   116.9    15.9 R    34.7    13.1    21.1
63856 201111  2.402  -81.4596   30.8078    21.9    11.7    16.8    16.8    46.9    12.6 R    29.6    10.7    17.8
63856 201112  2.402  -81.4596   30.8078    20.2     9.8    15.0    14.7    38.5     9.7 R    29.4     7.6    14.9
63856 201201  2.402  -81.4596   30.8078    19.0     6.5    12.7    12.6     4.4    11.7 R    32.8     3.1    12.8
63856 201202  2.402  -81.4596   30.8078    19.8     9.7    14.7    14.8    27.6    10.9 R    35.7     7.4    16.6
63856 201203  2.402  -81.4596   30.8078    24.1    14.2    19.2    19.1    50.7    17.9 R    46.3    11.7    22.6
63856 201204  2.402  -81.4596   30.8078    26.2    15.7    20.9    20.8    39.4    23.0 R    49.9    13.2    25.5
63856 201205  2.402  -81.4596   30.8078    28.0    19.5    23.8    23.5   170.9    20.8 R    48.6    18.3    27.6
63856 201206  2.402  -81.4596   30.8078    29.4    21.2    25.3    25.3   429.2    20.8 R    46.1    20.3    28.9
63856 201207  2.402  -81.4596   30.8078    32.7    23.8    28.2    27.7    50.7    23.4 R    54.9    23.1    33.2
63856 201208  2.402  -81.4596   30.8078    30.3    22.8    26.6    25.8   305.7    18.3 R    44.3    22.7    28.7
63856 201209  2.402  -81.4596   30.8078    29.4    21.4    25.4    25.4    61.0    18.9 R    41.6    20.6    27.5
63856 201210  2.402  -81.4596   30.8078    25.8    16.4    21.1    21.1    44.6    14.5 R    35.1    15.4    22.2
63856 201211  2.412  -81.4596   30.8078    19.5     8.2    13.9    13.7     5.9    11.6 R    29.7     5.4    14.1
63856 201212  2.412  -81.4596   30.8078    18.9     8.2    13.6    13.6    52.8     9.2 C    26.7     6.2    14.1
63856 201301  2.412  -81.4596   30.8078    19.9     9.6    14.8    14.4    13.1    11.1 C    29.5     7.5    15.4
63856 201302  2.412  -81.4596   30.8078    18.9     8.0    13.4    13.4    80.0    12.8 C    30.6     5.2    14.5
63856 201303  2.412  -81.4596   30.8078    18.5     6.6    12.5    12.6    64.4    19.8 C    33.8     3.9    15.1
63856 201304  2.412  -81.4596   30.8078    23.3    14.6    18.9    19.0   114.2    20.1 C    37.6    12.8    22.0
63856 201305  2.412  -81.4596   30.8078    26.3    17.2    21.8    21.9   163.8    23.5 C    33.0    15.8    23.6
63856 201306  2.412  -81.4596   30.8078    30.6    23.0    26.8    26.3   236.3    21.6 C    42.6    22.7    29.3
63856 201307  2.412  -81.4596   30.8078    30.0    22.8    26.4    26.0   104.5    21.6 C    41.4    22.6    29.0
63856 201308  2.412  -81.4596   30.8078    30.9    23.4    27.1    26.8   136.2    21.3 C    41.6    23.2    29.7
63856 201309  2.412  -81.4596   30.8078    29.2    21.8    25.5    25.4   124.7    17.9 C    38.5    21.5    27.5
63856 201310  2.412  -81.4596   30.8078    25.8    15.6    20.7    20.7    21.0    15.4 C    34.1    14.9    22.2
63856 201311  2.412  -81.4596   30.8078    20.8    12.4    16.6    16.4    88.3    10.6 C    26.4    11.8    17.4
63856 201312  2.412  -81.4596   30.8078    19.9     9.3    14.6    14.4    32.7     9.7 C    25.2     8.7    15.2
63856 201401  2.422  -81.4596   30.8078    14.3     3.1     8.7     8.7   166.0     9.4 C    21.1     1.5     9.2
63856 201402  2.422  -81.4596   30.8078    18.2     7.1    12.6    12.3    67.8    12.2 C    29.3     5.1    13.5
63856 201403  2.422  -81.4596   30.8078    19.5     8.4    13.9    13.7    89.9    15.3 C    32.3     6.1    15.6
63856 201404  2.422  -81.4596   30.8078    24.4    14.0    19.2    19.2   169.2    18.8 C    38.2    11.7    21.5
63856 201405  2.422  -81.4596   30.8078    27.5    17.8    22.6    22.7    39.0    22.5 C    43.2    15.4    26.0
63856 201406  2.422  -81.4596   30.8078    30.7    21.6    26.1    25.7   122.8    22.6 C    46.4    20.3    29.3
63856 201407  2.422  -81.4596   30.8078    31.2    22.5    26.9    26.6   189.3    20.8 C    47.0    21.6    30.0
63856 201408  2.422  -81.4596   30.8078 -9999.0    23.0 -9999.0 -9999.0   174.3    20.1 C    44.7    22.3    29.5
63856 201409  2.422  -81.4596   30.8078    28.1    21.0    24.6    24.4   135.5    14.8 C    38.8    20.5    26.6
63856 201410  2.422  -81.4596   30.8078    26.2    14.4    20.3    20.1    47.0    17.2 C    37.3    12.0    21.1
63856 201411  2.422  -81.4596   30.8078    19.4     7.9    13.6    13.6    88.9    11.1 C    28.6     5.0    13.6
63856 201412  2.422  -81.4596   30.8078    19.0     8.6    13.8    13.2   136.2     8.8 C    26.2     6.2    13.0
63856 201501  2.422  -81.4596   30.8078    16.4     6.0    11.2    11.0    67.7     9.9 C    24.3     3.6    11.1
63856 201502  2.422  -81.4596   30.8078    15.2     4.4     9.8    10.0    88.5    12.7 C    25.9     1.9    10.7
63856 201503  2.422  -81.4596   30.8078    21.3    11.8    16.5    16.2    36.0    14.5 C    33.8     9.7    18.2
63856 201504  2.422  -81.4596   30.8078    25.5    17.0    21.2    20.8    85.7    17.7 C    38.1    15.1    23.0
63856 201505  2.422  -81.4596   30.8078    28.5    19.1    23.8    23.8    22.4    25.3 C    48.6    16.4    28.2
63856 201506  2.422  -81.4596   30.8078    31.5    21.8    26.6    26.2   100.1    22.7 C    48.8    20.5    30.1
63856 201507  2.422  -81.4596   30.8078    32.2    23.0    27.6    26.8   176.3    22.8 C    46.5    22.1    30.1
63856 201508  2.422  -81.4596   30.8078    30.9    22.9    26.9    26.6   226.6    18.5 C    43.1    22.2    28.8
63856 201509  2.422  -81.4596   30.8078    28.6    21.7    25.1    24.9   213.1    13.8 C    39.7    20.8    26.6
63856 201510  2.422  -81.4596   30.8078    25.2    17.2    21.2    21.1    29.3    13.9 C    36.5    14.6    22.1
63856 201511  2.422  -81.4596   30.8078    23.8    16.1    19.9    19.7    86.7    10.8 C    32.6    13.4    20.0
63856 201512  2.422  -81.4596   30.8078    22.8    13.9    18.3    17.9    23.7     9.6 C    31.1    11.5    18.1
63856 201601  2.422  -81.4596   30.8078    15.5     5.4    10.4    10.3    68.4     9.3 C    23.5     3.0    10.3
63856 201602  2.422  -81.4596   30.8078    18.3     6.6    12.4    12.3   122.7    15.7 C    30.9     3.0    13.1
63856 201603  2.422  -81.4596   30.8078    23.1    13.1    18.1    18.1    61.6    17.8 C    38.3    10.0    20.1
63856 201604  2.422  -81.4596   30.8078    24.4    15.3    19.9    19.8    70.3    21.6 C    40.5    12.3    22.3
63856 201605  2.422  -81.4596   30.8078    28.2    18.1    23.2    23.3   133.4    24.4 C    46.9    15.6    27.1
63856 201606  2.422  -81.4596   30.8078    31.4    22.7    27.1    26.8   120.8    23.0 C    48.2    21.0    30.3
63856 201607  2.422  -81.4596   30.8078    33.5    23.6    28.5    28.3    54.1    24.2 C    52.9    22.6    33.0
63856 201608  2.422  -81.4596   30.8078    31.6    24.0    27.8    27.6   119.1    21.4 C    52.6    23.0    32.2
63856 201609  2.422  -81.4596   30.8078    30.1    21.5    25.8    25.7    84.0    18.1 C    46.5    20.2    28.5
63856 201610  2.422  -81.4596   30.8078    26.4    17.1    21.8    21.8   235.1    15.2 C    39.2    14.7    23.1
63856 201611  2.422  -81.4596   30.8078    22.8    11.3    17.1    17.0     5.6    12.2 C    34.0     8.0    17.2
63856 201612  2.422  -81.4596   30.8078    20.3     9.4    14.8    14.9    40.6     9.2 C    28.0     6.9    15.1
63856 201701  2.422  -81.4596   30.8078    20.5     9.5    15.0    14.6   111.2    11.6 C    29.3     6.9    14.8
63856 201702  2.422  -81.4596   30.8078    22.1    11.0    16.5    16.3    38.9    14.5 C    35.4     7.6    17.3
63856 201703  2.422  -81.4596   30.8078    22.0    11.4    16.7    16.8    17.4    18.3 C    37.9     8.3    19.1
63856 201704  2.422  -81.4596   30.8078    25.6    15.6    20.6    21.1    32.2    23.8 C    44.9    13.0    25.0
63856 201705  2.422  -81.4596   30.8078    29.0    18.7    23.9    23.8   161.6    23.3 C    48.3    17.1    28.0
63856 201706  2.422  -81.4596   30.8078    29.2    22.2    25.7    25.4   194.5    18.2 C    44.3    22.1    28.9
63856 201707  2.422  -81.4596   30.8078    31.7    23.4    27.5    26.9   125.3    21.5 C    47.1    23.2    30.7
