53155 200806  1.302 -112.3374   35.7552 -9999.0 -9999.0 -9999.0 -9999.0 -9999.0 -9999.0 U -9999.0 -9999.0 -9999.0
53155 200807  1.302 -112.3374   35.7552    30.4    14.4    22.4    22.3    34.3    23.4 R    53.9    13.3    26.4
53155 200808  1.302 -112.3374   35.7552    29.0    13.7    21.4    20.8    71.1    21.8 R    47.3    12.9    23.9
53155 200809  1.302 -112.3374   35.7552    26.2     9.1    17.6    17.6     7.0    21.8 R    44.1     8.1    20.3
53155 200810  1.302 -112.3374   35.7552    20.6     3.1    11.8    11.8     1.2    18.4 R    34.7     1.3    13.1
53155 200811  1.302 -112.3374   35.7552    14.1    -0.3     6.9     6.5    46.2    12.6 R    22.9    -1.9     6.4
53155 200812  1.302 -112.3374   35.7552     5.0    -6.2    -0.6    -0.5    31.7    10.1 R     9.4    -7.3    -1.2
53155 200901  1.302 -112.3374   35.7552     7.3    -4.0     1.7     1.3    25.1    12.4 R    12.1    -5.7     0.4
53155 200902  1.302 -112.3374   35.7552     8.2    -4.3     2.0     1.8    26.2    15.8 R    15.2    -6.7     1.2
53155 200903  1.302 -112.3374   35.7552    14.3    -2.6     5.9     6.0     0.7    21.9 R    32.6    -4.5     8.7
53155 200904  1.302 -112.3374   35.7552    16.9    -0.1     8.4     8.7     2.8    25.7 R    37.1    -2.0    12.2
53155 200905  1.302 -112.3374   35.7552    24.8     7.9    16.4    16.7    43.2    25.6 R    45.5     6.3    20.3
53155 200906  1.302 -112.3374   35.7552    25.3     9.3    17.3    17.7     4.7    25.9 R    46.1     8.0    21.7
53155 200907  1.302 -112.3374   35.7552    31.7    13.8    22.8    22.8    21.7    25.6 R    54.9    12.7    27.0
53155 200908  1.302 -112.3374   35.7552    30.5    11.9    21.2    21.6     3.5    25.7 R    54.5    10.1    26.1
53155 200909  1.302 -112.3374   35.7552    26.4     9.5    18.0    18.1     5.9    22.0 R    49.1     8.1    22.0
53155 200910  1.302 -112.3374   35.7552    17.7     0.9     9.3     9.4     3.9    17.9 R    33.2    -1.2    11.3
53155 200911  1.302 -112.3374   35.7552    15.2    -1.2     7.0     6.6     3.6    13.0 R    26.0    -4.0     6.5
53155 200912  1.302 -112.3374   35.7552     1.9    -9.5    -3.8    -3.4    38.5     9.9 R     3.8   -11.8    -5.0
53155 201001  1.302 -112.3374   35.7552     3.6    -5.7    -1.1    -1.3    54.4    10.9 R     4.1    -7.5    -2.6
53155 201002  1.302 -112.3374   35.7552     6.8    -3.4     1.7     1.2    19.9    12.3 R    13.7    -4.1     1.7
53155 201003  1.302 -112.3374   35.7552    12.1    -2.9     4.6     4.4    18.5    18.9 R    26.4    -4.7     6.2
53155 201004  2.403 -112.3374   35.7552    15.6    -0.8     7.4     7.6    10.0    22.6 R    33.3    -2.4    10.6
53155 201005  2.403 -112.3374   35.7552    20.7     2.3    11.5    12.4     1.1    28.7 R    42.6     1.2    17.2
53155 201006  2.403 -112.3374   35.7552    28.9     9.6    19.3    20.1     4.2    29.1 R    52.3     8.4    25.6
53155 201007  2.403 -112.3374   35.7552    31.2    14.7    22.9    22.7    59.5    24.0 R    55.4    14.2    27.8
53155 201008  2.403 -112.3374   35.7552    28.3    13.8    21.0    21.0    17.5    24.0 R    43.9    13.4    24.3
53155 201009  2.403 -112.3374   35.7552    28.6     9.3    18.9    19.3     6.4    23.0 R    45.3     8.5    22.4
53155 201010  2.403 -112.3374   35.7552    18.3     5.1    11.7    11.2    70.5    14.7 R    26.8     4.6    12.2
53155 201011  2.403 -112.3374   35.7552    11.2    -3.6     3.8     3.7     4.8    13.1 R    19.4    -4.1     4.4
53155 201012  2.403 -112.3374   35.7552     9.1    -2.0     3.6     3.2    21.5     8.3 R    14.1    -2.9     2.9
53155 201101  2.403 -112.3374   35.7552     6.8    -6.4     0.2    -0.3     0.2    12.5 R    14.7    -7.4     0.1
53155 201102  2.403 -112.3374   35.7552     6.8    -7.0    -0.1    -0.2    37.1    14.8 R    16.0    -8.4     0.5
53155 201103  2.403 -112.3374   35.7552    14.3    -1.0     6.7     6.5    19.3    18.9 R    25.9    -2.6     7.6
53155 201104  2.403 -112.3374   35.7552    16.6     0.3     8.4     8.8    35.2    24.6 R    31.1    -0.8    11.4
53155 201105  2.403 -112.3374   35.7552    20.2     3.0    11.6    12.2     9.0    27.0 R    41.5     2.6    17.3
53155 201106  2.403 -112.3374   35.7552    28.8     8.3    18.5    19.7     0.0    30.9 R    52.4     7.1    25.5
53155 201107  2.403 -112.3374   35.7552    30.1    13.9    22.0    21.7    56.9    23.7 R    51.6    13.8    26.1
53155 201108  2.403 -112.3374   35.7552    31.5    14.1    22.8    22.7    25.9    23.7 R    51.0    13.8    26.5
53155 201109  2.403 -112.3374   35.7552    26.0    10.4    18.2    18.0    64.4    19.6 R    42.6    10.0    20.8
53155 201110  2.403 -112.3374   35.7552    20.0     3.3    11.7    11.6     9.3    17.3 R    33.2     2.5    13.4
53155 201111  2.403 -112.3374   35.7552    11.7    -1.7     5.0     4.4    19.3    12.6 R    19.8    -3.2     4.9
53155 201112  2.403 -112.3374   35.7552     5.2    -6.2    -0.5    -0.7    16.1    10.5 R    11.5    -7.1    -0.6
53155 201201  2.403 -112.3374   35.7552    10.2    -4.6     2.8     2.2     9.7    12.0 R    18.5    -6.6     1.9
53155 201202  2.403 -112.3374   35.7552     8.9    -5.0     2.0     1.7    11.8    14.5 R    20.9    -6.6     2.7
53155 201203  2.403 -112.3374   35.7552    14.0    -2.5     5.7     5.8    35.8    21.7 R    27.2    -4.4     7.3
53155 201204  2.403 -112.3374   35.7552    18.8     2.1    10.4    10.7    10.3    24.7 R    37.5     0.8    14.3
53155 201205  2.403 -112.3374   35.7552    25.1     5.7    15.4    16.3     0.0    30.2 R    51.1     4.2    22.4
53155 201206  2.413 -112.3374   35.7552    31.2    10.5    20.9    22.0     0.0    31.6 R    56.1     8.9    28.1
53155 201207  2.413 -112.3374   35.7552    28.9    14.7    21.8    21.3   108.8    21.8 C    45.5    14.5    24.9
53155 201208  2.413 -112.3374   35.7552    28.6    14.1    21.3    20.6    63.2    21.3 C    41.3    14.0    23.2
53155 201209  2.413 -112.3374   35.7552    25.5     9.7    17.6    17.5    21.5    20.3 C    39.3     9.8    20.5
53155 201210  2.413 -112.3374   35.7552    21.1     3.5    12.3    12.1    11.3    18.0 C    33.6     2.9    14.5
53155 201211  2.413 -112.3374   35.7552    15.7    -1.3     7.2     6.8     0.0    13.4 C    27.0    -2.9     7.8
53155 201212  2.413 -112.3374   35.7552     5.7    -6.0    -0.1    -0.2    24.7     9.6 C    10.8    -7.0     0.1
53155 201301  2.413 -112.3374   35.7552     4.8    -8.3    -1.7    -2.2    48.8    11.8 C    11.4    -8.5    -1.4
53155 201302  2.413 -112.3374   35.7552     7.1    -6.8     0.2     0.0    10.4    16.2 C    17.9    -7.6     1.6
53155 201303  2.413 -112.3374   35.7552    15.9    -1.1     7.4     7.4     9.1    20.2 C    32.2    -3.1     9.8
53155 201304  2.413 -112.3374   35.7552    18.4     0.5     9.4    10.0     2.9    25.9 C    37.9    -1.3    14.1
53155 201305  2.413 -112.3374   35.7552    23.2     4.5    13.8    14.8     4.2    28.1 C    43.3     2.9    19.2
53155 201306  2.413 -112.3374   35.7552    31.5    11.2    21.4    22.4     0.0    30.7 C    52.4     8.7    27.2
53155 201307  2.413 -112.3374   35.7552    29.5    15.0    22.3    21.6    78.1    21.0 C    44.9    14.3    24.5
53155 201308  2.413 -112.3374   35.7552    28.0    13.3    20.6    20.1    42.0    20.2 C    42.1    12.8    22.9
53155 201309  2.413 -112.3374   35.7552    23.9     9.5    16.7    16.6    37.8    20.3 C    34.8     9.1    18.8
53155 201310  2.413 -112.3374   35.7552    17.5     0.6     9.1     9.0    11.0    18.0 C    30.9    -0.4    11.3
53155 201311  2.413 -112.3374   35.7552    12.9    -1.1     5.9     5.2    15.3    12.0 C    22.0    -2.3     6.3
53155 201312  2.413 -112.3374   35.7552     7.2    -7.0     0.1    -0.5     5.8    11.1 C    13.4    -8.3    -0.4
53155 201401  2.413 -112.3374   35.7552    12.0    -5.4     3.3     3.0     5.2    12.4 C    21.9    -7.4     3.2
53155 201402  2.413 -112.3374   35.7552    12.6    -3.1     4.7     4.5     6.5    15.1 C    23.5    -4.8     5.7
53155 201403  2.413 -112.3374   35.7552    14.8    -1.5     6.6     6.8     7.1    20.4 C    28.9    -3.3     9.1
53155 201404  2.413 -112.3374   35.7552    18.2     1.0     9.6     9.9     6.9    24.6 C    34.9    -1.0    13.2
53155 201405  2.413 -112.3374   35.7552    23.2     5.2    14.2    14.9     0.6    28.3 C    40.6     3.0    18.6
53155 201406  2.413 -112.3374   35.7552    30.2    10.1    20.1    21.2     0.0    31.8 C    47.9     7.3    25.4
53155 201407  2.413 -112.3374   35.7552    30.6    14.6    22.6    22.2    49.3    23.1 C    47.5    13.7    25.5
53155 201408  2.413 -112.3374   35.7552    26.3    12.1    19.2    19.0   103.1    22.1 C    37.5    12.0    21.4
53155 201409  2.413 -112.3374   35.7552    26.2    10.3    18.2    18.0    39.6    20.8 C    38.1    10.1    20.7
53155 201410  2.423 -112.3374   35.7552    22.1     4.8    13.5    13.4     0.3    17.3 C    34.4     3.8    15.2
53155 201411  2.423 -112.3374   35.7552    14.7    -1.6     6.5     6.1     0.8    13.0 C    26.0    -5.2     5.9
53155 201412  2.423 -112.3374   35.7552     7.8    -3.0     2.4     1.8    31.3     8.7 C    14.2    -4.7     1.5
53155 201501  2.423 -112.3374   35.7552     9.4    -3.5     2.9     2.5    29.3    10.6 C    17.3    -5.9     1.9
53155 201502  2.423 -112.3374   35.7552    14.6    -1.7     6.4     5.9    11.6    14.5 C    26.0    -4.6     5.9
53155 201503  2.423 -112.3374   35.7552    16.6    -0.1     8.2     8.3    37.3    19.7 C    32.7    -3.1     9.8
53155 201504  2.423 -112.3374   35.7552    17.7    -0.1     8.8     9.4     6.0    24.7 C    39.0    -3.2    12.9
53155 201505  2.423 -112.3374   35.7552    19.5     4.2    11.9    12.0    28.4    22.3 C    36.6     2.2    15.0
53155 201506  2.423 -112.3374   35.7552    30.3    11.4    20.8    21.5    31.6    27.8 C    51.2     9.1    25.6
53155 201507  2.423 -112.3374   35.7552    29.0    12.9    21.0    20.9    47.9    24.2 C    48.2    11.0    24.5
53155 201508  2.423 -112.3374   35.7552    29.1    13.7    21.4    21.1    74.8    21.5 C    44.2    12.1    23.3
53155 201509  2.423 -112.3374   35.7552    27.4    10.7    19.1    18.8    29.1    20.6 C    43.4     8.9    21.2
53155 201510  2.423 -112.3374   35.7552    19.9     6.0    12.9    12.6    74.1    15.0 C    28.5     4.6    12.8
53155 201511  2.423 -112.3374   35.7552    10.6    -3.2     3.7     3.1    15.6    12.8 C    17.5    -5.2     2.4
53155 201512  2.423 -112.3374   35.7552     7.1    -7.1     0.0    -0.2    10.4    10.1 C    11.9    -9.0    -1.4
53155 201601  2.423 -112.3374   35.7552     7.1    -4.7     1.2     0.9    18.9    10.5 C    12.5    -6.4     0.0
53155 201602  2.423 -112.3374   35.7552    14.4    -3.6     5.4     5.1     2.2    17.2 C    27.1    -6.9     5.1
53155 201603  2.423 -112.3374   35.7552    16.0    -1.5     7.2     7.4     7.8    20.6 C    33.2    -4.5     9.5
53155 201604  2.423 -112.3374   35.7552    17.0     1.4     9.2     9.5    30.6    22.6 C    34.6    -0.7    12.5
53155 201605  2.423 -112.3374   35.7552    21.0     4.7    12.9    13.3    29.6    26.1 C    39.8     2.8    16.7
53155 201606  2.423 -112.3374   35.7552    31.6    12.1    21.9    22.7    10.7    28.9 C    53.3     9.6    27.1
53155 201607  2.423 -112.3374   35.7552    32.2    14.5    23.4    23.3    24.3    26.6 C    53.3    12.0    27.4
53155 201608  2.423 -112.3374   35.7552    27.8    12.5    20.1    19.5    77.8    21.7 C    43.4    11.3    22.0
53155 201609  2.423 -112.3374   35.7552    24.4     9.0    16.7    16.6    65.8    20.4 C    36.7     7.0    18.1
53155 201610  2.423 -112.3374   35.7552    22.1     5.9    14.0    13.8     7.7    16.9 C    32.9     3.6    14.2
53155 201611  2.423 -112.3374   35.7552    13.6    -0.4     6.6     6.2    26.4    12.1 C    21.1    -2.6     5.9
53155 201612  2.423 -112.3374   35.7552     7.5    -3.7     1.9     1.5    55.2     8.9 C    11.3    -6.0     0.4
53155 201701  2.423 -112.3374   35.7552     4.3    -4.4     0.0     0.1    35.4     8.4 C     5.7    -6.7    -1.4
53155 201702  2.423 -112.3374   35.7552    10.3    -0.5     4.9     4.5    36.2    11.4 C    15.7    -2.3     3.9
53155 201703  2.423 -112.3374   35.7552    16.6     0.0     8.3     8.2    26.1    20.0 C    29.4    -2.1     9.2
53155 201704  2.423 -112.3374   35.7552    18.6     1.1     9.9    10.3     6.0    25.1 C    35.8    -1.1    13.3
53155 201705  2.423 -112.3374   35.7552    22.2     4.7    13.5    14.1    17.7    27.1 C    43.0     2.7    18.6
53155 201706  2.423 -112.3374   35.7552    31.9    11.4    21.6    22.6     0.9    29.2 C    55.2     8.4    27.7
53155 201707  2.423 -112.3374   35.7552    30.6    14.9    22.8    22.3    82.0    22.5 C    50.2    13.4    25.9
