63894 200704  5.001  -87.6399   34.7728 -9999.0 -9999.0 -9999.0 -9999.0 -9999.0 -9999.0 U -9999.0 -9999.0 -9999.0
63894 200705  5.001  -87.6399   34.7728    28.8    13.9    21.4    21.7    41.0 -9999.0 U -9999.0 -9999.0 -9999.0
63894 200706  5.001  -87.6399   34.7728    32.8    18.2    25.5    25.4    56.4 -9999.0 U -9999.0 -9999.0 -9999.0
63894 200707  5.001  -87.6399   34.7728    30.5    20.0    25.3    24.9   162.5 -9999.0 U -9999.0 -9999.0 -9999.0
63894 200708  5.001  -87.6399   34.7728    36.5    21.4    29.0    28.6    52.9 -9999.0 U -9999.0 -9999.0 -9999.0
63894 200709  5.001  -87.6399   34.7728    30.0    17.3    23.7    23.1   101.4 -9999.0 U -9999.0 -9999.0 -9999.0
63894 200710  5.001  -87.6399   34.7728    24.9    11.0    17.9    17.9   122.3 -9999.0 U -9999.0 -9999.0 -9999.0
63894 200711  5.001  -87.6399   34.7728    17.5     3.5    10.5    10.4    78.2 -9999.0 U -9999.0 -9999.0 -9999.0
63894 200712  5.001  -87.6399   34.7728    14.6     3.1     8.9     8.8    86.2 -9999.0 U -9999.0 -9999.0 -9999.0
63894 200801  5.001  -87.6399   34.7728     8.9    -1.9     3.5     3.9    58.0 -9999.0 U -9999.0 -9999.0 -9999.0
63894 200802  5.001  -87.6399   34.7728    13.8     0.8     7.3     7.5    68.2 -9999.0 U -9999.0 -9999.0 -9999.0
63894 200803  5.001  -87.6399   34.7728    18.1     4.5    11.3    11.4   103.0 -9999.0 U -9999.0 -9999.0 -9999.0
63894 200804  5.001  -87.6399   34.7728    21.5     8.5    15.0    15.2   106.9 -9999.0 U -9999.0 -9999.0 -9999.0
63894 200805  5.001  -87.6399   34.7728    25.6    13.3    19.5    19.8   189.6 -9999.0 U -9999.0 -9999.0 -9999.0
63894 200806  5.001  -87.6399   34.7728    31.4    18.4    24.9    24.7    48.3 -9999.0 U -9999.0 -9999.0 -9999.0
63894 200807  5.001  -87.6399   34.7728    33.9    19.2    26.5    26.1    21.9 -9999.0 U -9999.0 -9999.0 -9999.0
63894 200808  5.001  -87.6399   34.7728    31.7    19.4    25.6    25.2    99.8 -9999.0 U -9999.0 -9999.0 -9999.0
63894 200809  5.001  -87.6399   34.7728    28.4    16.4    22.4    22.2    14.6 -9999.0 U -9999.0 -9999.0 -9999.0
63894 200810  5.001  -87.6399   34.7728    22.7     8.2    15.5    15.3    79.0 -9999.0 U -9999.0 -9999.0 -9999.0
63894 200811  5.001  -87.6399   34.7728    15.2     1.4     8.3     8.2    68.9 -9999.0 U -9999.0 -9999.0 -9999.0
63894 200812  5.001  -87.6399   34.7728    11.9     1.0     6.5     6.6   289.4 -9999.0 U -9999.0 -9999.0 -9999.0
63894 200901  5.001  -87.6399   34.7728    10.2    -1.5     4.3     4.3    76.3 -9999.0 U -9999.0 -9999.0 -9999.0
63894 200902  5.001  -87.6399   34.7728    13.7     0.7     7.2     7.3   105.7 -9999.0 U -9999.0 -9999.0 -9999.0
63894 200903  5.001  -87.6399   34.7728    17.4     6.3    11.8    12.0   150.3 -9999.0 U -9999.0 -9999.0 -9999.0
63894 200904  5.001  -87.6399   34.7728    21.5     8.5    15.0    15.3   125.2 -9999.0 U -9999.0 -9999.0 -9999.0
63894 200905  5.101  -87.6399   34.7728    24.9    15.4    20.2    20.0   158.6 -9999.0 U -9999.0 -9999.0 -9999.0
63894 200906  5.101  -87.6399   34.7728    31.5    18.4    25.0    25.1    62.9 -9999.0 U -9999.0 -9999.0 -9999.0
63894 200907  5.101  -87.6399   34.7728    29.8    18.7    24.2    24.2   210.8 -9999.0 U -9999.0 -9999.0 -9999.0
63894 200908  5.101  -87.6399   34.7728    30.5    18.7    24.6    24.2    78.2 -9999.0 U -9999.0 -9999.0 -9999.0
63894 200909  5.101  -87.6399   34.7728    27.7    17.5    22.6    22.1   200.4 -9999.0 U -9999.0 -9999.0 -9999.0
63894 200910  5.101  -87.6399   34.7728    20.1     9.3    14.7    14.6   221.7 -9999.0 U -9999.0 -9999.0 -9999.0
63894 200911  5.101  -87.6399   34.7728    17.7     4.2    11.0    10.5    37.4 -9999.0 U -9999.0 -9999.0 -9999.0
63894 200912  5.101  -87.6399   34.7728     9.7     0.0     4.8     4.8   110.2 -9999.0 U -9999.0 -9999.0 -9999.0
63894 201001  5.101  -87.6399   34.7728     6.7    -3.3     1.7     1.7   136.2 -9999.0 U -9999.0 -9999.0 -9999.0
63894 201002  5.101  -87.6399   34.7728     7.4    -2.3     2.6     2.5    92.9 -9999.0 U -9999.0 -9999.0 -9999.0
63894 201003  5.101  -87.6399   34.7728    15.4     3.7     9.5     9.5   108.9 -9999.0 U -9999.0 -9999.0 -9999.0
63894 201004  5.101  -87.6399   34.7728    24.6     9.1    16.9    17.2    34.5 -9999.0 U -9999.0 -9999.0 -9999.0
63894 201005  5.101  -87.6399   34.7728    27.1    15.3    21.2    21.1   184.2 -9999.0 U -9999.0 -9999.0 -9999.0
63894 201006  5.101  -87.6399   34.7728    32.2    20.5    26.4    25.9    88.1 -9999.0 U -9999.0 -9999.0 -9999.0
63894 201007  5.101  -87.6399   34.7728    33.1    21.5    27.3    26.9    90.4 -9999.0 U -9999.0 -9999.0 -9999.0
63894 201008  5.101  -87.6399   34.7728    34.3    21.6    28.0    27.3    63.8 -9999.0 U -9999.0 -9999.0 -9999.0
63894 201009  5.101  -87.6399   34.7728    31.8    15.6    23.7    23.4    46.3 -9999.0 U -9999.0 -9999.0 -9999.0
63894 201010  5.101  -87.6399   34.7728    25.4     7.8    16.6    16.1    41.1 -9999.0 U -9999.0 -9999.0 -9999.0
63894 201011  5.101  -87.6399   34.7728    17.8     3.5    10.7    10.6   148.8 -9999.0 U -9999.0 -9999.0 -9999.0
63894 201012  5.101  -87.6399   34.7728     8.2    -1.9     3.2     3.0    55.6 -9999.0 U -9999.0 -9999.0 -9999.0
63894 201101  5.101  -87.6399   34.7728     7.6    -2.6     2.5     2.5    97.3 -9999.0 U -9999.0 -9999.0 -9999.0
63894 201102  5.101  -87.6399   34.7728    13.9     2.0     8.0     8.1    53.6 -9999.0 U -9999.0 -9999.0 -9999.0
63894 201103  5.101  -87.6399   34.7728    17.0     5.8    11.4    11.6   172.1 -9999.0 U -9999.0 -9999.0 -9999.0
63894 201104  5.101  -87.6399   34.7728    23.7    10.4    17.1    17.6   259.8 -9999.0 U -9999.0 -9999.0 -9999.0
63894 201105  5.101  -87.6399   34.7728    25.8    13.4    19.6    19.8    92.3 -9999.0 U -9999.0 -9999.0 -9999.0
63894 201106  5.101  -87.6399   34.7728    32.8    19.2    26.0    25.7   216.0 -9999.0 U -9999.0 -9999.0 -9999.0
63894 201107  5.101  -87.6399   34.7728    33.1    21.6    27.4    26.9    49.1 -9999.0 U -9999.0 -9999.0 -9999.0
63894 201108  5.101  -87.6399   34.7728    33.1    19.6    26.3    25.9   150.8 -9999.0 U -9999.0 -9999.0 -9999.0
63894 201109  5.101  -87.6399   34.7728    26.6    14.0    20.3    20.1   195.8 -9999.0 U -9999.0 -9999.0 -9999.0
63894 201110  5.101  -87.6399   34.7728    22.1     7.2    14.7    14.2    46.3 -9999.0 U -9999.0 -9999.0 -9999.0
63894 201111  5.101  -87.6399   34.7728    17.5     5.3    11.4    11.7   119.2 -9999.0 U -9999.0 -9999.0 -9999.0
63894 201112  5.101  -87.6399   34.7728    12.8     1.6     7.2     7.2   173.7 -9999.0 U -9999.0 -9999.0 -9999.0
63894 201201  5.101  -87.6399   34.7728    14.2     1.4     7.8     8.0   173.5 -9999.0 U -9999.0 -9999.0 -9999.0
63894 201202  5.101  -87.6399   34.7728    14.5     2.6     8.6     9.0    73.4 -9999.0 U -9999.0 -9999.0 -9999.0
63894 201203  5.101  -87.6399   34.7728    23.2     9.7    16.5    16.7    67.0 -9999.0 U -9999.0 -9999.0 -9999.0
63894 201204  5.101  -87.6399   34.7728    23.8     9.9    16.9    17.0    35.3 -9999.0 U -9999.0 -9999.0 -9999.0
63894 201205  5.101  -87.6399   34.7728    28.6    15.0    21.8    21.7   104.9 -9999.0 U -9999.0 -9999.0 -9999.0
63894 201206  5.101  -87.6399   34.7728    31.9    17.1    24.5    24.8    37.5 -9999.0 U -9999.0 -9999.0 -9999.0
63894 201207  5.101  -87.6399   34.7728    33.8    21.5    27.7    26.9   218.6 -9999.0 U -9999.0 -9999.0 -9999.0
63894 201208  5.101  -87.6399   34.7728    30.8    19.3    25.0    24.5   133.8 -9999.0 U -9999.0 -9999.0 -9999.0
63894 201209  5.101  -87.6399   34.7728    27.8    15.3    21.5    21.3   195.8 -9999.0 U -9999.0 -9999.0 -9999.0
63894 201210  5.101  -87.6399   34.7728    21.3     8.9    15.1    14.7    61.9 -9999.0 U -9999.0 -9999.0 -9999.0
63894 201211  5.101  -87.6399   34.7728    17.0     1.3     9.1     8.9    33.6 -9999.0 U -9999.0 -9999.0 -9999.0
63894 201212  5.101  -87.6399   34.7728    14.7     3.3     9.0     8.9   150.3 -9999.0 U -9999.0 -9999.0 -9999.0
63894 201301  5.101  -87.6399   34.7728    12.3     2.2     7.3     7.0   229.2 -9999.0 U -9999.0 -9999.0 -9999.0
63894 201302  5.101  -87.6399   34.7728    12.1     1.6     6.8     6.9    70.5 -9999.0 U -9999.0 -9999.0 -9999.0
63894 201303  5.101  -87.6399   34.7728    13.9     1.7     7.8     8.2   114.4 -9999.0 U -9999.0 -9999.0 -9999.0
63894 201304  5.101  -87.6399   34.7728    21.2     8.6    14.9    15.2   113.2 -9999.0 U -9999.0 -9999.0 -9999.0
63894 201305  5.101  -87.6399   34.7728    24.8    13.1    19.0    19.2   123.1 -9999.0 U -9999.0 -9999.0 -9999.0
63894 201306  5.101  -87.6399   34.7728 -9999.0 -9999.0 -9999.0 -9999.0   128.0 -9999.0 U -9999.0 -9999.0 -9999.0
63894 201307  5.101  -87.6399   34.7728    29.4    19.6    24.5    24.2   194.1 -9999.0 U -9999.0 -9999.0 -9999.0
63894 201308  5.101  -87.6399   34.7728    29.7    19.4    24.5    24.0    87.4 -9999.0 U -9999.0 -9999.0 -9999.0
63894 201309  5.101  -87.6399   34.7728    29.2    16.4    22.8    22.4    71.0 -9999.0 U -9999.0 -9999.0 -9999.0
63894 201310  5.101  -87.6399   34.7728    22.9    10.7    16.8    16.5    51.5 -9999.0 U -9999.0 -9999.0 -9999.0
63894 201311  5.101  -87.6399   34.7728    14.4     2.1     8.2     8.3    84.2 -9999.0 U -9999.0 -9999.0 -9999.0
63894 201312  5.101  -87.6399   34.7728    10.9     0.6     5.8     5.8   123.8 -9999.0 U -9999.0 -9999.0 -9999.0
63894 201401  5.101  -87.6399   34.7728     7.8    -6.2     0.8     1.0    46.0 -9999.0 U -9999.0 -9999.0 -9999.0
63894 201402  5.101  -87.6399   34.7728    11.1    -0.5     5.3     5.3   117.3 -9999.0 U -9999.0 -9999.0 -9999.0
63894 201403  5.101  -87.6399   34.7728    16.2     2.0     9.1     9.3    65.6 -9999.0 U -9999.0 -9999.0 -9999.0
63894 201404  5.101  -87.6399   34.7728    22.2     8.7    15.5    15.9   152.5 -9999.0 U -9999.0 -9999.0 -9999.0
63894 201405  5.101  -87.6399   34.7728    26.6    13.8    20.2    20.2    94.8 -9999.0 U -9999.0 -9999.0 -9999.0
63894 201406  5.101  -87.6399   34.7728    29.7    19.2    24.4    24.0   208.8 -9999.0 U -9999.0 -9999.0 -9999.0
63894 201407  5.101  -87.6399   34.7728    29.3    18.1    23.7    23.8   137.8 -9999.0 U -9999.0 -9999.0 -9999.0
63894 201408  5.101  -87.6399   34.7728    31.4    19.4    25.4    24.9    98.4 -9999.0 U -9999.0 -9999.0 -9999.0
63894 201409  5.101  -87.6399   34.7728    29.3    17.2    23.3    22.8    28.0 -9999.0 U -9999.0 -9999.0 -9999.0
63894 201410  5.101  -87.6399   34.7728    23.6    10.5    17.1    16.9   163.5 -9999.0 U -9999.0 -9999.0 -9999.0
63894 201411  5.101  -87.6399   34.7728    13.6     1.3     7.4     7.6   114.1 -9999.0 U -9999.0 -9999.0 -9999.0
63894 201412  5.101  -87.6399   34.7728    11.8     3.1     7.4     7.4   130.7 -9999.0 U -9999.0 -9999.0 -9999.0
63894 201501  5.101  -87.6399   34.7728     9.3    -1.9     3.7     4.0   108.7 -9999.0 U -9999.0 -9999.0 -9999.0
63894 201502  5.101  -87.6399   34.7728     7.3    -3.7     1.8     1.7    75.8 -9999.0 U -9999.0 -9999.0 -9999.0
63894 201503  5.101  -87.6399   34.7728    17.2     5.6    11.4    11.4   159.5 -9999.0 U -9999.0 -9999.0 -9999.0
63894 201504  5.101  -87.6399   34.7728    22.4    11.0    16.7    17.2   127.4 -9999.0 U -9999.0 -9999.0 -9999.0
63894 201505  5.101  -87.6399   34.7728    26.7    14.5    20.6    20.6   144.4 -9999.0 U -9999.0 -9999.0 -9999.0
63894 201506  5.101  -87.6399   34.7728    31.0    19.2    25.1    25.0    65.6 -9999.0 U -9999.0 -9999.0 -9999.0
63894 201507  5.101  -87.6399   34.7728    32.0    21.4    26.7    26.4   110.1 -9999.0 U -9999.0 -9999.0 -9999.0
63894 201508  5.101  -87.6399   34.7728    30.1    19.2    24.7    24.3   149.8 -9999.0 U -9999.0 -9999.0 -9999.0
63894 201509  5.101  -87.6399   34.7728    28.8    16.2    22.5    22.1    14.1 -9999.0 U -9999.0 -9999.0 -9999.0
63894 201510  5.101  -87.6399   34.7728    23.4    10.3    16.9    16.7    61.3 -9999.0 U -9999.0 -9999.0 -9999.0
63894 201511  5.101  -87.6399   34.7728    19.2     7.9    13.5    13.4   114.5 -9999.0 U -9999.0 -9999.0 -9999.0
63894 201512  5.101  -87.6399   34.7728    16.9     6.5    11.7    11.7   175.6 -9999.0 U -9999.0 -9999.0 -9999.0
63894 201601  5.101  -87.6399   34.7728     9.2    -1.4     3.9     4.0    99.1 -9999.0 U -9999.0 -9999.0 -9999.0
63894 201602  5.101  -87.6399   34.7728    13.0     2.0     7.5     7.5    83.9 -9999.0 U -9999.0 -9999.0 -9999.0
63894 201603  5.101  -87.6399   34.7728    19.6     7.3    13.5    13.9   122.4 -9999.0 U -9999.0 -9999.0 -9999.0
63894 201604  5.101  -87.6399   34.7728    22.5     9.6    16.1    16.2    84.1 -9999.0 U -9999.0 -9999.0 -9999.0
63894 201605  5.101  -87.6399   34.7728    26.4    13.3    19.9    20.0    18.1 -9999.0 U -9999.0 -9999.0 -9999.0
63894 201606  5.101  -87.6399   34.7728    33.0    19.3    26.2    25.8    71.6 -9999.0 U -9999.0 -9999.0 -9999.0
63894 201607  5.101  -87.6399   34.7728    33.3    21.4    27.4    26.9    96.8 -9999.0 U -9999.0 -9999.0 -9999.0
63894 201608  5.102  -87.6399   34.7728    32.1    21.7    26.9    26.2    88.2 -9999.0 U -9999.0 -9999.0 -9999.0
63894 201609  5.102  -87.6399   34.7728    32.1    17.1    24.6    24.4    17.9 -9999.0 U -9999.0 -9999.0 -9999.0
63894 201610  5.102  -87.6399   34.7728    28.0    11.3    19.6    19.4     7.8 -9999.0 U -9999.0 -9999.0 -9999.0
63894 201611  5.102  -87.6399   34.7728    20.7     4.9    12.8    12.7    89.4 -9999.0 U -9999.0 -9999.0 -9999.0
63894 201612  5.102  -87.6399   34.7728    13.5     1.9     7.7     7.6   158.7 -9999.0 U -9999.0 -9999.0 -9999.0
63894 201701  5.102  -87.6399   34.7728    14.2     4.6     9.4     9.6   128.2 -9999.0 U -9999.0 -9999.0 -9999.0
63894 201702  5.102  -87.6399   34.7728    17.3     5.4    11.3    11.6    58.4 -9999.0 U -9999.0 -9999.0 -9999.0
63894 201703  5.102  -87.6399   34.7728    18.7     6.3    12.5    12.9   125.4 -9999.0 U -9999.0 -9999.0 -9999.0
63894 201704  5.102  -87.6399   34.7728    25.0    12.0    18.5    18.5   113.1 -9999.0 U -9999.0 -9999.0 -9999.0
63894 201705  5.102  -87.6399   34.7728    26.3    13.5    19.9    20.1   133.4 -9999.0 U -9999.0 -9999.0 -9999.0
63894 201706  5.102  -87.6399   34.7728    29.2    17.9    23.5    23.5   103.7 -9999.0 U -9999.0 -9999.0 -9999.0
63894 201707  5.102  -87.6399   34.7728    32.3    21.2    26.8    26.3   102.8 -9999.0 U -9999.0 -9999.0 -9999.0
