94088 200708  1.302 -104.4363   44.5169 -9999.0 -9999.0 -9999.0 -9999.0 -9999.0 -9999.0 U -9999.0 -9999.0 -9999.0
94088 200709  1.302 -104.4363   44.5169    18.7     6.7    12.7    13.1    16.0    17.4 R    33.8     4.1    14.7
94088 200710  1.302 -104.4363   44.5169    11.9     1.3     6.6     6.7    38.6    11.5 R    21.6    -1.8     6.3
94088 200711  1.302 -104.4363   44.5169     4.4    -4.8    -0.2     0.1    22.4     7.6 R     8.5   -10.3    -2.2
94088 200712  1.302 -104.4363   44.5169    -3.1   -10.0    -6.5    -6.4    47.5     5.5 R    -4.7   -16.3    -9.7
94088 200801  1.302 -104.4363   44.5169    -3.3   -11.8    -7.5    -7.3    28.6     6.4 R    -5.9   -17.7   -10.8
94088 200802  1.302 -104.4363   44.5169    -0.8    -9.9    -5.3    -5.3    57.4     9.6 R    -2.7   -15.4    -8.3
94088 200803  1.302 -104.4363   44.5169     1.0    -7.3    -3.2    -2.9    61.2    15.1 R    -0.8   -13.0    -6.0
94088 200804  1.302 -104.4363   44.5169     6.6    -3.6     1.5     1.7    91.8    19.9 R     8.8    -8.2    -0.5
94088 200805  1.302 -104.4363   44.5169    10.5     2.5     6.5     6.4 -9999.0    18.3 R    19.7    -0.7     6.6
94088 200806  1.302 -104.4363   44.5169    17.4     6.9    12.1    12.3   189.8    24.1 R    29.8     5.2    14.2
94088 200807  1.302 -104.4363   44.5169    23.4    11.4    17.4    18.2    66.8    26.8 R    30.3     9.5    18.3
94088 200808  1.302 -104.4363   44.5169    23.3    11.0    17.2    17.7    73.6    23.6 R    29.2     8.5    17.2
94088 200809  2.302 -104.4363   44.5169    16.2     4.7    10.4    10.6    50.7    15.7 R    23.0     1.4     9.9
94088 200810  2.302 -104.4363   44.5169    10.1     0.7     5.4     5.5    52.8    11.3 R    13.7    -4.1     2.8
94088 200811  2.302 -104.4363   44.5169     5.3    -2.8     1.3     1.3   118.8     6.5 R     2.3    -7.7    -2.6
94088 200812  2.302 -104.4363   44.5169    -2.9   -15.2    -9.1    -8.8    39.7     5.5 R    -6.2   -18.8   -11.9
94088 200901  2.302 -104.4363   44.5169 -9999.0 -9999.0 -9999.0 -9999.0    46.9     5.9 R    -4.2   -14.2    -8.8
94088 200902  2.302 -104.4363   44.5169     0.5    -7.6    -3.5    -3.3    41.4    10.0 R    -1.9   -13.3    -6.9
94088 200903  2.302 -104.4363   44.5169     2.9    -6.9    -2.0    -1.7   120.8    16.2 R    -0.4   -11.4    -5.7
94088 200904  2.302 -104.4363   44.5169     5.9    -2.5     1.7     1.9 -9999.0    16.9 R     8.0    -7.1    -0.2
94088 200905  2.302 -104.4363   44.5169    14.4     3.7     9.1     9.3 -9999.0    22.4 R    31.4     0.1    11.0
94088 200906  2.302 -104.4363   44.5169    16.5     7.0    11.7    11.7    68.6    21.6 R    23.8     5.2    12.4
94088 200907  2.302 -104.4363   44.5169    21.2     9.7    15.4    15.8    63.3    24.3 R    31.3     6.7    16.5
94088 200908  2.302 -104.4363   44.5169    21.1     9.4    15.3    15.6    76.8    21.8 R    31.1     6.3    15.9
94088 200909  2.302 -104.4363   44.5169    20.2     8.4    14.3    14.5    29.0    18.6 R    28.8     4.3    13.7
94088 200910  2.302 -104.4363   44.5169     3.3    -4.0    -0.3    -0.4   118.6     8.0 R     4.5    -7.4    -1.8
94088 200911  2.302 -104.4363   44.5169     7.3    -2.0     2.6     2.9     6.9     8.3 R    10.9    -7.1    -0.1
94088 200912  2.302 -104.4363   44.5169    -5.5   -13.8    -9.6    -9.5    68.5     4.7 R    -6.7   -17.9   -11.9
94088 201001  2.302 -104.4363   44.5169    -0.3    -7.5    -3.9    -3.8    18.2     6.9 R    -2.6   -12.9    -7.6
94088 201002  2.302 -104.4363   44.5169    -3.2   -11.1    -7.1    -6.7    26.1     9.7 R    -2.8   -16.9    -9.7
94088 201003  2.302 -104.4363   44.5169     5.1    -3.0     1.1     1.0    47.1    14.4 R     1.6    -7.3    -2.5
94088 201004  2.302 -104.4363   44.5169     7.6    -1.3     3.2     3.3   117.5    16.5 R    17.2    -5.4     3.0
94088 201005  2.302 -104.4363   44.5169    10.4     1.2     5.8     5.9   192.9    18.6 R    16.4    -0.9     5.9
94088 201006  2.302 -104.4363   44.5169    17.9     7.0    12.4    13.1    95.3    22.1 R    25.7     5.0    13.6
94088 201007  2.302 -104.4363   44.5169    22.3    10.7    16.5    17.0    57.3    24.1 R    27.3     8.0    16.3
94088 201008  2.302 -104.4363   44.5169    23.5    10.9    17.2    17.8    65.0    22.3 R    34.2     7.1    17.7
94088 201009  2.302 -104.4363   44.5169    18.5     5.7    12.1    12.4    24.1    17.4 R    30.8     0.7    12.2
94088 201010  2.404 -104.4363   44.5169    13.3     3.3     8.3     8.6    53.2    11.6 R    23.1    -1.6     7.3
94088 201011  2.404 -104.4363   44.5169     1.1    -7.0    -2.9    -2.6    78.2     6.6 R     2.9   -10.7    -4.6
94088 201012  2.404 -104.4363   44.5169    -0.3    -8.4    -4.4    -4.1    47.0     5.5 R    -2.8   -13.9    -7.9
94088 201101  2.404 -104.4363   44.5169    -2.8   -10.6    -6.7    -6.6    87.8     5.9 R    -4.4   -14.3    -8.4
94088 201102  2.404 -104.4363   44.5169    -3.8   -13.3    -8.6    -8.3    56.5    10.3 R    -4.9   -17.3   -10.8
94088 201103  2.404 -104.4363   44.5169     2.9    -5.2    -1.2    -0.9    66.1    14.4 R     0.9    -9.0    -3.2
94088 201104  2.404 -104.4363   44.5169     5.8    -2.4     1.7     1.3   124.4    15.2 R     2.7    -4.9    -0.8
94088 201105  2.404 -104.4363   44.5169     9.4     1.7     5.6     5.4   231.9    15.6 R    21.5     0.2     7.2
94088 201106  2.404 -104.4363   44.5169    18.8     7.8    13.3    13.6    38.0    24.2 R    28.4     5.5    14.5
94088 201107  2.402 -104.4363   44.5169    24.7    13.4    19.1    19.4    85.4    24.5 R    34.4    10.4    19.8
94088 201108  2.402 -104.4363   44.5169    25.1    11.7    18.4    18.9    25.4    22.0 R    41.3     7.4    20.4
94088 201109  2.402 -104.4363   44.5169    19.3     7.0    13.1    13.3    26.5    18.2 R    35.8     2.4    14.4
94088 201110  2.402 -104.4363   44.5169    11.4     2.5     7.0     6.9    37.5    10.3 R    21.7    -1.1     6.5
94088 201111  2.402 -104.4363   44.5169     3.6    -5.2    -0.8    -0.7    52.3     7.2 R     3.6    -9.7    -3.4
94088 201112  2.402 -104.4363   44.5169     0.3    -8.0    -3.8    -3.7    38.1     5.7 R    -2.6   -12.9    -7.1
94088 201201  2.402 -104.4363   44.5169     0.9    -8.9    -4.0    -3.4    49.5     6.5 R    -2.1   -13.0    -6.7
94088 201202  2.402 -104.4363   44.5169    -2.0    -9.8    -5.9    -5.7    71.0     8.9 R    -2.3   -15.1    -8.3
94088 201203  2.402 -104.4363   44.5169    10.7    -0.3     5.2     5.8    14.9    16.5 R    16.8    -4.7     3.6
94088 201204  2.402 -104.4363   44.5169    11.7     0.4     6.0     6.2   100.1    17.5 R    27.2    -2.8     7.8
94088 201205  2.402 -104.4363   44.5169    14.6     3.2     8.9     9.2    62.8    20.5 R    29.2     0.4    11.0
94088 201206  2.412 -104.4363   44.5169    23.1     9.3    16.2    16.7     7.6    26.6 R    40.2     6.0    19.4
94088 201207  2.412 -104.4363   44.5169    27.7    14.5    21.1    21.3    80.6    24.2 C    48.2    10.3    24.3
94088 201208  2.412 -104.4363   44.5169    24.9    11.5    18.2    18.8    27.6    21.3 C    40.9     6.1    19.7
94088 201209  2.412 -104.4363   44.5169    20.7     8.2    14.4    14.6     0.0    18.5 C    39.0     0.9    15.0
94088 201210  2.412 -104.4363   44.5169     8.6    -0.3     4.2     4.1    47.9     9.3 C    14.5    -4.2     2.7
94088 201211  2.412 -104.4363   44.5169     6.5    -3.2     1.7     2.1    15.7     7.1 C     7.9    -8.6    -1.4
94088 201212  2.412 -104.4363   44.5169    -1.0    -8.7    -4.8    -4.4    34.8     5.0 C    -3.5   -16.3    -9.0
94088 201301  2.412 -104.4363   44.5169    -1.0    -9.5    -5.2    -4.9    43.8     5.5 C    -4.8   -15.1    -9.4
94088 201302  2.412 -104.4363   44.5169    -1.6    -8.4    -5.0    -4.7    53.6     8.7 C    -3.7   -16.0    -8.5
94088 201303  2.412 -104.4363   44.5169     2.4    -7.4    -2.5    -1.9    39.7    14.9 C    -1.6   -12.3    -6.1
94088 201304  2.412 -104.4363   44.5169     3.8    -5.6    -0.9    -0.8   116.7    16.4 C     6.6   -10.3    -2.7
94088 201305  2.412 -104.4363   44.5169    13.9     4.3     9.1     9.3   287.3    19.5 C    31.1     0.0    11.6
94088 201306  2.412 -104.4363   44.5169    18.9     7.7    13.3    13.8 -9999.0    25.5 C    30.4     4.6    15.1
94088 201307  2.422 -104.4363   44.5169    23.6    11.9    17.7    18.1    63.5    25.1 C    42.4     8.7    21.0
94088 201308  2.422 -104.4363   44.5169    24.2    12.6    18.4    18.9    41.2    21.4 C    38.8     8.6    19.8
94088 201309  2.422 -104.4363   44.5169    19.6     8.9    14.2    14.3    75.8    16.1 C    29.6     5.2    13.9
94088 201310  2.422 -104.4363   44.5169     6.0    -1.1     2.5     2.4   242.2     9.0 C     1.3    -5.3    -1.5
94088 201311  2.422 -104.4363   44.5169     3.6    -4.8    -0.6    -0.2    26.0     7.8 C     2.9   -10.7    -4.5
94088 201312  2.422 -104.4363   44.5169    -3.1   -12.5    -7.8    -7.7    49.0     4.9 C    -5.9   -18.2   -11.4
94088 201401  2.422 -104.4363   44.5169    -1.5   -11.3    -6.4    -6.2    43.9     6.1 C    -4.9   -17.3   -10.0
94088 201402  2.422 -104.4363   44.5169    -5.4   -14.7   -10.1   -10.0    47.3     9.0 C    -7.4   -21.4   -13.4
94088 201403  2.422 -104.4363   44.5169     2.4    -7.1    -2.4    -2.0    89.3    13.1 C    -1.7   -12.6    -5.8
94088 201404  2.422 -104.4363   44.5169     7.7    -1.9     2.9     3.1    81.3    16.9 C     9.6    -7.5     0.4
94088 201405  2.422 -104.4363   44.5169    13.5     3.8     8.6     8.7    56.9    18.3 C    29.3     0.3    10.3
94088 201406  2.422 -104.4363   44.5169    16.9     6.6    11.8    11.9   134.3    21.2 C    30.9     4.0    13.9
94088 201407  2.422 -104.4363   44.5169    22.8    10.4    16.6    17.5    30.3    26.7 C    38.3     6.2    19.3
94088 201408  2.422 -104.4363   44.5169    22.2    11.1    16.6    16.7    31.1    19.9 C    39.9     7.8    19.0
94088 201409  2.422 -104.4363   44.5169    17.7     6.6    12.1    12.4    66.6    16.4 C    30.4     1.3    12.2
94088 201410  2.422 -104.4363   44.5169    13.0     3.2     8.1     8.2    40.7    12.2 C    21.2    -2.0     6.0
94088 201411  2.422 -104.4363   44.5169     0.1    -8.6    -4.2    -4.0    51.4     6.5 C     0.3   -13.7    -7.2
94088 201412  2.422 -104.4363   44.5169     0.3    -7.1    -3.4    -2.9    41.8     5.6 C    -2.4   -12.9    -7.0
94088 201501  2.422 -104.4363   44.5169     2.2    -8.7    -3.3    -3.4    32.0     6.4 C    -2.6   -14.4    -7.9
94088 201502  2.422 -104.4363   44.5169    -0.3    -9.5    -4.9    -4.6    42.4     9.3 C    -0.7   -13.6    -7.0
94088 201503  2.422 -104.4363   44.5169     7.8    -1.7     3.0     3.0    36.3    15.6 C    10.8    -7.1    -0.3
94088 201504  2.422 -104.4363   44.5169    10.0    -0.6     4.7     4.4    36.6    18.3 C    24.7    -4.5     5.8
94088 201505  2.422 -104.4363   44.5169    11.0     2.3     6.7     6.7   190.3    17.4 C    21.4    -0.2     8.1
94088 201506  2.422 -104.4363   44.5169    20.3     9.9    15.1    15.6   104.6    24.6 C    29.1     8.1    16.6
94088 201507  2.422 -104.4363   44.5169    22.7    11.2    17.0    17.5    41.4    25.2 C    34.3     7.9    18.5
94088 201508  2.422 -104.4363   44.5169    24.0    11.7    17.9    17.9    62.9    20.5 C    38.5     7.8    19.0
94088 201509  2.422 -104.4363   44.5169    21.9     9.8    15.9    15.8    13.9    17.8 C    35.5     4.5    15.7
94088 201510  2.422 -104.4363   44.5169    13.3     3.8     8.5     8.7    67.2    10.8 C    21.6    -0.7     7.2
94088 201511  2.422 -104.4363   44.5169     3.6    -5.5    -0.9    -0.7    18.8     6.4 C     5.7   -10.4    -3.3
94088 201512  2.422 -104.4363   44.5169    -0.8    -7.5    -4.1    -4.1    30.7     5.4 C    -2.3   -13.3    -7.9
94088 201601  2.422 -104.4363   44.5169     0.5    -6.7    -3.1    -3.0    44.0     6.3 C    -3.4   -14.7    -7.9
94088 201602  2.422 -104.4363   44.5169     2.6    -5.2    -1.3    -0.9    72.2     8.9 C    -1.9   -10.4    -5.5
94088 201603  2.422 -104.4363   44.5169     5.7    -2.9     1.4     1.4    81.8    13.3 C     4.4    -8.4    -2.6
94088 201604  2.422 -104.4363   44.5169     8.5    -0.5     4.0     4.1    83.4    15.4 C    15.9    -4.0     3.4
94088 201605  2.422 -104.4363   44.5169    13.8     3.6     8.7     8.8    23.6    20.3 C    28.7    -0.7    10.1
94088 201606  2.422 -104.4363   44.5169    24.2     9.9    17.1    17.8    14.0    27.6 C    40.8     6.3    20.1
94088 201607  2.422 -104.4363   44.5169    26.0    12.0    19.0    19.2    45.0    24.2 C    44.8     7.8    21.6
94088 201608  2.422 -104.4363   44.5169    23.6    10.5    17.1    17.2    56.0    21.0 C    37.7     6.5    18.4
94088 201609  2.422 -104.4363   44.5169    17.7     7.2    12.5    12.5    89.3    15.2 C    26.7     4.7    12.9
94088 201610  2.422 -104.4363   44.5169    13.2     2.8     8.0     8.5    23.4    10.7 C    19.1    -1.6     6.5
94088 201611  2.422 -104.4363   44.5169     8.3     0.0     4.2     4.6    43.4     7.7 C     8.1    -7.0    -0.2
94088 201612  2.422 -104.4363   44.5169    -4.6   -13.5    -9.0    -9.2    71.2     5.6 C    -7.9   -19.5   -13.5
94088 201701  2.422 -104.4363   44.5169    -3.1   -11.4    -7.2    -6.8    34.6     6.7 C    -6.8   -17.6   -11.9
94088 201702  2.422 -104.4363   44.5169     2.0    -6.7    -2.3    -1.7    35.9     9.9 C     0.9   -11.6    -5.4
94088 201703  2.422 -104.4363   44.5169     7.6    -2.9     2.4     2.4    59.1    12.5 C    15.0    -6.9     1.4
94088 201704  2.422 -104.4363   44.5169     8.3    -1.3     3.5     3.5   127.9    17.0 C    15.8    -6.7     3.0
94088 201705  2.422 -104.4363   44.5169    13.3     3.7     8.5     8.7    72.0    20.3 C    24.6     0.2     9.7
94088 201706  2.422 -104.4363   44.5169    20.0     7.8    13.9    14.3    61.9    25.5 C    32.0     4.4    15.2
94088 201707  2.422 -104.4363   44.5169    27.1    13.6    20.4    20.9    79.3    25.3 C    44.1     9.4    22.8
