04990 200207  1.001  -96.6222   43.7346 -9999.0 -9999.0 -9999.0 -9999.0 -9999.0 -9999.0 U -9999.0 -9999.0 -9999.0
04990 200208 -9.000  -96.6222   43.7346 -9999.0 -9999.0 -9999.0 -9999.0 -9999.0 -9999.0 U -9999.0 -9999.0 -9999.0
04990 200209  1.001  -96.6222   43.7346 -9999.0 -9999.0 -9999.0 -9999.0 -9999.0 -9999.0 U -9999.0 -9999.0 -9999.0
04990 200210  1.001  -96.6222   43.7346     9.2    -0.6     4.3     4.4    91.2     8.1 R -9999.0 -9999.0     4.9
04990 200211  1.001  -96.6222   43.7346     5.9    -6.0    -0.1    -0.2     1.4     7.2 R -9999.0 -9999.0    -0.4
04990 200212  1.001  -96.6222   43.7346     2.2    -9.2    -3.5    -3.7     4.3     5.5 R -9999.0 -9999.0    -4.3
04990 200301  1.001  -96.6222   43.7346    -3.7   -13.9    -8.8    -8.5    12.8     5.8 R -9999.0 -9999.0    -8.2
04990 200302  1.001  -96.6222   43.7346    -2.2   -15.0    -8.6    -8.5    14.0    10.6 R -9999.0 -9999.0    -7.2
04990 200303  1.001  -96.6222   43.7346     6.2    -6.8    -0.3    -0.6    14.1    14.4 R -9999.0 -9999.0     0.0
04990 200304  1.001  -96.6222   43.7346    14.6     2.2     8.4     8.4    77.3    16.7 R -9999.0 -9999.0     9.7
04990 200305  1.001  -96.6222   43.7346    18.8     7.0    12.9    13.2    50.5    18.3 R -9999.0 -9999.0    14.1
04990 200306  1.001  -96.6222   43.7346    24.7    12.6    18.7    18.8   106.6    21.5 R -9999.0 -9999.0    20.5
04990 200307  1.001  -96.6222   43.7346    28.3    15.7    22.0    22.1    57.8    24.5 R -9999.0 -9999.0    24.5
04990 200308  1.100  -96.6222   43.7346    28.2    15.9    22.0    21.9    89.4    21.7 R -9999.0 -9999.0    24.9
04990 200309  1.100  -96.6222   43.7346    21.5     7.6    14.6    14.5   123.8    16.2 R -9999.0 -9999.0    16.1
04990 200310  1.100  -96.6222   43.7346    17.1     3.2    10.1     9.9    20.7    10.8 R -9999.0 -9999.0    10.1
04990 200311  1.100  -96.6222   43.7346     3.9    -6.2    -1.2    -1.2    51.3     7.2 R -9999.0 -9999.0    -1.4
04990 200312  1.100  -96.6222   43.7346    -0.6    -8.3    -4.5    -4.2    20.3     5.0 R -9999.0 -9999.0    -4.2
04990 200401  1.100  -96.6222   43.7346    -5.1   -15.7   -10.4   -10.3    29.2     6.6 R -9999.0 -9999.0    -9.2
04990 200402  1.100  -96.6222   43.7346    -3.4   -11.4    -7.4    -7.3    30.4    10.0 R -9999.0 -9999.0    -7.1
04990 200403  1.100  -96.6222   43.7346     8.2    -2.5     2.9     2.8    42.4    12.8 R -9999.0 -9999.0     3.6
04990 200404  1.100  -96.6222   43.7346    16.7     1.3     9.0     9.0    34.5    19.7 R -9999.0 -9999.0    11.1
04990 200405  1.100  -96.6222   43.7346    19.6     7.2    13.4    13.5   153.0    18.0 R -9999.0 -9999.0    15.7
04990 200406  1.100  -96.6222   43.7346    23.5    11.9    17.7    17.9    76.2    22.3 R -9999.0 -9999.0    20.6
04990 200407  1.100  -96.6222   43.7346    26.3    14.9    20.6    20.6    68.2    22.2 R -9999.0 -9999.0    24.4
04990 200408  1.100  -96.6222   43.7346    24.1    12.2    18.2    18.0    85.0    19.4 R -9999.0 -9999.0    21.6
04990 200409  1.201  -96.6222   43.7346    24.0    11.6    17.8    17.7   111.2    15.6 R -9999.0 -9999.0    19.3
04990 200410  1.201  -96.6222   43.7346    15.4     3.6     9.5     9.2    12.4     9.6 R -9999.0 -9999.0    10.3
04990 200411  1.201  -96.6222   43.7346     8.2    -3.1     2.5     2.4    20.0     7.3 R -9999.0 -9999.0     3.4
04990 200412  1.201  -96.6222   43.7346     0.8    -9.6    -4.4    -4.4     3.0     5.0 R -9999.0 -9999.0    -3.2
04990 200501  1.201  -96.6222   43.7346    -5.2   -13.8    -9.5    -9.4    17.3     5.4 R -9999.0 -9999.0    -8.8
04990 200502  1.201  -96.6222   43.7346     2.7    -8.4    -2.8    -3.0    32.0     8.9 R -9999.0 -9999.0    -1.9
04990 200503  1.201  -96.6222   43.7346     5.7    -5.8     0.0    -0.2    48.4    14.6 R -9999.0 -9999.0     0.9
04990 200504  1.201  -96.6222   43.7346    16.4     3.6    10.0     9.9    86.0    17.6 R -9999.0 -9999.0    11.1
04990 200505  1.201  -96.6222   43.7346    19.3     7.3    13.3    13.3    89.1    18.6 R -9999.0 -9999.0    15.0
04990 200506  1.201  -96.6222   43.7346 -9999.0 -9999.0 -9999.0 -9999.0 -9999.0 -9999.0 U -9999.0 -9999.0 -9999.0
04990 200507  1.201  -96.6222   43.7346 -9999.0 -9999.0 -9999.0 -9999.0 -9999.0 -9999.0 U -9999.0 -9999.0 -9999.0
04990 200508  1.201  -96.6222   43.7346    26.6    14.4    20.5    20.4    72.1    21.5 R -9999.0 -9999.0    22.6
04990 200509  1.201  -96.6222   43.7346    25.7    11.6    18.7    18.4   183.5    17.2 R -9999.0 -9999.0    19.2
04990 200510  1.201  -96.6222   43.7346    16.7     3.7    10.2     9.5    48.9    11.5 R -9999.0 -9999.0     9.9
04990 200511  1.201  -96.6222   43.7346     7.8    -3.7     2.0     2.1    83.1     6.9 R -9999.0 -9999.0     1.8
04990 200512  1.201  -96.6222   43.7346    -5.1   -12.3    -8.7    -8.3    25.8     5.7 R -9999.0 -9999.0    -8.9
04990 200601  1.201  -96.6222   43.7346     1.9    -5.4    -1.7    -1.5    19.2     5.8 R -9999.0 -9999.0    -1.9
04990 200602  1.201  -96.6222   43.7346    -0.2   -11.6    -5.9    -6.1     5.5    11.0 R -9999.0 -9999.0    -5.3
04990 200603  1.201  -96.6222   43.7346     4.4    -4.4     0.0    -0.1    83.6    12.1 R -9999.0 -9999.0    -0.2
04990 200604  1.201  -96.6222   43.7346    16.4     5.1    10.8    10.7 -9999.0    15.4 R -9999.0 -9999.0    11.2
04990 200605  1.201  -96.6222   43.7346    21.4     8.8    15.1    15.2    32.7    21.4 R -9999.0 -9999.0    16.3
04990 200606  1.201  -96.6222   43.7346    26.4    14.1    20.2    20.4    83.8    23.0 R -9999.0 -9999.0    21.8
04990 200607  1.201  -96.6222   43.7346    30.7    16.6    23.6    23.9    20.5    25.5 R -9999.0 -9999.0    26.8
04990 200608  1.301  -96.6222   43.7346    26.4    15.5    20.9    20.8   203.1    19.3 R -9999.0 -9999.0    23.1
04990 200609  1.301  -96.6222   43.7346    19.3     8.2    13.8    13.7   101.3    13.2 R    26.1     8.3    14.8
04990 200610  1.301  -96.6222   43.7346    13.6     0.9     7.3     7.0     8.7    11.2 R    18.5     0.6     7.5
04990 200611  1.301  -96.6222   43.7346     7.6    -5.2     1.2     1.0    18.1     7.4 R    11.4    -5.8     1.0
04990 200612  1.301  -96.6222   43.7346     2.3    -7.8    -2.7    -2.8    54.3     5.1 R     3.2    -8.2    -3.1
04990 200701  1.301  -96.6222   43.7346    -3.6   -12.7    -8.1    -7.9    16.1     7.4 R    -2.5   -14.3    -8.3
04990 200702  1.301  -96.6222   43.7346    -6.7   -14.8   -10.7   -10.6    37.4    10.3 R    -4.5   -16.4   -10.6
04990 200703  1.301  -96.6222   43.7346     8.2    -2.3     3.0     2.9    70.1    12.1 R    11.3    -3.0     2.9
04990 200704  1.301  -96.6222   43.7346    13.1     0.5     6.8     6.7    47.9    19.7 R    19.8    -0.3     7.6
04990 200705  1.301  -96.6222   43.7346    22.8    10.2    16.5    16.7   106.4    19.9 R    30.1     9.9    18.0
04990 200706  1.301  -96.6222   43.7346    25.8    14.0    19.9    20.2   134.0    23.7 R    32.9    14.2    21.9
04990 200707  1.301  -96.6222   43.7346    29.5    16.1    22.8    22.9    26.8    25.2 R    41.8    16.7    26.5
04990 200708  1.302  -96.6222   43.7346    26.6    16.2    21.4    21.1   161.7    16.7 R    33.5    16.5    22.8
04990 200709  1.302  -96.6222   43.7346    23.4     9.7    16.5    16.6    64.9    15.9 R    27.5     9.7    17.1
04990 200710  1.302  -96.6222   43.7346    17.0     5.3    11.1    11.0   130.8    10.7 R    19.5     5.2    11.1
04990 200711  1.302  -96.6222   43.7346     8.0    -3.5     2.3     1.9 -9999.0     7.4 R    10.3    -4.0     1.7
04990 200712  1.302  -96.6222   43.7346    -4.8   -13.5    -9.2    -8.9 -9999.0     5.6 R    -4.0   -15.4    -9.4
04990 200801  1.302  -96.6222   43.7346    -6.3   -16.5   -11.4   -11.3     8.2     7.8 R    -6.3   -18.8   -12.3
04990 200802  1.302  -96.6222   43.7346    -5.7   -15.8   -10.8   -10.6    10.0    11.0 R    -4.6   -17.9   -11.1
04990 200803  1.302  -96.6222   43.7346     1.8    -7.0    -2.6    -2.5    39.9    12.9 R     4.4    -8.3    -2.6
04990 200804  1.302  -96.6222   43.7346    11.5    -1.1     5.2     5.1    72.7    19.1 R    17.1    -2.0     5.9
04990 200805  1.302  -96.6222   43.7346    18.5     6.8    12.6    12.7    86.6    19.2 R    24.1     6.2    13.5
04990 200806  1.302  -96.6222   43.7346    25.0    12.9    18.9    19.1   100.7    23.2 R    31.5    12.5    20.3
04990 200807  1.302  -96.6222   43.7346    28.4    15.9    22.2    22.3   190.7    24.2 R    36.0    16.0    24.3
04990 200808  1.302  -96.6222   43.7346    26.8    14.4    20.6    20.5    40.9    22.0 R    32.6    14.4    21.8
04990 200809  1.302  -96.6222   43.7346    22.9     9.5    16.2    15.9    63.2    16.2 R    27.5     9.2    16.7
04990 200810  1.302  -96.6222   43.7346    15.0     3.1     9.0     8.8   141.2    10.2 R    18.2     2.8     9.0
04990 200811  1.302  -96.6222   43.7346     5.3    -4.3     0.5     0.6    21.4     6.4 R     7.2    -4.4     0.7
04990 200812  1.302  -96.6222   43.7346    -5.0   -16.6   -10.8   -10.8    22.2     6.4 R    -3.7   -17.9   -10.9
04990 200901  1.302  -96.6222   43.7346    -5.9   -16.7   -11.3   -10.9    13.1     7.2 R    -4.8   -18.8   -11.3
04990 200902  1.302  -96.6222   43.7346     0.0   -11.8    -5.9    -6.1    12.7    10.9 R     3.0   -11.9    -5.5
04990 200903  1.302  -96.6222   43.7346     5.8    -6.3    -0.2    -0.5    37.5    13.8 R     9.3    -6.7     0.0
04990 200904  1.302  -96.6222   43.7346    13.1     0.3     6.7     6.5    51.2    19.1 R    19.0    -0.7     7.4
04990 200905  1.302  -96.6222   43.7346    21.4     6.9    14.1    14.4    29.9    21.9 R    28.1     6.0    15.4
04990 200906  1.302  -96.6222   43.7346    23.9    12.8    18.3    18.4    99.3    21.0 R    30.6    11.9    19.5
04990 200907  1.302  -96.6222   43.7346    25.3    13.4    19.4    19.3    93.9    23.9 R    32.1    12.7    20.8
04990 200908  1.302  -96.6222   43.7346    25.4    12.9    19.2    19.0    69.9    21.2 R    32.9    12.5    20.6
04990 200909  1.302  -96.6222   43.7346    23.4    10.7    17.0    16.5    23.1    15.7 R    32.8     9.4    17.7
04990 200910  1.302  -96.6222   43.7346     9.1     0.6     4.8     4.5   147.2     7.4 R    13.5     0.1     5.0
04990 200911  1.302  -96.6222   43.7346    10.8    -1.2     4.8     4.3     4.8     6.8 R    13.6    -2.7     3.6
04990 200912  1.302  -96.6222   43.7346    -6.1   -14.5   -10.3   -10.2    54.7     5.2 R    -4.8   -15.9   -10.4
04990 201001  1.302  -96.6222   43.7346    -8.6   -16.4   -12.5   -12.2    30.1     6.9 R    -6.8   -18.4   -12.5
04990 201002  1.302  -96.6222   43.7346    -5.9   -14.3   -10.1    -9.7    22.3    11.5 R    -3.7   -16.2    -9.8
04990 201003  1.302  -96.6222   43.7346     6.9    -2.3     2.3     1.9    26.2    12.9 R    11.1    -3.7     2.0
04990 201004  1.302  -96.6222   43.7346    18.2     4.5    11.3    11.5    79.9    18.2 R    26.7     3.5    12.4
04990 201005  1.302  -96.6222   43.7346    20.3     7.4    13.8    14.1    50.6    19.0 R    28.4     6.3    15.1
04990 201006  2.402  -96.6222   43.7346    25.1    14.0    19.5    19.6   214.4    21.6 R    31.9    13.5    21.0
04990 201007  2.402  -96.6222   43.7346    28.2    16.6    22.4    22.5   104.3    24.0 R    35.7    16.5    24.4
04990 201008  2.402  -96.6222   43.7346    28.6    16.9    22.8    22.5   156.9    22.1 R    34.9    16.9    24.0
04990 201009  2.402  -96.6222   43.7346    21.5     9.1    15.3    15.0   158.7    14.6 R    25.9     9.1    15.7
04990 201010  2.402  -96.6222   43.7346    18.0     3.6    10.8    10.3    25.4    12.7 R    22.1     3.0    10.4
04990 201011  2.402  -96.6222   43.7346     5.7    -4.8     0.5     0.5     6.5     6.4 R     8.1    -5.0     0.8
04990 201012  2.402  -96.6222   43.7346    -5.0   -13.8    -9.4    -9.3    47.8     5.3 R    -3.4   -15.2    -9.3
04990 201101  2.402  -96.6222   43.7346    -7.6   -17.6   -12.6   -12.4    36.1     6.9 R    -6.8   -19.4   -12.6
04990 201102  2.402  -96.6222   43.7346    -4.5   -14.3    -9.4    -8.9    32.4    11.8 R    -3.8   -16.2    -9.4
04990 201103  2.402  -96.6222   43.7346     2.4    -6.8    -2.2    -2.3    25.8    13.0 R     5.4    -7.3    -1.8
04990 201104  2.402  -96.6222   43.7346    11.5     1.0     6.2     6.2    77.1    13.7 R    16.2     0.2     6.8
04990 201105  2.402  -96.6222   43.7346    19.4     7.5    13.4    13.3   142.3    20.5 R    25.3     7.2    14.4
04990 201106  2.402  -96.6222   43.7346    24.9    13.9    19.4    19.6   110.3    20.9 R    31.5    13.6    20.9
04990 201107  2.402  -96.6222   43.7346    30.1    19.0    24.5    24.5   175.4    23.5 R    36.5    19.0    26.2
04990 201108  2.402  -96.6222   43.7346    27.0    14.5    20.8    20.8    68.6    20.6 R    34.1    14.5    22.4
04990 201109  2.402  -96.6222   43.7346    21.7     7.8    14.8    14.9     5.8    17.6 R    28.1     7.3    15.8
04990 201110  2.402  -96.6222   43.7346    18.5     3.6    11.0    10.7    12.6    12.7 R    23.6     2.6    11.0
04990 201111  2.402  -96.6222   43.7346     8.2    -5.1     1.6     1.5     1.2     8.0 R    11.9    -6.3     1.5
04990 201112  2.402  -96.6222   43.7346     2.4    -9.5    -3.6    -3.3    11.9     5.5 R     4.9   -10.4    -3.3
04990 201201  2.402  -96.6222   43.7346     0.8   -10.5    -4.8    -4.8    16.5     7.2 R     3.0   -11.8    -5.1
04990 201202  2.402  -96.6222   43.7346     2.0    -9.0    -3.5    -3.9    56.6    10.0 R     5.3    -9.9    -3.5
04990 201203  2.402  -96.6222   43.7346    16.3     1.9     9.1     8.6    40.3    14.5 R    20.7     0.4     8.8
04990 201204  2.402  -96.6222   43.7346    17.2     3.6    10.4    10.2    66.7    18.3 R    24.2     2.5    11.3
04990 201205  2.412  -96.6222   43.7346    22.8    10.1    16.4    16.6   188.3    20.5 R    29.3     8.9    17.4
04990 201206  2.412  -96.6222   43.7346    28.6    15.2    21.9    22.2    18.8    25.3 C    34.1    14.3    23.5
04990 201207  2.412  -96.6222   43.7346    33.2    19.1    26.1    25.7    10.0    24.3 C    41.8    18.7    28.4
04990 201208  2.412  -96.6222   43.7346    28.8    13.9    21.3    20.8    50.2    21.1 C    35.7    13.6    22.7
04990 201209  2.412  -96.6222   43.7346    25.2     7.4    16.3    16.1    35.2    18.6 C    31.6     6.5    17.2
04990 201210  2.412  -96.6222   43.7346    13.7     1.0     7.4     7.3    27.3    10.3 C    18.0     0.0     8.0
04990 201211  2.412  -96.6222   43.7346     7.6    -4.8     1.4     1.3     7.8     7.3 C    10.7    -5.4     1.7
04990 201212  2.412  -96.6222   43.7346    -1.4   -11.5    -6.4    -6.0    40.7     5.7 C     0.0   -12.8    -6.1
04990 201301  2.412  -96.6222   43.7346    -3.9   -13.9    -8.9    -8.5     8.4     6.6 C    -2.7   -14.8    -8.4
04990 201302  2.412  -96.6222   43.7346    -2.0   -11.5    -6.8    -6.6    28.5     9.1 C     0.0   -12.0    -5.9
04990 201303  2.412  -96.6222   43.7346     1.5    -8.2    -3.3    -3.3    26.5    13.9 C     6.1    -8.2    -1.8
04990 201304  2.412  -96.6222   43.7346     8.6    -2.2     3.2     3.2    92.3    17.0 C    13.9    -3.1     4.3
04990 201305  2.422  -96.6222   43.7346    19.1     7.6    13.4    13.1   104.2    17.2 C    27.4     6.4    14.5
04990 201306  2.422  -96.6222   43.7346    24.8    13.9    19.3    19.4   139.3    21.8 C    34.7    12.3    21.0
04990 201307  2.422  -96.6222   43.7346    27.8    15.4    21.6    21.8    25.1    24.6 C    38.1    14.5    23.8
04990 201308  2.422  -96.6222   43.7346    27.6    15.3    21.5    21.3    47.6    20.1 C    37.2    14.1    23.1
04990 201309  2.422  -96.6222   43.7346    25.9    12.0    19.0    18.6    23.1    15.9 C    33.8    10.7    19.5
04990 201310  2.422  -96.6222   43.7346    13.9     2.3     8.1     7.8    72.2     9.2 C    18.7     1.2     8.0
04990 201311  2.422  -96.6222   43.7346     5.8    -7.1    -0.6    -0.9    14.9     7.8 C     8.2    -8.9    -1.6
04990 201312  2.422  -96.6222   43.7346    -6.8   -16.9   -11.8   -11.8    33.5     6.1 C    -7.0   -21.4   -13.6
04990 201401  2.422  -96.6222   43.7346    -4.4   -18.2   -11.3   -11.3     8.0     7.3 C    -5.8   -22.1   -13.1
04990 201402  2.422  -96.6222   43.7346    -6.7   -17.8   -12.2   -12.0    16.5    11.9 C    -6.6   -21.9   -13.7
04990 201403  2.422  -96.6222   43.7346     3.7    -8.6    -2.4    -2.4    23.4    14.6 C     6.3   -10.5    -2.8
04990 201404  2.422  -96.6222   43.7346    13.6     0.3     7.0     7.0    42.7    17.3 C    22.8    -2.2     8.1
04990 201405  2.422  -96.6222   43.7346    21.2     7.6    14.4    14.3    60.2    19.6 C    32.1     4.7    15.4
04990 201406  2.422  -96.6222   43.7346    25.2    13.8    19.5    19.4   412.8    20.8 C    31.7    12.7    20.3
04990 201407  2.422  -96.6222   43.7346    26.1    14.2    20.1    20.2    14.3    23.0 C    35.2    13.0    21.9
04990 201408  2.422  -96.6222   43.7346    26.0    15.6    20.8    20.5   120.0    17.0 C    39.9    14.3    23.3
04990 201409  2.422  -96.6222   43.7346    22.3     9.7    16.0    15.7    37.5    15.0 C    31.6     8.7    17.0
04990 201410  2.422  -96.6222   43.7346    16.5     3.3     9.9     9.5    17.2    11.1 C    23.3     1.2     9.4
04990 201411  2.422  -96.6222   43.7346     1.5    -9.5    -4.0    -3.9    16.1     6.6 C     3.9   -11.4    -4.2
04990 201412  2.422  -96.6222   43.7346    -0.8    -8.8    -4.8    -4.8    43.5     3.8 C     0.3   -10.9    -5.5
04990 201501  2.422  -96.6222   43.7346    -2.8   -11.6    -7.2    -7.0    24.4     6.0 C    -1.9   -14.7    -8.3
04990 201502  2.422  -96.6222   43.7346    -4.3   -16.1   -10.2   -10.0    12.9     9.8 C    -0.3   -18.1    -9.4
04990 201503  2.422  -96.6222   43.7346    10.1    -4.6     2.7     2.5    10.5    14.9 C    15.7    -7.5     2.0
04990 201504  2.422  -96.6222   43.7346    17.2     2.5     9.9     9.8    23.3    18.6 C    28.0    -0.4    10.8
04990 201505  2.422  -96.6222   43.7346    20.3     8.0    14.2    14.1   141.5    16.6 C    29.7     7.0    15.6
04990 201506  2.422  -96.6222   43.7346    26.0    14.5    20.3    20.3    78.2    21.7 C    33.7    13.8    21.7
04990 201507  2.422  -96.6222   43.7346    27.7    15.3    21.5    21.8   106.3    24.8 C    35.3    14.7    23.6
04990 201508  2.422  -96.6222   43.7346    25.7    13.8    19.8    19.6   121.7    19.7 C    31.7    13.4    20.9
04990 201509  2.422  -96.6222   43.7346    25.2    12.5    18.8    18.6    58.3    16.1 C    29.7    12.0    19.1
04990 201510  2.422  -96.6222   43.7346    17.8     5.0    11.4    10.9    63.4    11.8 C    21.2     3.9    10.8
04990 201511  2.422  -96.6222   43.7346     8.1    -2.0     3.1     2.8    82.1     7.2 C     9.0    -3.5     2.1
04990 201512  2.422  -96.6222   43.7346     0.1    -7.9    -3.9    -3.5    29.6     5.0 C     0.2    -9.3    -4.2
04990 201601  2.422  -96.6222   43.7346    -4.6   -12.9    -8.8    -8.4    14.0     6.6 C    -4.9   -16.2    -9.6
04990 201602  2.422  -96.6222   43.7346     0.2    -7.8    -3.8    -3.6    36.2     9.0 C     0.8   -10.5    -4.3
04990 201603  2.422  -96.6222   43.7346     9.7    -2.1     3.8     3.5    58.5    13.6 C    13.4    -4.0     3.3
04990 201604  2.422  -96.6222   43.7346    14.7     2.6     8.7     8.6   109.8    15.5 C    19.5     1.6     9.1
04990 201605  2.422  -96.6222   43.7346    22.1     8.5    15.3    15.4    97.6    22.0 C    29.7     6.7    16.2
04990 201606  2.422  -96.6222   43.7346    28.2    15.2    21.7    22.0    94.9    24.2 C    34.8    14.0    23.0
04990 201607  2.422  -96.6222   43.7346    28.1    15.9    22.0    22.1   101.2    23.7 C    34.7    15.3    23.6
04990 201608  2.422  -96.6222   43.7346    27.2    15.6    21.4    21.1    49.6    19.0 C    33.4    14.8    22.2
04990 201609  2.422  -96.6222   43.7346    24.2    11.7    17.9    17.3   133.4    14.3 C    29.7    10.6    17.7
04990 201610  2.422  -96.6222   43.7346    16.6     4.3    10.4    10.2    58.9     9.3 C    20.6     2.9     9.9
04990 201611  2.422  -96.6222   43.7346    10.8    -0.7     5.0     4.6    55.0     7.1 C    12.0    -3.5     2.7
04990 201612  2.422  -96.6222   43.7346    -3.1   -12.7    -7.9    -7.7    41.9     5.4 C    -2.9   -15.8    -8.9
04990 201701  2.422  -96.6222   43.7346    -3.4   -11.2    -7.3    -7.1    18.9     5.4 C    -3.1   -13.7    -8.1
04990 201702  2.422  -96.6222   43.7346     4.8    -6.3    -0.8    -1.1    16.2    10.3 C     7.0    -9.0    -2.2
04990 201703  2.422  -96.6222   43.7346     5.4    -4.4     0.5     0.4    23.7    11.8 C    10.2    -6.7     0.6
04990 201704  2.422  -96.6222   43.7346    14.5     2.3     8.4     8.4    89.7    14.2 C    22.7    -0.1     9.2
04990 201705  2.422  -96.6222   43.7346    20.3     7.5    13.9    14.0   110.5    20.6 C    29.4     5.0    14.7
04990 201706  2.422  -96.6222   43.7346    27.3    14.1    20.7    21.1    66.1    24.1 C    36.0    11.5    22.0
04990 201707  2.422  -96.6222   43.7346    29.8    16.4    23.1    23.0    34.2    24.8 C    40.3    15.1    25.5
