94098 201109  6.101 -109.3899   40.9226 -9999.0 -9999.0 -9999.0 -9999.0 -9999.0 -9999.0 U -9999.0 -9999.0 -9999.0
94098 201110  6.101 -109.3899   40.9226    14.4     1.4     7.9     7.8    48.2 -9999.0 U -9999.0 -9999.0 -9999.0
94098 201111  6.101 -109.3899   40.9226     5.1    -5.2    -0.1    -0.3    24.1 -9999.0 U -9999.0 -9999.0 -9999.0
94098 201112  6.101 -109.3899   40.9226    -0.3   -11.6    -5.9    -6.0    10.8 -9999.0 U -9999.0 -9999.0 -9999.0
94098 201201  6.101 -109.3899   40.9226     3.8    -8.7    -2.4    -2.4    10.5 -9999.0 U -9999.0 -9999.0 -9999.0
94098 201202  6.101 -109.3899   40.9226     1.2    -8.6    -3.7    -3.7    28.0 -9999.0 U -9999.0 -9999.0 -9999.0
94098 201203  6.101 -109.3899   40.9226    11.5    -2.2     4.7     5.0     7.5 -9999.0 U -9999.0 -9999.0 -9999.0
94098 201204  6.101 -109.3899   40.9226    15.2     0.4     7.8     8.0    37.8 -9999.0 U -9999.0 -9999.0 -9999.0
94098 201205  6.101 -109.3899   40.9226    20.3     4.3    12.3    12.8     3.5 -9999.0 U -9999.0 -9999.0 -9999.0
94098 201206  6.101 -109.3899   40.9226    28.2     9.9    19.1    19.8     0.0 -9999.0 U -9999.0 -9999.0 -9999.0
94098 201207  6.101 -109.3899   40.9226    30.0    14.1    22.0    22.1    21.5 -9999.0 U -9999.0 -9999.0 -9999.0
94098 201208  6.101 -109.3899   40.9226    29.4    13.3    21.3    21.4     6.7 -9999.0 U -9999.0 -9999.0 -9999.0
94098 201209  6.101 -109.3899   40.9226    23.7     8.0    15.8    15.9    30.4 -9999.0 U -9999.0 -9999.0 -9999.0
94098 201210  6.101 -109.3899   40.9226    15.1     0.9     8.0     7.9    23.4 -9999.0 U -9999.0 -9999.0 -9999.0
94098 201211  6.101 -109.3899   40.9226     9.7    -2.2     3.7     3.5    13.3 -9999.0 U -9999.0 -9999.0 -9999.0
94098 201212  6.101 -109.3899   40.9226    -0.2    -8.7    -4.5    -4.2    27.4 -9999.0 U -9999.0 -9999.0 -9999.0
94098 201301  6.101 -109.3899   40.9226    -3.2   -13.8    -8.5    -8.1    15.1 -9999.0 U -9999.0 -9999.0 -9999.0
94098 201302  6.101 -109.3899   40.9226     0.8    -9.0    -4.1    -4.0    10.2 -9999.0 U -9999.0 -9999.0 -9999.0
94098 201303  6.101 -109.3899   40.9226     8.1    -4.2     2.0     2.1    17.7 -9999.0 U -9999.0 -9999.0 -9999.0
94098 201304  6.101 -109.3899   40.9226     9.9    -2.9     3.5     3.6    48.0 -9999.0 U -9999.0 -9999.0 -9999.0
94098 201305  6.101 -109.3899   40.9226    18.7     4.5    11.6    11.6    43.4 -9999.0 U -9999.0 -9999.0 -9999.0
94098 201306  6.101 -109.3899   40.9226    28.0     9.5    18.7    19.8     0.0 -9999.0 U -9999.0 -9999.0 -9999.0
94098 201307  6.101 -109.3899   40.9226    30.2    13.4    21.8    21.9    22.3 -9999.0 U -9999.0 -9999.0 -9999.0
94098 201308  6.101 -109.3899   40.9226    28.2    13.2    20.7    20.5    16.8 -9999.0 U -9999.0 -9999.0 -9999.0
94098 201309  6.101 -109.3899   40.9226    21.4     8.8    15.1    14.8    60.1 -9999.0 U -9999.0 -9999.0 -9999.0
94098 201310  6.101 -109.3899   40.9226    12.1    -0.2     6.0     5.9    65.6 -9999.0 U -9999.0 -9999.0 -9999.0
94098 201311  6.101 -109.3899   40.9226     5.9    -5.2     0.4     0.2     8.6 -9999.0 U -9999.0 -9999.0 -9999.0
94098 201312  6.101 -109.3899   40.9226    -1.7   -11.9    -6.8    -6.6    17.1 -9999.0 U -9999.0 -9999.0 -9999.0
94098 201401  6.101 -109.3899   40.9226     3.0    -7.6    -2.3    -2.4    11.8 -9999.0 U -9999.0 -9999.0 -9999.0
94098 201402  6.101 -109.3899   40.9226     4.9    -7.5    -1.3    -1.2     8.9 -9999.0 U -9999.0 -9999.0 -9999.0
94098 201403  6.101 -109.3899   40.9226     9.7    -3.3     3.2     2.9    12.6 -9999.0 U -9999.0 -9999.0 -9999.0
94098 201404  6.101 -109.3899   40.9226    12.6    -0.8     5.9     5.9    17.2 -9999.0 U -9999.0 -9999.0 -9999.0
94098 201405  6.101 -109.3899   40.9226    19.3     4.7    12.0    12.2    29.5 -9999.0 U -9999.0 -9999.0 -9999.0
94098 201406  6.101 -109.3899   40.9226 -9999.0 -9999.0 -9999.0 -9999.0 -9999.0 -9999.0 U -9999.0 -9999.0 -9999.0
