03078 200906  6.101 -102.5025   38.5443 -9999.0 -9999.0 -9999.0 -9999.0 -9999.0 -9999.0 U -9999.0 -9999.0 -9999.0
03078 200907  6.101 -102.5025   38.5443    31.1    14.4    22.8    22.6    96.3 -9999.0 U -9999.0 -9999.0 -9999.0
03078 200908  6.101 -102.5025   38.5443    30.3    12.6    21.5    21.5    63.0 -9999.0 U -9999.0 -9999.0 -9999.0
03078 200909  6.101 -102.5025   38.5443    25.1     8.0    16.6    16.3    16.5 -9999.0 U -9999.0 -9999.0 -9999.0
03078 200910  6.101 -102.5025   38.5443    13.9    -1.7     6.1     6.0    44.2 -9999.0 U -9999.0 -9999.0 -9999.0
03078 200911  6.101 -102.5025   38.5443    14.1    -5.5     4.3     3.6     2.8 -9999.0 U -9999.0 -9999.0 -9999.0
03078 200912  6.101 -102.5025   38.5443     3.0   -14.6    -5.8    -6.0    10.7 -9999.0 U -9999.0 -9999.0 -9999.0
03078 201001  6.101 -102.5025   38.5443     7.2   -11.2    -2.0    -3.0     6.2 -9999.0 U -9999.0 -9999.0 -9999.0
03078 201002  6.101 -102.5025   38.5443     5.0    -9.5    -2.2    -2.3    16.5 -9999.0 U -9999.0 -9999.0 -9999.0
03078 201003  6.101 -102.5025   38.5443    13.7    -5.0     4.4     4.5    30.7 -9999.0 U -9999.0 -9999.0 -9999.0
03078 201004  6.101 -102.5025   38.5443    19.2     1.5    10.4    10.5    29.5 -9999.0 U -9999.0 -9999.0 -9999.0
03078 201005  6.101 -102.5025   38.5443    23.2     5.7    14.5    14.6    70.6 -9999.0 U -9999.0 -9999.0 -9999.0
03078 201006  6.101 -102.5025   38.5443    31.3    13.3    22.3    22.8    20.9 -9999.0 U -9999.0 -9999.0 -9999.0
03078 201007  6.101 -102.5025   38.5443    32.6    16.4    24.5    24.4   146.7 -9999.0 U -9999.0 -9999.0 -9999.0
03078 201008  6.101 -102.5025   38.5443    32.2    14.6    23.4    23.7    52.8 -9999.0 U -9999.0 -9999.0 -9999.0
03078 201009  6.101 -102.5025   38.5443    29.9     9.2    19.5    19.9    16.1 -9999.0 U -9999.0 -9999.0 -9999.0
03078 201010  6.101 -102.5025   38.5443    22.1     0.9    11.5    11.4     7.9 -9999.0 U -9999.0 -9999.0 -9999.0
03078 201011  6.101 -102.5025   38.5443    13.7    -9.4     2.2     1.9     1.3 -9999.0 U -9999.0 -9999.0 -9999.0
03078 201012  6.101 -102.5025   38.5443     9.2   -10.7    -0.8    -1.0     0.0 -9999.0 U -9999.0 -9999.0 -9999.0
03078 201101  6.101 -102.5025   38.5443     6.7   -15.5    -4.4    -4.7     1.9 -9999.0 U -9999.0 -9999.0 -9999.0
03078 201102  6.101 -102.5025   38.5443     8.5   -14.5    -3.0    -2.7     0.2 -9999.0 U -9999.0 -9999.0 -9999.0
03078 201103  6.101 -102.5025   38.5443    14.7    -5.9     4.4     5.0    14.5 -9999.0 U -9999.0 -9999.0 -9999.0
03078 201104  6.101 -102.5025   38.5443    19.6    -0.3     9.7     9.9    30.3 -9999.0 U -9999.0 -9999.0 -9999.0
03078 201105  6.101 -102.5025   38.5443    23.7     2.9    13.3    14.4    36.0 -9999.0 U -9999.0 -9999.0 -9999.0
03078 201106  6.101 -102.5025   38.5443    31.9    12.5    22.2    22.3    57.6 -9999.0 U -9999.0 -9999.0 -9999.0
03078 201107  6.101 -102.5025   38.5443    35.6    17.0    26.3    26.5    83.2 -9999.0 U -9999.0 -9999.0 -9999.0
03078 201108  6.101 -102.5025   38.5443    33.9    15.9    24.9    25.1    52.4 -9999.0 U -9999.0 -9999.0 -9999.0
03078 201109  6.101 -102.5025   38.5443    26.3     7.0    16.6    17.0    17.3 -9999.0 U -9999.0 -9999.0 -9999.0
03078 201110  6.101 -102.5025   38.5443    21.7    -0.8    10.4    10.5     7.8 -9999.0 U -9999.0 -9999.0 -9999.0
03078 201111  6.101 -102.5025   38.5443    13.5    -9.4     2.1     2.0     7.4 -9999.0 U -9999.0 -9999.0 -9999.0
03078 201112  6.101 -102.5025   38.5443     4.4   -14.5    -5.0    -5.3     1.9 -9999.0 U -9999.0 -9999.0 -9999.0
03078 201201  6.101 -102.5025   38.5443     9.9   -11.5    -0.8    -1.3     1.6 -9999.0 U -9999.0 -9999.0 -9999.0
03078 201202  6.101 -102.5025   38.5443     8.8   -10.0    -0.6    -0.6     6.8 -9999.0 U -9999.0 -9999.0 -9999.0
03078 201203  6.101 -102.5025   38.5443    20.0    -3.9     8.1     8.7    14.6 -9999.0 U -9999.0 -9999.0 -9999.0
03078 201204  6.101 -102.5025   38.5443    21.2     3.2    12.2    12.3    77.0 -9999.0 U -9999.0 -9999.0 -9999.0
03078 201205  6.101 -102.5025   38.5443    26.5     6.2    16.4    17.4    13.0 -9999.0 U -9999.0 -9999.0 -9999.0
03078 201206  6.101 -102.5025   38.5443    34.9    13.8    24.3    24.7    26.3 -9999.0 U -9999.0 -9999.0 -9999.0
03078 201207  6.101 -102.5025   38.5443    36.4    16.0    26.2    27.2    25.3 -9999.0 U -9999.0 -9999.0 -9999.0
03078 201208  6.101 -102.5025   38.5443    33.1    12.6    22.8    23.2    32.8 -9999.0 U -9999.0 -9999.0 -9999.0
03078 201209  6.101 -102.5025   38.5443    28.2     6.5    17.4    18.0    14.6 -9999.0 U -9999.0 -9999.0 -9999.0
03078 201210  6.101 -102.5025   38.5443    19.0    -1.4     8.8     8.7     8.8 -9999.0 U -9999.0 -9999.0 -9999.0
03078 201211  6.101 -102.5025   38.5443    17.3    -8.2     4.6     4.2     0.0 -9999.0 U -9999.0 -9999.0 -9999.0
03078 201212  6.101 -102.5025   38.5443     7.7   -14.5    -3.4    -3.3     3.7 -9999.0 U -9999.0 -9999.0 -9999.0
03078 201301  6.101 -102.5025   38.5443     8.2   -14.0    -2.9    -3.5     0.2 -9999.0 U -9999.0 -9999.0 -9999.0
03078 201302  6.101 -102.5025   38.5443     8.8   -11.9    -1.6    -1.0     6.5 -9999.0 U -9999.0 -9999.0 -9999.0
03078 201303  6.101 -102.5025   38.5443    14.0    -7.2     3.4     3.8     8.7 -9999.0 U -9999.0 -9999.0 -9999.0
03078 201304  6.101 -102.5025   38.5443    16.3    -3.2     6.5     7.1     3.8 -9999.0 U -9999.0 -9999.0 -9999.0
03078 201305  6.101 -102.5025   38.5443    25.2     5.4    15.3    15.9    40.0 -9999.0 U -9999.0 -9999.0 -9999.0
03078 201306  6.101 -102.5025   38.5443    32.9    12.1    22.5    23.5    24.3 -9999.0 U -9999.0 -9999.0 -9999.0
03078 201307  6.101 -102.5025   38.5443    32.8    15.3    24.0    23.8    57.7 -9999.0 U -9999.0 -9999.0 -9999.0
03078 201308  6.101 -102.5025   38.5443    31.3    15.1    23.2    23.1   121.9 -9999.0 U -9999.0 -9999.0 -9999.0
03078 201309  6.101 -102.5025   38.5443    28.1    10.9    19.5    19.7    45.9 -9999.0 U -9999.0 -9999.0 -9999.0
03078 201310  6.101 -102.5025   38.5443    18.9    -0.7     9.1     9.1    22.7 -9999.0 U -9999.0 -9999.0 -9999.0
03078 201311  6.101 -102.5025   38.5443    13.0    -8.6     2.2     1.9     0.4 -9999.0 U -9999.0 -9999.0 -9999.0
03078 201312  6.101 -102.5025   38.5443     7.0   -15.1    -4.1    -4.7     0.3 -9999.0 U -9999.0 -9999.0 -9999.0
03078 201401  6.101 -102.5025   38.5443     7.0   -14.9    -4.0    -4.0     6.8 -9999.0 U -9999.0 -9999.0 -9999.0
03078 201402  6.101 -102.5025   38.5443     4.1   -11.3    -3.6    -3.5     6.7 -9999.0 U -9999.0 -9999.0 -9999.0
03078 201403  6.101 -102.5025   38.5443    14.1    -7.8     3.1     3.6     2.6 -9999.0 U -9999.0 -9999.0 -9999.0
03078 201404  6.101 -102.5025   38.5443    19.2    -0.7     9.3     9.8    20.8 -9999.0 U -9999.0 -9999.0 -9999.0
03078 201405  6.101 -102.5025   38.5443    25.3     5.1    15.2    15.8    20.9 -9999.0 U -9999.0 -9999.0 -9999.0
03078 201406  6.101 -102.5025   38.5443 -9999.0 -9999.0 -9999.0 -9999.0 -9999.0 -9999.0 U -9999.0 -9999.0 -9999.0
