94995 200201  1.001  -96.5651   40.8484 -9999.0 -9999.0 -9999.0 -9999.0 -9999.0 -9999.0 U -9999.0 -9999.0 -9999.0
94995 200202  1.001  -96.5651   40.8484 -9999.0 -9999.0 -9999.0 -9999.0 -9999.0 -9999.0 U -9999.0 -9999.0 -9999.0
94995 200203  1.001  -96.5651   40.8484 -9999.0 -9999.0 -9999.0 -9999.0 -9999.0 -9999.0 U -9999.0 -9999.0 -9999.0
94995 200204  1.001  -96.5651   40.8484    19.2     3.6    11.4    12.1 -9999.0     9.0 R -9999.0 -9999.0    16.4
94995 200205  1.001  -96.5651   40.8484    22.0     7.9    15.0    15.2 -9999.0     9.6 R -9999.0 -9999.0    18.8
94995 200206  1.002  -96.5651   40.8484    30.8    18.0    24.4    24.6 -9999.0    14.7 R -9999.0 -9999.0    26.5
94995 200207  1.003  -96.5651   40.8484    33.3    20.0    26.7    26.5 -9999.0    11.5 R -9999.0 -9999.0    28.6
94995 200208  1.003  -96.5651   40.8484    30.6    17.3    23.9    23.7 -9999.0     9.9 R -9999.0 -9999.0    25.1
94995 200209  1.003  -96.5651   40.8484    26.3    12.1    19.2    19.3 -9999.0    12.0 R -9999.0 -9999.0    20.0
94995 200210  1.003  -96.5651   40.8484    13.3     2.3     7.8     7.8 -9999.0     9.8 R -9999.0 -9999.0     8.9
94995 200211  1.004  -96.5651   40.8484    10.0    -4.2     2.9     2.9 -9999.0     8.0 R -9999.0 -9999.0     2.9
94995 200212  1.004  -96.5651   40.8484     7.2    -7.0     0.1    -0.1     0.8     6.8 R -9999.0 -9999.0    -0.6
94995 200301  1.004  -96.5651   40.8484     1.7   -10.3    -4.3    -4.2    16.4     7.3 R -9999.0 -9999.0    -4.4
94995 200302  1.004  -96.5651   40.8484     2.2   -10.1    -4.0    -3.9    39.1    10.5 R -9999.0 -9999.0    -4.0
94995 200303  1.004  -96.5651   40.8484    12.2    -2.3     5.0     4.7    24.8    13.5 R -9999.0 -9999.0     5.6
94995 200304  1.004  -96.5651   40.8484    18.5     4.9    11.7    11.9    69.2    16.5 R -9999.0 -9999.0    13.5
94995 200305  1.004  -96.5651   40.8484    21.9     8.0    15.0    15.3    80.4    20.6 R -9999.0 -9999.0    16.0
94995 200306  1.004  -96.5651   40.8484    26.0    13.4    19.7    20.0   175.0    21.6 R -9999.0 -9999.0    19.9
94995 200307  1.004  -96.5651   40.8484    32.0    18.1    25.1    25.2    27.8    24.6 R -9999.0 -9999.0    25.2
94995 200308  1.004  -96.5651   40.8484    32.1    17.6    24.8    24.5    44.1    20.8 R -9999.0 -9999.0    25.1
94995 200309  1.004  -96.5651   40.8484    24.8     8.3    16.6    16.6    99.7    16.9 R -9999.0 -9999.0    17.0
94995 200310  1.004  -96.5651   40.8484    21.1     4.7    12.9    12.7    30.9    12.7 R -9999.0 -9999.0    12.7
94995 200311  1.200  -96.5651   40.8484     8.7    -2.8     2.9     3.0    58.3     6.7 R -9999.0 -9999.0     2.8
94995 200312  1.200  -96.5651   40.8484     4.0    -5.6    -0.8    -0.6    22.5     5.7 R -9999.0 -9999.0    -0.7
94995 200401  1.200  -96.5651   40.8484    -0.1   -11.2    -5.6    -5.7    41.3     7.4 R -9999.0 -9999.0    -5.7
94995 200402  1.200  -96.5651   40.8484     1.6    -9.1    -3.7    -3.4    34.3    11.0 R -9999.0 -9999.0    -4.0
94995 200403  1.200  -96.5651   40.8484    13.0     0.8     6.9     6.8    95.1    12.3 R -9999.0 -9999.0     7.4
94995 200404  1.200  -96.5651   40.8484    19.7     4.2    11.9    12.2    29.1    18.5 R -9999.0 -9999.0    13.7
94995 200405  1.200  -96.5651   40.8484    24.6    11.2    17.9    17.9   158.7    19.7 R -9999.0 -9999.0    19.0
94995 200406  1.200  -96.5651   40.8484    25.9    14.1    20.0    20.1    87.9    22.0 R -9999.0 -9999.0    20.1
94995 200407  1.200  -96.5651   40.8484    27.8    16.8    22.3    22.3   164.3    19.8 R -9999.0 -9999.0    22.4
94995 200408  1.200  -96.5651   40.8484    27.7    14.1    20.9    20.7    36.6    20.0 R -9999.0 -9999.0    20.9
94995 200409  1.201  -96.5651   40.8484    28.3    12.8    20.6    20.4 -9999.0    18.2 R -9999.0 -9999.0    22.3
94995 200410  1.201  -96.5651   40.8484    19.6     5.9    12.7    12.7    11.7    10.6 R -9999.0 -9999.0    13.6
94995 200411  1.201  -96.5651   40.8484    10.9    -0.3     5.3     5.1    93.2     6.9 R -9999.0 -9999.0     5.4
94995 200412  1.201  -96.5651   40.8484     5.8    -7.7    -0.9    -0.9    11.2     6.3 R -9999.0 -9999.0    -1.1
94995 200501  1.201  -96.5651   40.8484    -1.3   -10.7    -6.0    -5.8    31.7     6.0 R -9999.0 -9999.0    -6.3
94995 200502  1.201  -96.5651   40.8484     7.1    -5.3     0.9     0.9    64.2     9.5 R -9999.0 -9999.0     0.9
94995 200503  1.201  -96.5651   40.8484    12.6    -2.3     5.1     5.0    26.1    13.5 R -9999.0 -9999.0     6.4
94995 200504  1.201  -96.5651   40.8484    19.2     5.2    12.2    12.4    85.7    16.8 R -9999.0 -9999.0    14.4
94995 200505  1.201  -96.5651   40.8484    23.9     9.1    16.5    16.7    79.3    22.7 R -9999.0 -9999.0    19.2
94995 200506  1.201  -96.5651   40.8484    29.0    17.7    23.3    23.3   103.6    23.3 R -9999.0 -9999.0    24.2
94995 200507  1.201  -96.5651   40.8484    32.4    19.2    25.8    25.8   167.1    24.6 R -9999.0 -9999.0    27.8
94995 200508  1.201  -96.5651   40.8484    29.6    16.9    23.3    23.1    54.3    19.8 R -9999.0 -9999.0    25.2
94995 200509  1.201  -96.5651   40.8484    28.6    13.2    20.9    21.0     5.7    16.9 R -9999.0 -9999.0    21.8
94995 200510  1.201  -96.5651   40.8484    20.0     4.8    12.4    12.1    51.4    12.3 R -9999.0 -9999.0    13.1
94995 200511  1.201  -96.5651   40.8484    12.5    -1.5     5.5     5.9    44.1     8.0 R -9999.0 -9999.0     5.4
94995 200512  1.201  -96.5651   40.8484     1.1    -9.9    -4.4    -3.9    16.8     6.0 R -9999.0 -9999.0    -4.7
94995 200601  1.201  -96.5651   40.8484     9.7    -4.2     2.7     2.7    27.3     7.1 R -9999.0 -9999.0     1.8
94995 200602  1.201  -96.5651   40.8484     6.4    -9.5    -1.5    -1.7     4.5    11.6 R -9999.0 -9999.0    -1.2
94995 200603  1.201  -96.5651   40.8484    10.0    -2.3     3.9     3.8    78.7    12.9 R -9999.0 -9999.0     4.3
94995 200604  1.201  -96.5651   40.8484    20.6     5.8    13.2    13.5    94.6    17.1 R -9999.0 -9999.0    15.5
94995 200605  1.201  -96.5651   40.8484    24.4    10.9    17.7    17.7    33.8    21.7 R -9999.0 -9999.0    19.5
94995 200606  1.301  -96.5651   40.8484    29.7    15.7    22.7    23.0    52.5    24.6 R -9999.0 -9999.0    25.0
94995 200607  1.301  -96.5651   40.8484    32.7    19.1    25.9    25.7    70.9    24.3 R    48.8    17.6    28.5
94995 200608  1.301  -96.5651   40.8484    29.6    17.4    23.5    23.2   139.0    19.2 R    40.5    16.8    25.0
94995 200609  1.301  -96.5651   40.8484    23.0     9.8    16.4    16.1   112.7    15.9 R    31.2     9.1    17.2
94995 200610  1.301  -96.5651   40.8484    16.2     3.2     9.7     9.7    25.0    10.2 R    26.0     1.7    10.4
94995 200611  1.301  -96.5651   40.8484    11.8    -3.3     4.3     3.9     0.5     8.4 R    22.2    -5.1     4.2
94995 200612  1.301  -96.5651   40.8484     7.4    -5.5     0.9     0.9    81.5     5.9 R    13.9    -8.1     0.0
94995 200701  1.301  -96.5651   40.8484     0.4   -10.2    -4.9    -4.5    20.6     7.7 R     4.6   -12.9    -5.5
94995 200702  1.301  -96.5651   40.8484     0.0    -9.9    -4.9    -5.0    68.3    10.3 R     6.6   -12.3    -4.6
94995 200703  1.301  -96.5651   40.8484    15.0     2.1     8.5     8.2    95.4    14.3 R    28.1    -0.1     9.6
94995 200704  1.301  -96.5651   40.8484    16.5     3.2     9.9     9.9    85.3    19.2 R    33.9     1.4    12.7
94995 200705  1.302  -96.5651   40.8484    24.2    12.1    18.1    18.4   182.2    20.2 R    36.7    10.6    20.0
94995 200706  1.302  -96.5651   40.8484    27.5    15.4    21.5    21.7    44.7    24.2 R    39.8    13.8    23.6
94995 200707  1.302  -96.5651   40.8484    31.5    18.8    25.1    24.9    44.9    24.4 R    44.4    17.5    27.2
94995 200708  1.302  -96.5651   40.8484    31.6    19.5    25.6    25.0   151.5    19.6 R    39.0    18.9    26.3
94995 200709  1.302  -96.5651   40.8484    26.3    11.6    19.0    18.9    72.5    17.5 R    34.2    10.8    19.9
94995 200710  1.302  -96.5651   40.8484    20.5     6.8    13.6    13.4   119.5    12.3 R    30.1     5.9    14.5
94995 200711  1.302  -96.5651   40.8484    11.0    -3.7     3.7     3.7     2.6     8.9 R    19.0    -5.1     3.6
94995 200712  1.302  -96.5651   40.8484     0.7   -10.2    -4.8    -4.8    55.5     6.7 R     3.1   -11.8    -5.2
94995 200801  1.302  -96.5651   40.8484     0.0   -11.3    -5.7    -5.5     8.9     8.4 R     4.8   -13.2    -5.8
94995 200802  1.302  -96.5651   40.8484     1.6   -10.1    -4.3    -4.2    22.2    10.7 R     9.3   -10.8    -3.3
94995 200803  1.302  -96.5651   40.8484    10.5    -4.7     2.9     2.8    35.7    14.6 R    24.5    -6.0     4.5
94995 200804  1.302  -96.5651   40.8484    14.7     1.4     8.1     8.2   112.1    17.3 R    26.4     0.4    10.3
94995 200805  1.302  -96.5651   40.8484    22.0     8.6    15.3    15.6   155.5    19.9 R    31.0     7.9    17.1
94995 200806  1.302  -96.5651   40.8484    27.6    15.5    21.5    21.5   222.8    23.6 R    31.9    14.4    21.8
94995 200807  1.302  -96.5651   40.8484    30.2    18.3    24.2    24.0 -9999.0    22.9 R    37.8    17.5    25.3
94995 200808  1.302  -96.5651   40.8484    29.5    15.3    22.4    22.2 -9999.0    21.0 R    37.0    14.4    23.3
94995 200809  1.302  -96.5651   40.8484    25.0    10.9    18.0    17.6    74.3    15.8 R    31.5     9.9    18.2
94995 200810  1.302  -96.5651   40.8484    19.5     4.5    12.0    11.5   134.8    12.3 R    27.6     3.4    12.2
94995 200811  1.302  -96.5651   40.8484    10.4    -1.8     4.3     4.0    32.6     7.2 R    16.7    -3.1     4.1
94995 200812  1.302  -96.5651   40.8484     1.8   -12.1    -5.2    -5.0    22.0     7.0 R     5.7   -13.5    -5.2
94995 200901  1.302  -96.5651   40.8484     2.3   -11.7    -4.7    -5.0    12.3     7.7 R     7.3   -13.3    -5.0
94995 200902  1.302  -96.5651   40.8484     6.7    -7.8    -0.5    -0.7    24.6    11.7 R    14.2    -9.8    -0.6
94995 200903  1.302  -96.5651   40.8484    12.0    -3.0     4.5     4.3    18.4    15.0 R    22.6    -5.0     5.4
94995 200904  1.302  -96.5651   40.8484    17.6     2.3    10.0     9.9    56.1    17.6 R    29.1     0.9    11.7
94995 200905  1.302  -96.5651   40.8484    24.7    10.1    17.4    17.7    40.4    22.1 R    33.4     8.6    18.7
94995 200906  2.402  -96.5651   40.8484    27.4    15.5    21.4    21.4   145.9    21.4 R    35.7    14.5    22.9
94995 200907  2.402  -96.5651   40.8484    27.6    14.8    21.2    21.3    69.6    21.8 R    33.5    13.6    22.1
94995 200908  2.402  -96.5651   40.8484    28.2    14.7    21.4    21.4    93.0    21.0 R    34.3    13.4    22.1
94995 200909  2.402  -96.5651   40.8484    24.7    10.3    17.5    17.0    37.2    15.1 R    30.9     9.0    17.5
94995 200910  2.402  -96.5651   40.8484    13.4     2.1     7.7     7.6   129.7     7.3 R    18.5     1.1     8.0
94995 200911  2.402  -96.5651   40.8484    14.4    -1.1     6.6     6.6     1.8     7.7 R    23.6    -0.3     9.2
94995 200912  2.402  -96.5651   40.8484    -1.9   -12.1    -7.0    -6.5    85.7     5.4 R     1.8   -13.7    -6.3
94995 201001  2.402  -96.5651   40.8484    -4.3   -11.9    -8.1    -7.9    23.3     6.9 R     1.2   -12.6    -6.7
94995 201002  2.402  -96.5651   40.8484    -1.3   -10.5    -5.9    -5.7    32.5    10.5 R     7.8   -10.5    -3.2
94995 201003  2.402  -96.5651   40.8484    10.6    -1.1     4.7     4.5    61.4    11.9 R    20.0    -1.7     6.6
94995 201004  2.402  -96.5651   40.8484    20.8     5.7    13.3    13.3   109.8    17.3 R    33.5     5.9    16.2
94995 201005  2.402  -96.5651   40.8484    21.5     9.4    15.4    15.6    78.9    17.4 R    31.6     8.9    17.8
94995 201006  2.402  -96.5651   40.8484    28.8    16.6    22.7    22.8   278.4    20.7 R    34.3    14.7    23.2
94995 201007  2.402  -96.5651   40.8484    30.1    19.3    24.7    24.6   192.7    20.0 R    35.3    17.9    25.2
94995 201008  2.402  -96.5651   40.8484    31.8    18.1    25.0    24.8    53.2    19.7 R    40.9    17.6    26.7
94995 201009  2.402  -96.5651   40.8484    25.6    11.8    18.7    18.4   170.1    13.5 R    33.9    11.1    19.9
94995 201010  2.402  -96.5651   40.8484    22.2     4.1    13.2    12.8     3.8    12.3 R    31.3     2.4    13.5
94995 201011  2.402  -96.5651   40.8484    10.8    -2.7     4.0     3.9    58.4     7.5 R    16.7    -5.5     3.1
94995 201012  2.402  -96.5651   40.8484     2.0    -9.7    -3.8    -3.8     8.9     4.9 R     7.6   -10.6    -3.6
94995 201101  2.402  -96.5651   40.8484    -2.0   -13.1    -7.6    -7.4    35.0     6.9 R     3.2   -14.0    -7.0
94995 201102  2.402  -96.5651   40.8484     3.9    -8.9    -2.5    -2.5    24.7    10.1 R    10.1   -10.1    -2.0
94995 201103  2.402  -96.5651   40.8484    10.1    -2.5     3.8     3.5    18.2    11.0 R    21.0    -2.3     6.1
94995 201104  2.402  -96.5651   40.8484    17.9     3.5    10.7    10.7    98.4    15.7 R    29.9     3.7    13.4
94995 201105  2.402  -96.5651   40.8484    23.0     9.6    16.3    16.5   105.6    19.6 R    33.9     9.6    19.1
94995 201106  2.402  -96.5651   40.8484    27.9    16.1    22.0    22.0   124.9    21.5 R -9999.0     1.3    17.5
94995 201107  2.402  -96.5651   40.8484    32.0    21.2    26.6    26.4    88.9    23.0 R -9999.0     7.7    23.4
94995 201108  2.402  -96.5651   40.8484    29.6    17.5    23.6    23.1   203.4    20.7 R    43.9    16.3    25.4
94995 201109  2.402  -96.5651   40.8484    23.5     8.5    16.0    15.7    52.6    17.7 R    35.7     6.8    16.9
94995 201110  2.402  -96.5651   40.8484    21.1     4.7    12.9    12.7    20.3    12.6 R    33.5     1.7    12.7
94995 201111  2.402  -96.5651   40.8484    11.3    -2.1     4.6     4.5    48.9     8.4 R    20.6    -5.2     3.9
94995 201112  2.402  -96.5651   40.8484     4.7    -7.3    -1.3    -0.9    41.7     6.2 R    10.8   -10.1    -2.0
94995 201201  2.402  -96.5651   40.8484     6.4    -8.2    -0.9    -0.9     5.8     7.9 R    15.5   -11.4    -1.6
94995 201202  2.402  -96.5651   40.8484     5.0    -6.7    -0.8    -0.7    75.0    10.7 R    10.4    -9.8    -1.7
94995 201203  2.402  -96.5651   40.8484    20.9     4.7    12.8    12.6    23.7    15.3 R    36.2     1.7    13.8
94995 201204  2.412  -96.5651   40.8484    20.8     5.7    13.2    13.6   106.0    18.9 R    38.3     3.4    15.9
94995 201205  2.412  -96.5651   40.8484    26.2    11.8    19.0    19.5    87.2    23.4 C    36.8     9.8    20.8
94995 201206  2.412  -96.5651   40.8484    30.1    16.5    23.3    23.6   100.2    25.0 C    38.1    14.7    24.5
94995 201207  2.412  -96.5651   40.8484    35.2    20.4    27.8    27.6     3.3    26.1 C    45.5    18.3    29.0
94995 201208  2.412  -96.5651   40.8484    31.5    14.5    23.0    22.9    17.8    21.3 C    43.9    12.9    24.9
94995 201209  2.412  -96.5651   40.8484    27.4     8.0    17.7    17.5    43.4    17.9 C    41.9     5.6    19.3
94995 201210  2.412  -96.5651   40.8484    17.3     2.4     9.9    10.0    33.3    11.0 C    28.2    -0.1    10.6
94995 201211  2.412  -96.5651   40.8484    13.6    -2.8     5.4     5.5     6.3     9.1 C    22.5    -6.0     4.6
94995 201212  2.412  -96.5651   40.8484     4.2    -8.1    -1.9    -1.7    47.8     6.1 C     7.7   -11.8    -3.3
94995 201301  2.412  -96.5651   40.8484     2.4    -9.3    -3.4    -3.3    22.4     7.5 C     6.4   -11.9    -4.3
94995 201302  2.412  -96.5651   40.8484     4.4    -7.4    -1.5    -1.5    21.8     9.6 C    11.1   -10.2    -1.5
94995 201303  2.412  -96.5651   40.8484     7.8    -4.7     1.6     1.3    60.2    14.0 C    19.2    -7.5     2.7
94995 201304  2.412  -96.5651   40.8484    14.9     0.6     7.8     7.9   106.4    15.5 C    28.3    -2.0     9.7
94995 201305  2.422  -96.5651   40.8484    22.5     9.9    16.2    16.0   192.1    19.2 C    35.6     8.1    18.2
94995 201306  2.422  -96.5651   40.8484    27.3    15.7    21.5    21.6    60.2    21.5 C    31.5    13.9    21.4
94995 201307  2.422  -96.5651   40.8484    29.8    16.6    23.2    23.4    24.8    23.6 C    35.3    14.9    23.5
94995 201308  2.422  -96.5651   40.8484    30.3    18.0    24.2    23.7    26.2    20.6 C    36.5    16.7    24.4
94995 201309  2.422  -96.5651   40.8484    28.4    14.0    21.2    20.8    83.8    17.0 C    34.7    12.9    21.5
94995 201310  2.422  -96.5651   40.8484    18.0     3.8    10.9    10.8    92.8    12.0 C    23.5     2.6    11.1
94995 201311  2.422  -96.5651   40.8484     9.9    -4.5     2.7     2.7 -9999.0     9.1 C    15.1    -5.8     2.5
94995 201312  2.422  -96.5651   40.8484     1.4   -12.0    -5.3    -5.6 -9999.0     6.7 C     4.9   -13.3    -5.7
94995 201401  2.422  -96.5651   40.8484     1.8   -13.4    -5.8    -5.2 -9999.0     7.9 C     5.7   -14.5    -5.2
94995 201402  2.422  -96.5651   40.8484     0.7   -11.6    -5.5    -5.4 -9999.0    10.3 C     4.7   -13.8    -5.4
94995 201403  2.422  -96.5651   40.8484    10.7    -6.2     2.3     2.2     4.7    16.1 C    18.6    -8.2     2.9
94995 201404  2.422  -96.5651   40.8484    18.0     3.0    10.5    10.7   127.4    17.3 C    26.9     0.6    11.4
94995 201405  2.422  -96.5651   40.8484    24.4    10.0    17.2    17.3   121.6    22.2 C    34.9     8.1    18.7
94995 201406  2.422  -96.5651   40.8484    27.9    15.7    21.8    21.9   163.9    21.9 C    36.1    14.4    23.1
94995 201407  2.422  -96.5651   40.8484    29.4    14.8    22.1    22.2     5.8    25.1 C    40.3    13.4    23.9
94995 201408  2.422  -96.5651   40.8484    29.3    17.6    23.5    23.1   145.0    18.4 C    41.0    16.8    25.4
94995 201409  2.422  -96.5651   40.8484    24.2    11.8    18.0    17.9   229.7    15.4 C    34.6    10.6    19.9
94995 201410  2.422  -96.5651   40.8484    19.7     4.9    12.3    11.9    66.7    12.3 C    28.3     3.2    12.4
94995 201411  2.422  -96.5651   40.8484     7.5    -5.6     0.9     0.9    12.8     8.2 C    14.0    -7.3     1.0
94995 201412  2.422  -96.5651   40.8484     3.4    -4.2    -0.4    -0.7    30.4     4.2 C     7.4    -5.7    -0.5
94995 201501  2.422  -96.5651   40.8484     4.6    -9.5    -2.4    -2.7    27.5     7.3 C     9.7   -11.7    -3.3
94995 201502  2.422  -96.5651   40.8484     0.5   -12.5    -6.0    -5.8    25.2     9.5 C     6.6   -14.6    -5.5
94995 201503  2.422  -96.5651   40.8484    15.1    -3.1     6.0     6.0    22.4    16.4 C    27.7    -5.8     7.2
94995 201504  2.422  -96.5651   40.8484    18.5     5.1    11.8    11.9    59.3    17.4 C    29.8     3.0    13.6
94995 201505  2.422  -96.5651   40.8484    21.1    10.4    15.8    15.7   250.2    15.1 C    26.6     9.1    16.5
94995 201506  2.422  -96.5651   40.8484    28.3    15.9    22.1    22.2   130.0    21.0 C    37.3    14.1    23.5
94995 201507  2.422  -96.5651   40.8484    30.0    17.7    23.8    23.8   109.6    22.0 C    34.8    16.3    24.2
94995 201508  2.422  -96.5651   40.8484    28.1    16.3    22.2    21.8   126.0    19.4 C    32.7    15.4    22.3
94995 201509  2.422  -96.5651   40.8484    27.2    15.5    21.3    20.8   213.4    16.1 C    31.9    14.3    20.9
94995 201510  2.422  -96.5651   40.8484    20.6     6.6    13.6    13.2    11.7    12.5 C    25.4     5.1    13.1
94995 201511  2.422  -96.5651   40.8484    13.2     1.3     7.3     6.9    53.2     7.5 C    16.6    -0.2     6.4
94995 201512  2.422  -96.5651   40.8484     5.5    -3.9     0.8     0.9   132.2     5.5 C     8.1    -5.3     0.5
94995 201601  2.422  -96.5651   40.8484     1.4    -8.2    -3.4    -3.6    25.9     6.7 C     4.3    -9.1    -3.7
94995 201602  2.422  -96.5651   40.8484     7.2    -4.5     1.3     1.8    28.1    10.8 C    11.8    -7.5     0.8
94995 201603  2.422  -96.5651   40.8484    16.1     0.9     8.5     8.1    30.1    13.6 C    25.4    -2.2     8.5
94995 201604  2.422  -96.5651   40.8484    19.5     6.3    12.9 -9999.0   112.1    17.7 C    29.7     3.3    13.4
94995 201605  2.422  -96.5651   40.8484    23.0     9.6    16.3 -9999.0   187.3    20.6 C    31.0     7.6    17.0
94995 201606  2.422  -96.5651   40.8484    31.1    17.9    24.5    24.9   123.3    26.4 C    40.5    15.5    25.7
94995 201607  2.422  -96.5651   40.8484    29.8    18.7    24.2    24.1   131.0    20.5 C    38.3    17.4    25.5
94995 201608  2.422  -96.5651   40.8484    28.9    17.2    23.1    22.6   195.2    18.7 C    33.1    15.8    22.9
94995 201609  2.422  -96.5651   40.8484    27.2    13.9    20.5    19.9    80.7    15.4 C    31.4    12.8    20.5
94995 201610  2.422  -96.5651   40.8484    21.9     6.5    14.2    13.9    30.6    10.9 C    26.1     5.9    14.7
94995 201611  2.422  -96.5651   40.8484    15.1     1.0     8.0     7.6    18.1     7.2 C    17.6     0.1     7.7
94995 201612  2.422  -96.5651   40.8484     2.5    -8.9    -3.2    -3.2    33.5     5.6 C     4.6    -9.8    -3.2
94995 201701  2.422  -96.5651   40.8484     1.9    -7.2    -2.7    -2.7    26.7     6.0 C     4.3    -8.0    -2.5
94995 201702  2.422  -96.5651   40.8484    10.8    -4.3     3.2     3.1    21.1    10.4 C    14.0    -5.1     3.7
94995 201703  2.422  -96.5651   40.8484    12.7    -0.7     6.0     5.9    59.1    10.7 C    15.9    -1.2     6.5
94995 201704  2.422  -96.5651   40.8484    18.1     5.1    11.6    11.5    84.2    13.7 C    21.9     4.6    12.4
94995 201705  2.422  -96.5651   40.8484    23.8     9.5    16.6    16.5   156.2    22.0 C    29.9     8.6    18.2
94995 201706  2.422  -96.5651   40.8484    29.8    15.9    22.9    23.0   140.8    24.4 C    37.2    15.2    25.5
94995 201707  2.422  -96.5651   40.8484    31.1    18.7    24.9    24.8    84.9    21.7 C    39.4    18.4    27.8
