25381 201207  2.414 -131.5877   55.0455 -9999.0 -9999.0 -9999.0 -9999.0 -9999.0 -9999.0 U -9999.0 -9999.0 -9999.0
25381 201208  2.414 -131.5877   55.0455    16.7    10.9    13.8    13.7   100.5    12.3 C    27.9     8.9    15.9
25381 201209  2.414 -131.5877   55.0455    14.4     8.5    11.4    11.5   309.4     9.1 C    21.3     5.9    12.1
25381 201210  2.414 -131.5877   55.0455     9.4     3.0     6.2     6.4   137.3     6.2 C    14.1    -0.4     5.0
25381 201211  2.414 -131.5877   55.0455     7.1     2.4     4.7     4.9   322.7     1.8 C     7.3     0.5     3.6
25381 201212  2.414 -131.5877   55.0455     3.7    -0.7     1.5     2.0   206.1     1.2 C     2.5    -3.9    -0.2
25381 201301  2.414 -131.5877   55.0455     5.8     1.5     3.6     3.9   198.8     1.3 C     5.4     0.0     2.7
25381 201302  2.414 -131.5877   55.0455     6.0     1.5     3.7     4.2   345.4     3.0 C     8.0     0.2     3.6
25381 201303  2.414 -131.5877   55.0455     6.1    -0.4     2.8     3.0   106.0     9.4 C    12.9    -2.6     3.0
25381 201304  2.414 -131.5877   55.0455     8.7     2.1     5.4     5.7   165.7    13.6 C    19.2    -1.0     7.1
25381 201305  2.414 -131.5877   55.0455    13.1     7.0    10.1     9.9   174.3    15.6 C    26.2     4.5    12.9
25381 201306  2.424 -131.5877   55.0455    16.4     9.8    13.1    13.0   100.1    16.9 C    28.9     8.1    16.0
25381 201307  2.424 -131.5877   55.0455    18.6    11.7    15.2    15.1    92.7    18.5 C    32.2    10.1    18.6
25381 201308  2.424 -131.5877   55.0455    18.0    12.0    15.0    14.6   118.3    13.6 C    28.9    10.6    16.9
25381 201309  2.424 -131.5877   55.0455    16.2     9.3    12.7    12.6   218.1     9.9 C    23.3     7.3    13.4
25381 201310  2.424 -131.5877   55.0455    11.0     6.2     8.6     8.9   230.1     4.0 C    14.2     4.5     8.6
25381 201311  2.424 -131.5877   55.0455     6.8     1.3     4.1     4.4   342.4     1.9 C     6.8    -0.5     3.1
25381 201312  2.424 -131.5877   55.0455     5.1     0.1     2.6     2.9   476.1     1.2 C     5.1    -1.4     1.7
25381 201401  2.424 -131.5877   55.0455     7.7     1.6     4.6     4.6   201.1     1.6 C     7.2     0.0     3.2
25381 201402  2.424 -131.5877   55.0455     3.0    -3.6    -0.3     0.0   102.2     5.5 C     3.7    -6.7    -2.2
25381 201403  2.424 -131.5877   55.0455     5.9     0.1     3.0     3.3   208.0     8.1 C    12.0    -2.5     3.1
25381 201404  2.424 -131.5877   55.0455     9.3     3.5     6.4     6.4   393.2    10.5 C    16.8     1.4     7.3
25381 201405  2.424 -131.5877   55.0455    14.2     7.6    10.9    10.7   127.5    16.2 C    26.5     5.3    13.4
25381 201406  2.424 -131.5877   55.0455    15.0     8.8    11.9    12.0   205.5    18.3 C    27.3     6.6    15.1
25381 201407  2.424 -131.5877   55.0455    18.2    11.7    15.0    14.8   200.0    16.3 C    27.5    10.4    17.0
25381 201408  2.424 -131.5877   55.0455    18.7    11.7    15.2    15.3   159.7    14.3 C    29.0     9.8    17.4
25381 201409  2.424 -131.5877   55.0455    16.7     9.8    13.2    13.2   251.0     8.8 C    23.7     7.6    13.9
25381 201410  2.424 -131.5877   55.0455    11.9     6.7     9.3     9.6   379.4     3.6 C    13.8     5.0     9.0
25381 201411  2.424 -131.5877   55.0455     7.5     0.4     3.9     4.3   254.0     2.8 C     8.4    -1.2     2.7
25381 201412  2.424 -131.5877   55.0455     7.4     2.6     5.0     5.3   339.5     0.9 C     5.9     1.0     3.6
25381 201501  2.424 -131.5877   55.0455     7.4     2.9     5.2     5.5   388.5     0.9 C     7.2     1.3     4.5
25381 201502  2.424 -131.5877   55.0455     7.7     1.2     4.4     4.6   155.4     3.9 C    10.1    -0.5     3.9
25381 201503  2.424 -131.5877   55.0455     9.1     2.6     5.9     6.1   245.0     7.2 C    14.3     0.9     6.1
25381 201504  2.424 -131.5877   55.0455     9.6     3.7     6.6     6.7   307.5    11.3 C    17.5     1.8     7.6
25381 201505  2.424 -131.5877   55.0455    16.0     7.1    11.5    11.6    11.6    21.2 C    34.5     4.3    16.1
25381 201506  2.424 -131.5877   55.0455    17.0    10.3    13.7    13.7    99.7    18.5 C    28.7     8.8    16.7
25381 201507  2.424 -131.5877   55.0455    18.8    12.9    15.9    15.7   198.5    16.7 C    24.6    12.4    17.5
25381 201508  2.424 -131.5877   55.0455    17.0    11.5    14.2    14.3   251.6    13.0 C    22.0    10.8    15.5
25381 201509  2.424 -131.5877   55.0455    13.7     8.4    11.0    11.1   277.8     7.9 C    16.7     7.8    11.6
25381 201510  2.424 -131.5877   55.0455    12.6     6.7     9.7     9.8   466.7     5.0 C    14.9     6.0     9.8
25381 201511  2.424 -131.5877   55.0455     7.1     1.4     4.2     4.6   258.1     2.7 C     8.4     0.5     4.2
25381 201512  2.424 -131.5877   55.0455     5.2     0.3     2.7     2.9   190.8     1.2 C     5.8    -0.4     2.3
25381 201601  2.424 -131.5877   55.0455     7.7     2.3     5.0     4.9   263.8     1.4 C     7.8     1.6     4.3
25381 201602  2.424 -131.5877   55.0455     8.5     3.6     6.0     6.3   420.6     3.1 C     9.6     3.0     6.0
25381 201603  2.424 -131.5877   55.0455     9.7     3.7     6.7     6.8   168.8     7.8 C    12.6     3.0     7.0
25381 201604  2.424 -131.5877   55.0455    11.0     5.7     8.4     8.4   314.2    11.2 C    15.0     5.0     9.1
25381 201605  2.424 -131.5877   55.0455    15.1     8.0    11.6    11.7   185.2    17.9 C    21.1     7.2    13.4
25381 201606  2.424 -131.5877   55.0455    16.2    10.1    13.1    13.0   121.0    19.0 C    22.5     9.6    14.9
25381 201607  2.424 -131.5877   55.0455    17.8    12.7    15.2    14.9   100.9    14.4 C    23.3    12.5    16.5
25381 201608  2.424 -131.5877   55.0455    19.3    13.0    16.2    16.0    80.4    14.8 C    24.9    12.4    17.5
25381 201609  2.424 -131.5877   55.0455    14.5     9.0    11.8    11.7   283.4     8.2 C    18.4     8.5    12.4
25381 201610  2.424 -131.5877   55.0455    12.1     4.9     8.5     8.8   123.0     5.7 C    14.7     4.0     8.8
25381 201611  2.424 -131.5877   55.0455     8.9     3.5     6.2     6.5   324.6     2.0 C     9.5     2.9     6.1
25381 201612  2.424 -131.5877   55.0455     2.8    -3.6    -0.4     0.3   180.3     1.6 C     3.5    -4.7    -0.5
25381 201701  2.424 -131.5877   55.0455     5.3    -0.2     2.6     2.8   250.9     2.0 C     6.1    -0.8     2.4
25381 201702  2.424 -131.5877   55.0455     4.4    -2.4     1.0     1.2   136.4     6.3 C     7.1    -3.3     1.1
25381 201703  2.424 -131.5877   55.0455     4.7    -0.1     2.3     2.3   336.5     7.9 C     7.5    -0.7     2.6
25381 201704  2.424 -131.5877   55.0455    10.9     4.3     7.6     7.8    78.0    12.7 C    15.9     3.5     8.8
25381 201705  2.424 -131.5877   55.0455    13.4     6.3     9.8     9.8   259.7    17.1 C    19.1     5.5    11.5
25381 201706  2.424 -131.5877   55.0455    14.2     8.9    11.6    11.6   173.0    14.6 C    19.7     8.4    13.0
25381 201707  2.424 -131.5877   55.0455    15.8    10.5    13.2    13.1   206.6    13.1 C    21.1    10.0    14.5
