23906 200711  1.302  -96.8230   28.3045 -9999.0 -9999.0 -9999.0 -9999.0 -9999.0 -9999.0 U -9999.0 -9999.0 -9999.0
23906 200712  1.302  -96.8230   28.3045    21.5     8.7    15.1    15.6    11.3    10.6 R    25.5     8.9    15.7
23906 200801  1.302  -96.8230   28.3045    17.2     6.6    11.9    12.6   122.2     9.1 R    21.2     6.9    12.8
23906 200802  1.302  -96.8230   28.3045    21.8    11.3    16.5    16.9    28.3    12.7 R    25.6    11.1    17.1
23906 200803  1.302  -96.8230   28.3045    23.2    12.5    17.8    17.9    33.2    15.8 R    28.4    12.6    18.6
23906 200804  1.302  -96.8230   28.3045    26.1    16.3    21.2    21.5    55.3    19.3 R    32.2    16.4    22.6
23906 200805  1.302  -96.8230   28.3045    29.0    21.9    25.5    25.4    15.9    18.3 R    33.8    21.5    26.2
23906 200806  1.302  -96.8230   28.3045    31.7    23.9    27.8    27.9    10.4    23.2 R    36.7    23.3    28.7
23906 200807  1.302  -96.8230   28.3045    31.7    22.1    26.9    27.2    47.3    21.2 R    37.6    21.7    28.0
23906 200808  1.302  -96.8230   28.3045    32.2    22.8    27.5    27.3   146.7    18.0 R    37.3    22.4    27.9
23906 200809  1.302  -96.8230   28.3045    31.5    19.2    25.3    25.3    12.2    19.4 R    38.9    18.2    26.1
23906 200810  1.302  -96.8230   28.3045    27.7    13.7    20.7    21.1    61.9    17.0 R    40.5    12.6    22.4
23906 200811  1.302  -96.8230   28.3045    24.3    10.2    17.3    17.4    19.6    12.1 R    36.2     9.2    18.4
23906 200812  1.302  -96.8230   28.3045    19.9     7.2    13.5    14.0    12.4     8.4 R    27.9     6.4    14.7
23906 200901  1.302  -96.8230   28.3045    20.5     4.0    12.2    12.5     4.7    11.7 R    31.4     3.1    13.5
23906 200902  1.302  -96.8230   28.3045    22.9     9.8    16.4    16.7     3.4    13.3 R    36.6     7.8    18.0
23906 200903  1.302  -96.8230   28.3045    23.3    11.4    17.3    17.8    46.9    16.6 R    39.8    10.3    20.2
23906 200904  1.302  -96.8230   28.3045    27.1    16.2    21.6    21.7    32.7    19.6 R    45.7    14.5    24.8
23906 200905  1.302  -96.8230   28.3045    30.2    20.6    25.4    25.1   117.9    20.7 R    48.7    19.7    28.8
23906 200906  1.302  -96.8230   28.3045    32.7    23.3    28.0    27.8    17.8    24.0 R    53.4    22.2    32.1
23906 200907  1.302  -96.8230   28.3045    34.1    24.3    29.2    29.1     0.0    23.4 R    54.9    23.5    33.7
23906 200908  1.302  -96.8230   28.3045    34.6    22.7    28.7    28.9     2.6    22.6 R    56.0    22.4    33.6
23906 200909  1.302  -96.8230   28.3045    31.8    20.8    26.3    25.9   116.6    16.3 R    48.1    20.6    28.9
23906 200910  1.302  -96.8230   28.3045    28.2    18.2    23.2    23.2   241.0    14.2 R    38.7    17.6    24.7
23906 200911  1.302  -96.8230   28.3045    23.2    10.6    16.9    16.9   215.7    12.9 R    31.7    10.0    18.0
23906 200912  1.302  -96.8230   28.3045    15.1     6.2    10.7    10.8   106.4     8.0 R    19.9     6.0    11.5
23906 201001  1.302  -96.8230   28.3045    15.7     5.9    10.8    11.0   129.3    10.2 R    21.5     5.4    11.7
23906 201002  2.404  -96.8230   28.3045    15.0     6.7    10.9    10.9    95.2    12.1 R    20.9     6.3    11.8
23906 201003  2.404  -96.8230   28.3045    20.8    11.5    16.1    16.2    42.0    20.6 R    29.8    11.0    17.7
23906 201004  2.404  -96.8230   28.3045    24.7    17.4    21.1    21.0    15.2    20.7 R    33.7    17.3    22.7
23906 201005  2.404  -96.8230   28.3045    29.1    21.4    25.2    25.4    74.1    25.1 R    37.0    21.3    27.0
23906 201006  2.404  -96.8230   28.3045    31.3    24.6    27.9    28.1   135.8    26.8 R    39.4    24.3    29.9
23906 201007  2.404  -96.8230   28.3045    31.5    25.1    28.3    28.4   143.8    25.2 R    36.3    24.9    29.3
23906 201008  2.404  -96.8230   28.3045    33.3    23.9    28.6    28.6    17.0    26.7 R    39.5    23.6    29.9
23906 201009  2.404  -96.8230   28.3045    30.5    23.2    26.8    26.6   443.1    19.8 R    34.7    22.8    27.3
23906 201010  2.404  -96.8230   28.3045    28.4    15.5    22.0    21.9     0.4    21.0 R    34.0    15.0    22.7
23906 201011  2.404  -96.8230   28.3045    23.5    11.1    17.3    17.3    35.7    14.8 R    27.9    10.7    17.9
23906 201012  2.404  -96.8230   28.3045    20.3     7.7    14.0    14.2    52.0    12.6 R    24.7     7.4    14.6
23906 201101  2.404  -96.8230   28.3045    17.1     6.1    11.6    11.7   120.0    11.1 R    21.1     6.2    12.4
23906 201102  2.402  -96.8230   28.3045    19.5     8.7    14.1    13.8     9.3    14.4 R    27.1     8.2    15.1
23906 201103  2.402  -96.8230   28.3045    23.8    14.9    19.3    19.3    33.0    17.0 R    33.5    14.0    20.9
23906 201104  2.402  -96.8230   28.3045    27.3    18.6    22.9    23.3     0.0    19.2 R    35.0    17.6    24.6
23906 201105  2.402  -96.8230   28.3045    28.5    20.9    24.7    24.6    42.5    20.9 R    36.7    20.1    26.3
23906 201106  2.402  -96.8230   28.3045    32.0    23.2    27.6    27.8    66.4    24.7 R    41.9    22.3    29.9
23906 201107  2.402  -96.8230   28.3045    33.4    23.8    28.6    28.7     3.3    24.5 R    44.5    23.1    31.2
23906 201108  2.402  -96.8230   28.3045    35.1    23.3    29.2    29.4     4.2    24.0 R    47.6    22.6    32.2
23906 201109  2.402  -96.8230   28.3045    33.8    20.0    26.9    26.8    31.2    20.3 R    45.0    19.2    28.9
23906 201110  2.402  -96.8230   28.3045    28.5    14.0    21.2    22.0    65.3    17.9 R    37.7    13.0    23.2
23906 201111  2.402  -96.8230   28.3045    24.7     9.0    16.8    17.7     6.8    13.3 R    33.0     7.9    18.5
23906 201112  2.402  -96.8230   28.3045    19.2     7.4    13.3    13.4    20.2     8.1 R    25.1     6.7    14.1
23906 201201  2.412  -96.8230   28.3045    21.3     7.7    14.5    14.8    21.3    11.3 R    28.8     6.9    15.7
23906 201202  2.412  -96.8230   28.3045    20.1    11.1    15.6    15.5    99.7     9.1 C    28.8    10.2    16.7
23906 201203  2.412  -96.8230   28.3045    24.9    15.1    20.0    20.1    77.2    15.3 C    37.4    13.8    22.2
23906 201204  2.412  -96.8230   28.3045    27.6    18.1    22.8    22.9   167.8    20.7 C    41.4    16.7    25.5
23906 201205  2.412  -96.8230   28.3045    30.1    20.7    25.4    25.3    46.0    23.3 C    47.0    19.3    29.0
23906 201206  2.412  -96.8230   28.3045    32.8    22.5    27.7    27.9    33.3    22.2 C    49.4    21.3    31.5
23906 201207  2.412  -96.8230   28.3045    32.0    23.5    27.8    27.9   227.7    20.0 C    44.6    22.5    30.2
23906 201208  2.412  -96.8230   28.3045    33.8    23.5    28.7    28.6     9.9    22.4 C    49.5    22.4    31.8
23906 201209  2.412  -96.8230   28.3045    31.6    20.3    26.0    26.1   144.5    19.2 C    46.1    19.1    28.7
23906 201210  2.412  -96.8230   28.3045    27.9    16.2    22.1    22.3     2.6    15.7 C    40.4    14.8    24.2
23906 201211  2.412  -96.8230   28.3045    24.8    10.8    17.8    18.0    14.7    13.2 C    35.7     9.1    19.2
23906 201212  2.412  -96.8230   28.3045    22.3     8.6    15.4    15.9    41.0    10.2 C    30.5     7.1    16.7
23906 201301  2.412  -96.8230   28.3045    19.6     7.6    13.6    13.6    62.9     9.8 C    25.7     6.3    13.8
23906 201302  2.422  -96.8230   28.3045    21.3     9.1    15.2    15.6    45.3    12.3 C    33.7     7.2    17.0
23906 201303  2.422  -96.8230   28.3045    22.9    10.3    16.6    17.2     1.1    19.0 C    39.2     7.1    19.6
23906 201304  2.422  -96.8230   28.3045    24.5    15.1    19.8    19.7    37.8    17.8 C    39.7    13.8    22.8
23906 201305  2.422  -96.8230   28.3045    28.3    19.6    23.9    23.8     7.6    20.2 C    45.1    18.4    27.7
23906 201306  2.422  -96.8230   28.3045    33.1    24.0    28.6    28.2    25.6    23.9 C    53.5    22.6    32.8
23906 201307  2.422  -96.8230   28.3045    33.0    23.1    28.0    28.1    77.9    23.6 C    51.5    22.1    32.4
23906 201308  2.422  -96.8230   28.3045    33.0    23.0    28.0    28.1   158.5    22.5 C    50.5    22.1    31.8
23906 201309  2.422  -96.8230   28.3045    31.7    22.9    27.3    27.2    62.5    18.4 C    44.4    22.0    29.2
23906 201310  2.422  -96.8230   28.3045    28.4    16.7    22.5    22.7    89.3    15.9 C    38.6    15.8    24.0
23906 201311  2.422  -96.8230   28.3045    21.5    10.3    15.9    15.9    30.3    10.5 C    28.7     9.5    16.4
23906 201312  2.422  -96.8230   28.3045    17.6     5.1    11.4    11.3    13.3     8.5 C    24.0     4.6    12.0
23906 201401  2.422  -96.8230   28.3045    17.8     2.2    10.0    10.6    15.9    11.2 C    26.6     1.5    11.5
23906 201402  2.422  -96.8230   28.3045    18.5     7.4    13.0    12.7    19.3    10.4 C    26.5     6.3    13.7
23906 201403  2.422  -96.8230   28.3045    20.5     9.9    15.2    15.5    53.1    13.5 C    29.5     8.3    17.0
23906 201404  2.422  -96.8230   28.3045    26.1    15.6    20.8    20.8     6.7    18.6 C    40.1    13.5    23.4
23906 201405  2.422  -96.8230   28.3045    27.7    18.4    23.1    23.2    84.6    20.0 C    42.9    16.7    26.1
23906 201406  2.422  -96.8230   28.3045    31.7    24.7    28.2    27.8   142.1    21.8 C    48.1    23.2    31.3
23906 201407  2.422  -96.8230   28.3045    32.8    22.4    27.6    27.9    16.7    23.5 C    51.3    21.2    32.0
23906 201408  2.422  -96.8230   28.3045    33.8    23.5    28.6    28.4    55.4    21.5 C    51.1    22.4    32.0
23906 201409  2.422  -96.8230   28.3045    30.9    22.8    26.8    26.6   264.3    17.7 C    42.0    22.1    28.3
23906 201410  2.422  -96.8230   28.3045    29.3    16.6    23.0    23.2    39.3    17.3 C    42.8    15.4    24.9
23906 201411  2.422  -96.8230   28.3045    20.4     9.4    14.9    15.0   117.2    10.7 C    27.9     8.5    15.8
23906 201412  2.422  -96.8230   28.3045    19.5     9.8    14.7    14.9    76.5     8.0 C    25.8     9.1    15.6
23906 201501  2.422  -96.8230   28.3045    15.7     3.3     9.5     9.4    75.6     9.6 C    23.1     2.8    10.2
23906 201502  2.422  -96.8230   28.3045    18.2     5.8    12.0    12.3    52.4    11.6 C    27.9     5.0    13.6
23906 201503  2.422  -96.8230   28.3045    21.5    11.8    16.6    16.6   143.9    12.8 C    32.4    10.7    18.3
23906 201504  2.422  -96.8230   28.3045    26.1    18.6    22.3    22.2   158.2    13.5 C    37.1    17.7    24.2
23906 201505  2.422  -96.8230   28.3045    28.9    21.7    25.3    25.3   251.7    17.7 C    41.7    20.8    27.7
23906 201506  2.422  -96.8230   28.3045    31.2    22.7    27.0    27.1   136.5    22.7 C    41.4    21.6    28.8
23906 201507  2.422  -96.8230   28.3045    32.5    23.7    28.1    28.2     6.9    23.0 C    43.5    22.5    30.3
23906 201508  2.422  -96.8230   28.3045    33.1    22.3    27.7    27.8    66.1    22.5 C    45.1    21.7    30.2
23906 201509  2.422  -96.8230   28.3045    31.6    21.0    26.3    26.5   110.7    19.5 C    41.0    20.3    28.0
23906 201510  2.422  -96.8230   28.3045    29.3    16.6    23.0    23.2   113.5    14.9 C    36.4    16.0    24.2
23906 201511  2.422  -96.8230   28.3045    24.6    13.6    19.1    18.8    31.4    10.3 C    30.2    13.3    19.7
23906 201512  2.422  -96.8230   28.3045    21.6     8.2    14.9    15.1    25.5     8.8 C    26.6     7.9    15.6
23906 201601  2.422  -96.8230   28.3045    18.5     3.9    11.2    11.7    60.6    11.0 C    25.6     3.2    12.3
23906 201602  2.422  -96.8230   28.3045    22.9     5.9    14.4    15.1    11.9    16.3 C    34.7     4.5    16.4
23906 201603  2.422  -96.8230   28.3045    24.6    15.4    20.0    20.0    73.0    15.1 C    36.0    12.8    21.5
23906 201604  2.422  -96.8230   28.3045    26.7    15.9    21.3    21.6    46.1    16.9 C    39.7    14.5    23.7
23906 201605  2.422  -96.8230   28.3045    29.3    20.4    24.8    24.9   272.9    18.3 C    42.2    19.2    27.4
23906 201606  2.422  -96.8230   28.3045    31.9    22.8    27.3    27.3    36.6    21.0 C    43.6    21.7    29.3
23906 201607  2.422  -96.8230   28.3045    33.0    24.9    28.9    28.9    14.4    22.2 C    45.9    23.7    31.7
23906 201608  2.422  -96.8230   28.3045    32.7    24.0    28.3    28.4   108.1    19.5 C    45.4    22.9    30.9
23906 201609  2.422  -96.8230   28.3045    32.7    22.2    27.5    27.3    35.6    18.7 C    46.0    21.2    29.5
23906 201610  2.422  -96.8230   28.3045    30.3    16.8    23.5    24.2    10.8    16.5 C    43.3    15.6    25.9
23906 201611  2.422  -96.8230   28.3045    26.0    14.1    20.0    20.1    64.8    11.3 C    33.9    13.0    20.8
23906 201612  2.422  -96.8230   28.3045    20.3    11.3    15.8    15.5    73.7     6.9 C    25.9    10.8    16.6
23906 201701  2.422  -96.8230   28.3045    22.0     8.4    15.2    15.4     8.0    11.4 C    30.7     7.0    16.4
23906 201702  2.422  -96.8230   28.3045    25.0    13.8    19.4    19.2    95.0    12.0 C    34.8    12.0    20.5
23906 201703  2.422  -96.8230   28.3045    25.6    16.1    20.9    20.6    60.8    15.6 C    37.4    14.3    22.3
23906 201704  2.422  -96.8230   28.3045    27.7    16.4    22.1    22.6    49.4    20.1 C    43.0    14.3    25.4
23906 201705  2.422  -96.8230   28.3045    29.3    19.4    24.4    24.6    96.4    20.6 C    44.8    17.8    27.6
23906 201706  2.422  -96.8230   28.3045    32.4    23.4    27.9    27.7   167.1    22.6 C    49.0    22.2    31.2
23906 201707  2.422  -96.8230   28.3045    33.4    23.8    28.6    28.6     9.0    23.6 C    51.0    22.5    32.6
