03761 200606  1.301  -75.7861   39.8593    25.2    14.8    20.0    20.1 -9999.0    20.4 R    34.7    14.0    21.6
03761 200607  1.301  -75.7861   39.8593    29.0    18.7    23.8    23.8    93.4    22.2 R    37.0    18.4    25.1
03761 200608  1.301  -75.7861   39.8593    28.3    17.0    22.7    22.8    72.6    20.3 R    39.8    16.1    24.6
03761 200609  1.301  -75.7861   39.8593    21.9    12.1    17.0    17.1   159.1    12.9 R    27.0    11.2    17.3
03761 200610  1.301  -75.7861   39.8593    17.0     5.8    11.4    11.5   137.6    11.5 R    21.0     4.4    11.1
03761 200611  1.301  -75.7861   39.8593    13.4     4.5     9.0     8.9   130.5     7.1 R    15.7     2.8     8.0
03761 200612  1.301  -75.7861   39.8593     9.6    -0.7     4.4     4.7    48.7     6.5 R    12.4    -3.0     3.3
03761 200701  1.301  -75.7861   39.8593     6.6    -2.3     2.1     2.3    77.9     6.5 R     9.9    -4.5     1.7
03761 200702  1.301  -75.7861   39.8593     0.0    -7.6    -3.8    -3.6    58.0    11.2 R     2.4   -10.5    -4.8
03761 200703  1.301  -75.7861   39.8593    10.9    -1.1     4.9     5.3   125.7    14.8 R    16.7    -3.7     4.2
03761 200704  1.301  -75.7861   39.8593    14.0     3.4     8.7     9.0   176.7    15.2 R    20.9     1.0     8.7
03761 200705  1.301  -75.7861   39.8593    23.5     9.5    16.5    16.8    35.4    24.5 R    34.3     7.7    18.2
03761 200706  1.301  -75.7861   39.8593    26.4    14.9    20.7    20.9   118.1    22.4 R    37.4    14.7    23.2
03761 200707  1.301  -75.7861   39.8593    27.8    16.5    22.1    22.2    71.5    22.6 R    42.2    16.1    25.2
03761 200708  1.301  -75.7861   39.8593    27.7    17.1    22.4    22.2    96.0    18.4 R    36.8    16.8    24.1
03761 200709  1.301  -75.7861   39.8593    25.9    12.3    19.1    19.1     9.8    18.5 R    41.0    11.0    21.8
03761 200710  1.301  -75.7861   39.8593    21.7     9.3    15.5    15.5   162.7    11.5 R    30.4     8.6    16.2
03761 200711  1.302  -75.7861   39.8593    10.4     0.8     5.6     5.9    59.5     6.7 R    13.6    -1.0     5.0
03761 200712  1.302  -75.7861   39.8593     4.8    -2.2     1.3     1.6   134.6     4.7 R     7.0    -4.3     0.8
03761 200801  1.302  -75.7861   39.8593     4.9    -4.2     0.4     0.6    35.3     7.9 R     9.7    -5.9     0.0
03761 200802  1.302  -75.7861   39.8593     5.8    -4.6     0.6     0.9   134.6     8.6 R    10.4    -5.3     1.0
03761 200803  1.302  -75.7861   39.8593    10.8    -0.3     5.3     5.2    92.1    13.8 R    18.7    -2.2     5.7
03761 200804  1.302  -75.7861   39.8593    17.1     5.7    11.4    11.6    77.5    17.0 R    23.3     4.2    11.8
03761 200805  1.302  -75.7861   39.8593    19.8     7.4    13.6    14.2   113.9    19.6 R    22.5     5.9    13.7
03761 200806  1.302  -75.7861   39.8593    28.1    15.8    22.0    22.0    56.5    24.2 R    37.8    14.6    23.4
03761 200807  1.302  -75.7861   39.8593    28.8    17.3    23.1    23.1   114.5    22.7 R    41.3    16.5    25.6
03761 200808  1.302  -75.7861   39.8593    26.5    14.4    20.5    20.4    50.7    21.4 R    36.2    13.0    21.7
03761 200809  1.302  -75.7861   39.8593    23.8    13.2    18.5    18.7   172.1    15.7 R    30.4    11.9    19.3
03761 200810  1.302  -75.7861   39.8593    17.0     5.1    11.0    10.8    68.6    13.2 R    24.0     3.0    10.8
03761 200811  1.302  -75.7861   39.8593     9.8     1.6     5.7     5.7    82.7     6.5 R    13.5    -0.3     5.0
03761 200812  1.302  -75.7861   39.8593     6.4    -2.8     1.8     1.9   132.6     5.3 R     8.0    -4.3     0.9
03761 200901  1.302  -75.7861   39.8593     0.6    -7.5    -3.5    -3.2    68.1     6.9 R     3.4    -9.6    -4.2
03761 200902  1.302  -75.7861   39.8593     6.3    -4.2     1.1     1.2    11.2    11.4 R    10.1    -6.3     0.1
03761 200903  1.302  -75.7861   39.8593     9.7    -0.8     4.5     4.5    40.6    13.1 R    17.3    -2.6     4.9
03761 200904  1.302  -75.7861   39.8593    16.9     5.3    11.1    11.3   116.4    17.2 R    22.5     3.2    10.9
03761 200905  1.302  -75.7861   39.8593    21.5    10.5    16.0    16.1   162.5    17.8 R    28.3    10.4    17.5
03761 200906  1.302  -75.7861   39.8593    24.3    15.1    19.7    19.6   115.6    18.2 R    31.4    15.1    21.1
03761 200907  1.302  -75.7861   39.8593    26.5    15.4    21.0    21.1    91.2    22.0 R    35.6    14.6    22.7
03761 200908  1.302  -75.7861   39.8593    27.7    17.9    22.8    22.5   182.2    19.3 R    34.2    17.7    23.7
03761 200909  1.302  -75.7861   39.8593    22.2    12.6    17.4    17.2   103.8    14.8 R    29.3    11.7    18.0
03761 200910  1.302  -75.7861   39.8593    16.0     6.4    11.2    11.3   178.0     9.6 R    20.5     5.2    11.3
03761 200911  1.302  -75.7861   39.8593    13.1     3.8     8.5     8.6    58.8     7.1 R    15.6     2.4     7.8
03761 200912  1.302  -75.7861   39.8593     4.5    -3.4     0.6     0.9   203.1     6.3 R     5.9    -6.1    -0.5
03761 201001  1.302  -75.7861   39.8593     3.0    -4.9    -0.9    -0.9    69.0     6.9 R     7.4    -6.9    -1.6
03761 201002  1.302  -75.7861   39.8593     1.8    -4.8    -1.5    -1.2   123.9    10.2 R     0.9    -8.8    -3.6
03761 201003  1.302  -75.7861   39.8593    12.8     2.5     7.7     7.8   152.7    12.6 R    18.0     0.4     7.2
03761 201004  1.302  -75.7861   39.8593    18.6     5.4    12.0    12.7    70.7    19.9 R    24.4     3.3    12.3
03761 201005  1.302  -75.7861   39.8593    22.7    11.3    17.0    17.3    60.6    19.9 R    30.0    10.2    18.3
03761 201006  1.302  -75.7861   39.8593    28.3    16.6    22.5    22.8    30.1    22.2 R    39.2    15.2    24.5
03761 201007  1.302  -75.7861   39.8593    30.1    18.6    24.3    24.4   190.7    22.7 R    42.4    17.9    27.2
03761 201008  1.302  -75.7861   39.8593    28.0    17.3    22.6    22.5    42.1    18.2 R    33.6    16.4    23.2
03761 201009  1.302  -75.7861   39.8593    25.7    13.1    19.4    19.6   160.3    16.3 R    38.3    11.5    21.5
03761 201010  2.302  -75.7861   39.8593    17.5     6.2    11.8    12.2   106.1    11.6 R    22.5     5.6    12.6
03761 201011  2.302  -75.7861   39.8593    11.7     1.4     6.5     6.6    59.8     8.3 R    17.4     4.4    10.0
03761 201012  2.302  -75.7861   39.8593     2.2    -5.4    -1.6    -1.5    86.7     6.2 R     8.9    -2.1     2.3
03761 201101  2.302  -75.7861   39.8593     0.3    -7.8    -3.8    -3.0    89.6     7.0 R     2.7    -8.4    -2.9
03761 201102  2.302  -75.7861   39.8593     5.7    -5.1     0.3     0.8    78.0    10.4 R     7.9    -5.0     1.2
03761 201103  2.302  -75.7861   39.8593     9.5    -0.5     4.5     4.6   158.5    13.2 R    14.9    -0.9     5.6
03761 201104  2.402  -75.7861   39.8593    17.2     7.1    12.2    12.2   115.9    13.9 R    21.6     6.0    12.5
03761 201105  2.402  -75.7861   39.8593    23.2    12.2    17.7    17.6    80.9    19.4 R    31.4    12.4    20.0
03761 201106  2.402  -75.7861   39.8593    26.9    15.5    21.2    21.5    72.0    21.8 R    36.9    16.8    24.8
03761 201107  2.402  -75.7861   39.8593    31.1    18.7    24.9    25.0    45.9    23.8 R    44.3    18.9    28.7
03761 201108  2.402  -75.7861   39.8593    27.0    16.6    21.8    21.7   360.5    17.7 R    35.4    17.5    24.5
03761 201109  2.402  -75.7861   39.8593    23.7    15.2    19.5    19.3   270.9    11.3 R    30.0    15.6    21.1
03761 201110  2.402  -75.7861   39.8593    16.8     6.8    11.8    11.7    84.9    10.6 R    21.6     5.8    12.0
03761 201111  2.402  -75.7861   39.8593    14.2     3.0     8.6     8.8   110.4     7.8 R    16.7     1.4     7.6
03761 201112  2.402  -75.7861   39.8593     9.1    -1.3     3.9     4.3   115.5     6.3 R    11.4    -2.7     3.4
03761 201201  2.402  -75.7861   39.8593     6.3    -3.2     1.6     1.7    82.1     7.3 R     9.4    -4.5     1.2
03761 201202  2.402  -75.7861   39.8593     7.7    -2.0     2.8     3.2    55.3    10.3 R    12.9    -3.9     2.9
03761 201203  2.402  -75.7861   39.8593    15.3     3.9     9.6     9.5    18.1    14.1 R    21.3     2.3     9.9
03761 201204  2.402  -75.7861   39.8593    16.6     4.0    10.3    11.0    75.6    19.2 R    24.5     2.1    11.5
03761 201205  2.412  -75.7861   39.8593    23.6    13.2    18.4    18.3    85.2    18.9 R    30.6    13.0    19.9
03761 201206  2.412  -75.7861   39.8593    25.9    14.0    19.9    20.4    82.4    23.4 C    30.9    13.4    21.5
03761 201207  2.412  -75.7861   39.8593    30.2    18.8    24.5    24.3    51.2    21.4 C    39.2    18.3    26.5
03761 201208  2.412  -75.7861   39.8593    28.3    17.0    22.7    22.4    92.4    19.7 C    38.8    16.8    25.0
03761 201209  2.412  -75.7861   39.8593    23.6    12.4    18.0    18.0   123.6    15.8 C    28.8    11.8    19.0
03761 201210  2.412  -75.7861   39.8593    17.3     8.0    12.6    12.8   215.7     9.4 C    19.7     6.7    12.6
03761 201211  2.412  -75.7861   39.8593     9.4    -1.0     4.2     4.1    25.0     7.7 C    12.1    -2.8     3.1
03761 201212  2.412  -75.7861   39.8593     8.5     0.0     4.2     4.1   109.3     5.0 C    10.0    -1.5     3.5
03761 201301  2.412  -75.7861   39.8593     4.8    -3.9     0.4     0.7    93.0     6.4 C     7.6    -5.6     0.1
03761 201302  2.412  -75.7861   39.8593     3.6    -3.9    -0.1     0.1    53.0     8.7 C     8.2    -5.7     0.1
03761 201303  2.412  -75.7861   39.8593     7.5    -0.9     3.3     3.3    69.5    12.4 C    13.2    -3.1     3.4
03761 201304  2.412  -75.7861   39.8593    16.5     4.5    10.5    10.9    64.7    19.4 C    22.0     2.4    11.1
03761 201305  2.412  -75.7861   39.8593    21.4     9.8    15.6    15.9    86.4    20.8 C    27.7     9.2    17.3
03761 201306  2.422  -75.7861   39.8593    26.7    15.7    21.2    21.0   285.9    21.5 C    32.0    14.8    21.9
03761 201307  2.422  -75.7861   39.8593    28.5    19.7    24.1    24.0   188.7    21.0 C    34.3    18.7    24.6
03761 201308  2.422  -75.7861   39.8593    25.8    16.2    21.0    20.9   127.8    18.2 C    32.6    14.8    21.7
03761 201309  2.422  -75.7861   39.8593    23.1    10.5    16.8    16.7    42.8    18.3 C    31.0     8.3    17.3
03761 201310  2.422  -75.7861   39.8593    18.6     7.7    13.2    13.1   124.9    11.2 C    23.2     5.4    12.5
03761 201311  2.422  -75.7861   39.8593    10.6    -0.3     5.2     5.2    73.9     8.2 C    14.1    -3.4     3.8
03761 201312  2.422  -75.7861   39.8593     6.2    -2.5     1.9     2.1   127.7     5.3 C     6.2    -6.8    -0.7
03761 201401  2.422  -75.7861   39.8593     0.8   -10.2    -4.7    -4.2    94.4     7.1 C     1.4   -13.9    -6.1
03761 201402  2.422  -75.7861   39.8593     1.7    -7.7    -3.0    -2.3   143.4    10.9 C    -1.2   -12.7    -6.1
03761 201403  2.422  -75.7861   39.8593     6.8    -3.7     1.5     1.8    88.5    13.8 C     9.3    -7.3     0.2
03761 201404  2.422  -75.7861   39.8593    16.1     3.5     9.8    10.0   215.4    18.9 C    22.4     0.5     9.8
03761 201405  2.422  -75.7861   39.8593    21.8    10.7    16.2    16.2    99.0    19.9 C    25.7     9.0    15.9
03761 201406  2.422  -75.7861   39.8593    26.2    15.1    20.7    20.9    80.3    23.1 C    35.0    14.2    22.5
03761 201407  2.422  -75.7861   39.8593    27.6    16.6    22.1    22.1    70.6    23.0 C    36.1    15.3    23.6
03761 201408  2.422  -75.7861   39.8593    25.9    14.9    20.4    20.4    67.1    19.4 C    35.8    13.2    22.0
03761 201409  2.422  -75.7861   39.8593    23.9    12.9    18.4    18.1    47.2    16.0 C    32.4    11.1    19.1
03761 201410  2.422  -75.7861   39.8593    17.9     7.8    12.9    13.2    83.5    10.3 C    24.4     5.4    13.0
03761 201411  2.422  -75.7861   39.8593     9.5    -0.1     4.7     4.9   117.4     7.1 C    12.3    -2.6     3.8
03761 201412  2.422  -75.7861   39.8593 -9999.0 -9999.0 -9999.0 -9999.0    68.1     4.0 C     8.8    -2.9     2.2
03761 201501  2.422  -75.7861   39.8593     1.2    -6.8    -2.8    -2.4   105.9     6.6 C     2.8    -9.6    -3.8
03761 201502  2.422  -75.7861   39.8593    -0.8   -10.9    -5.8    -5.5    51.0    11.0 C     1.9   -13.0    -6.1
03761 201503  2.422  -75.7861   39.8593     7.4    -3.1     2.1     2.5   151.7    12.7 C    10.5    -7.1     0.8
03761 201504  2.422  -75.7861   39.8593    16.9     4.6    10.7    11.2    68.7    18.2 C    23.7     1.5    10.9
03761 201505  2.422  -75.7861   39.8593    24.8    12.4    18.6    18.6    32.4    22.0 C    37.2    10.0    20.6
03761 201506  2.422  -75.7861   39.8593    25.8    16.4    21.1    21.1   228.7    20.2 C    34.1    16.0    23.0
03761 201507  2.422  -75.7861   39.8593    27.6    17.9    22.7    22.8   100.1    22.4 C    32.4    16.6    23.3
03761 201508  2.422  -75.7861   39.8593    27.8    15.8    21.8    21.8    36.5    22.1 C    37.9    14.0    23.3
03761 201509  2.422  -75.7861   39.8593    26.1    14.2    20.1    19.9    90.8    16.1 C    33.7    12.3    20.5
03761 201510  2.422  -75.7861   39.8593    17.3     5.5    11.4    11.5   117.0    11.8 C    21.6     3.6    10.9
03761 201511  2.422  -75.7861   39.8593    14.6     3.3     9.0     9.3    49.8     7.5 C    16.7     1.0     7.7
03761 201512  2.422  -75.7861   39.8593    12.7     4.2     8.5     8.4   135.7     4.8 C    14.3     2.2     7.3
03761 201601  2.422  -75.7861   39.8593     3.8    -6.5    -1.3    -1.0   112.5     8.0 C     4.8    -9.5    -3.0
03761 201602  2.422  -75.7861   39.8593     5.5    -3.6     1.0     1.4   135.2     8.8 C     6.0    -7.2    -1.2
03761 201603  2.422  -75.7861   39.8593    14.2     1.6     7.9     8.2    47.8    14.4 C    19.9    -1.7     7.4
03761 201604  2.422  -75.7861   39.8593    15.9     3.2     9.6    10.0    52.2    18.6 C    22.5     0.5     9.9
03761 201605  2.422  -75.7861   39.8593    20.1    10.1    15.1    15.3   116.5    16.3 C    26.3     8.3    15.9
03761 201606  2.422  -75.7861   39.8593    26.7    15.0    20.9    21.0    74.9    22.3 C    37.1    13.4    23.1
03761 201607  2.422  -75.7861   39.8593    29.5    18.8    24.2    23.9   104.7    21.2 C    37.2    17.7    25.2
03761 201608  2.422  -75.7861   39.8593    29.2    18.6    23.9    23.8    24.0    20.3 C    35.3    17.0    24.6
03761 201609  2.422  -75.7861   39.8593    26.2    14.1    20.1    20.1   138.5    15.0 C    33.1    12.1    20.7
03761 201610  2.422  -75.7861   39.8593    19.2     7.4    13.3    13.3    18.1    11.2 C    24.0     5.6    13.1
03761 201611  2.422  -75.7861   39.8593    13.6     1.9     7.7     7.9    70.6     8.3 C    17.7    -0.9     6.6
03761 201612  2.422  -75.7861   39.8593     5.9    -2.7     1.6     1.9    66.5     5.3 C     8.3    -4.6     0.9
03761 201701  2.422  -75.7861   39.8593     5.5    -1.9     1.8     2.1    72.2     5.1 C     7.9    -4.5     1.0
03761 201702  2.422  -75.7861   39.8593    10.8    -0.8     5.0     4.9    46.1     9.9 C    15.6    -3.9     3.8
03761 201703  2.422  -75.7861   39.8593     8.9    -1.1     3.9     3.9   124.5    13.5 C    13.7    -3.3     3.5
03761 201704  2.422  -75.7861   39.8593    19.2     7.9    13.6    13.8    67.6    16.0 C    24.8     5.7    13.7
03761 201705  2.422  -75.7861   39.8593    19.9    10.0    14.9    15.1   121.2    15.9 C    26.8     8.7    16.3
03761 201706  2.422  -75.7861   39.8593    26.7    15.2    20.9    21.3    75.2    22.5 C    34.6    13.7    22.5
03761 201707  2.422  -75.7861   39.8593    28.3    18.6    23.5    23.3   159.6    20.3 C    33.6    17.7    24.2
