94059 200112  1.001 -105.2096   48.4887 -9999.0 -9999.0 -9999.0 -9999.0 -9999.0 -9999.0 U -9999.0 -9999.0 -9999.0
94059 200201  1.001 -105.2096   48.4887 -9999.0 -9999.0 -9999.0 -9999.0 -9999.0     5.2 R -9999.0 -9999.0    -9.3
94059 200202  1.001 -105.2096   48.4887 -9999.0 -9999.0 -9999.0 -9999.0     0.0     9.1 R -9999.0 -9999.0    -4.6
94059 200203  1.002 -105.2096   48.4887 -9999.0 -9999.0 -9999.0 -9999.0     0.0    11.7 R -9999.0 -9999.0    -9.4
94059 200204  1.001 -105.2096   48.4887     8.9    -2.8     3.0     3.0 -9999.0    11.8 R -9999.0 -9999.0     5.0
94059 200205  1.001 -105.2096   48.4887    15.2     2.3     8.8     9.2    23.2    23.2 R -9999.0 -9999.0    12.8
94059 200206  1.001 -105.2096   48.4887    22.3    11.6    16.9    17.0    76.8    20.7 R -9999.0 -9999.0    20.1
94059 200207  1.001 -105.2096   48.4887    27.8    15.0    21.4    21.3    63.0    24.0 R -9999.0 -9999.0    25.6
94059 200208  1.001 -105.2096   48.4887    22.8    11.3    17.1    16.9 -9999.0    16.8 R -9999.0 -9999.0    19.0
94059 200209  1.001 -105.2096   48.4887    20.9     8.4    14.7    14.3    14.0    15.0 R -9999.0 -9999.0    15.5
94059 200210  1.001 -105.2096   48.4887     4.9    -4.4     0.3     0.3 -9999.0     9.0 R -9999.0 -9999.0     0.0
94059 200211  1.004 -105.2096   48.4887     4.8    -4.9    -0.1    -0.1     4.6     5.5 R -9999.0 -9999.0    -1.5
94059 200212  1.004 -105.2096   48.4887     0.1    -8.1    -4.0    -4.1     3.8     4.2 R -9999.0 -9999.0    -6.1
94059 200301  1.004 -105.2096   48.4887    -4.1   -14.2    -9.2    -9.3     8.2     4.5 R -9999.0 -9999.0   -10.3
94059 200302  1.004 -105.2096   48.4887    -5.4   -15.2   -10.3   -10.4     5.5     8.2 R -9999.0 -9999.0   -10.9
94059 200303  1.004 -105.2096   48.4887     1.6    -9.7    -4.0    -4.1    11.4    13.9 R -9999.0 -9999.0    -3.8
94059 200304  1.004 -105.2096   48.4887    13.3     1.6     7.5     7.3    27.1    17.5 R -9999.0 -9999.0     9.3
94059 200305  1.004 -105.2096   48.4887    16.9     6.5    11.7    11.9    71.2    18.3 R -9999.0 -9999.0    13.9
94059 200306  1.004 -105.2096   48.4887    21.4    10.6    16.0    16.0    61.9    21.2 R -9999.0 -9999.0    19.0
94059 200307  1.004 -105.2096   48.4887    28.9    14.5    21.7    21.9    36.9    25.4 R -9999.0 -9999.0    26.3
94059 200308  1.004 -105.2096   48.4887    29.8    16.5    23.1    23.3    25.1    21.0 R -9999.0 -9999.0    26.7
94059 200309  1.004 -105.2096   48.4887    19.5     7.4    13.4    13.4    14.8    13.7 R -9999.0 -9999.0    14.8
94059 200310  1.004 -105.2096   48.4887    15.3     3.8     9.6     9.6    20.8    10.0 R -9999.0 -9999.0     9.3
94059 200311  1.200 -105.2096   48.4887    -3.9   -11.6    -7.7    -7.6     5.4     7.0 R -9999.0 -9999.0    -9.6
94059 200312  1.200 -105.2096   48.4887    -2.0   -10.0    -6.0    -5.8 -9999.0     4.6 R -9999.0 -9999.0    -7.7
94059 200401  1.200 -105.2096   48.4887   -10.0   -18.2   -14.1   -14.0 -9999.0     5.3 R -9999.0 -9999.0   -14.6
94059 200402  1.200 -105.2096   48.4887    -5.0   -12.2    -8.6    -8.3   320.1     9.1 R -9999.0 -9999.0    -9.0
94059 200403  1.200 -105.2096   48.4887     5.0    -5.0     0.0    -0.2    16.1    15.1 R -9999.0 -9999.0     0.5
94059 200404  1.200 -105.2096   48.4887    13.1     0.4     6.7     6.6    17.4    18.6 R -9999.0 -9999.0     8.9
94059 200405  1.200 -105.2096   48.4887    14.7     2.9     8.8     9.1    70.3    19.4 R -9999.0 -9999.0    11.2
94059 200406  1.200 -105.2096   48.4887    19.3     8.6    13.9    14.3 -9999.0    22.3 R -9999.0 -9999.0    17.7
94059 200407  1.200 -105.2096   48.4887    25.1    13.2    19.2    19.2    41.5    23.1 R -9999.0 -9999.0    22.8
94059 200408  1.200 -105.2096   48.4887    22.3    10.4    16.3    16.2    42.3    19.0 R -9999.0 -9999.0    19.1
94059 200409  1.201 -105.2096   48.4887    21.1     7.8    14.5    14.4     3.2    14.8 R -9999.0 -9999.0    16.2
94059 200410  1.201 -105.2096   48.4887    10.6     0.3     5.5     5.8     6.4     8.3 R -9999.0 -9999.0     6.1
94059 200411  1.201 -105.2096   48.4887     5.9    -4.5     0.7     0.8     4.9     6.0 R -9999.0 -9999.0    -0.3
94059 200412  1.201 -105.2096   48.4887    -1.3   -11.7    -6.5    -6.2    13.7     3.2 R -9999.0 -9999.0    -7.1
94059 200501  1.201 -105.2096   48.4887    -8.1   -17.6   -12.9   -12.7     7.7     5.2 R -9999.0 -9999.0   -13.6
94059 200502  1.201 -105.2096   48.4887     1.5    -9.2    -3.8    -4.0     0.0     9.3 R -9999.0 -9999.0    -4.0
94059 200503  1.201 -105.2096   48.4887     4.8    -4.6     0.1     0.0    16.0    12.1 R -9999.0 -9999.0     0.7
94059 200504  1.201 -105.2096   48.4887    14.7     1.9     8.3     8.3     1.4    19.0 R -9999.0 -9999.0    11.7
94059 200505  1.201 -105.2096   48.4887    16.1     4.5    10.3    10.3    51.4    19.9 R -9999.0 -9999.0    13.3
94059 200506  1.201 -105.2096   48.4887    22.1    11.1    16.6    16.7   106.2    22.3 R -9999.0 -9999.0    20.2
94059 200507  1.201 -105.2096   48.4887    27.8    14.2    21.0    21.0    37.1    24.8 R -9999.0 -9999.0    25.3
94059 200508  1.201 -105.2096   48.4887    26.0    12.0    19.0    18.8    26.0    20.5 R -9999.0 -9999.0    22.4
94059 200509  1.201 -105.2096   48.4887    21.9     8.2    15.1    15.1     0.7    15.9 R -9999.0 -9999.0    17.7
94059 200510  1.201 -105.2096   48.4887    13.2     1.9     7.5     7.3     7.2     9.2 R -9999.0 -9999.0     7.5
94059 200511  1.201 -105.2096   48.4887     4.3    -4.1     0.1     0.1    15.9     5.1 R -9999.0 -9999.0    -0.6
94059 200512  1.201 -105.2096   48.4887    -3.8   -10.8    -7.3    -7.1     8.5     4.0 R -9999.0 -9999.0    -8.6
94059 200601  1.201 -105.2096   48.4887     2.3    -5.8    -1.8    -1.7    10.0     4.4 R -9999.0 -9999.0    -3.4
94059 200602  1.201 -105.2096   48.4887    -3.0   -12.6    -7.8    -7.9    10.8     8.2 R -9999.0 -9999.0    -7.7
94059 200603  1.201 -105.2096   48.4887     1.5    -7.2    -2.8    -3.0    24.9    12.6 R -9999.0 -9999.0    -2.6
94059 200604  1.201 -105.2096   48.4887    15.1     2.6     8.9     8.8    35.6    18.3 R -9999.0 -9999.0    10.7
94059 200605  1.201 -105.2096   48.4887    19.4     6.6    13.0    13.2    25.6    22.3 R -9999.0 -9999.0    16.6
94059 200606  1.201 -105.2096   48.4887    23.3    12.0    17.7    17.9    80.0    24.3 R -9999.0 -9999.0    21.2
94059 200607  1.301 -105.2096   48.4887    31.1    15.7    23.4    23.6    25.9    26.2 R -9999.0 -9999.0    29.0
94059 200608  1.301 -105.2096   48.4887    27.9    13.6    20.8    20.9    26.1    20.8 R    46.8    12.2    24.5
94059 200609  1.301 -105.2096   48.4887    19.2     7.6    13.4    13.5    42.8    14.1 R    32.4     6.2    15.5
94059 200610  1.301 -105.2096   48.4887     8.6    -1.5     3.6     3.3    31.5     9.6 R    15.4    -2.4     3.9
94059 200611  1.301 -105.2096   48.4887     2.7    -7.6    -2.5    -2.3     4.5     5.1 R     4.9    -9.3    -3.4
94059 200612  1.301 -105.2096   48.4887     0.0    -9.4    -4.7    -4.8     6.3     4.0 R     0.7   -11.5    -6.1
94059 200701  1.301 -105.2096   48.4887    -2.2   -12.5    -7.3    -7.1     3.7     5.6 R    -1.6   -14.3    -8.3
94059 200702  1.301 -105.2096   48.4887    -6.9   -15.4   -11.1   -11.2     6.5     8.1 R    -5.1   -17.0   -11.4
94059 200703  1.301 -105.2096   48.4887     7.8    -3.7     2.1     1.9    16.3    13.4 R    13.6    -4.6     2.1
94059 200704  1.301 -105.2096   48.4887    10.8    -0.6     5.1     5.1    18.5    18.8 R    23.7    -2.1     7.1
94059 200705  1.301 -105.2096   48.4887    17.8     6.2    12.0    12.2   156.7    19.1 R    28.2     5.7    14.3
94059 200706  1.301 -105.2096   48.4887    22.9    11.4    17.1    17.4 -9999.0    24.6 R    35.5    10.9    20.2
94059 200707  1.302 -105.2096   48.4887    31.3    17.0    24.2    24.2    14.7    24.3 R    47.5    16.2    28.1
94059 200708  1.302 -105.2096   48.4887    26.8    12.9    19.9    19.4    26.2    21.9 R    44.3    12.7    23.6
94059 200709  1.302 -105.2096   48.4887    20.4     6.8    13.6    13.7    20.3    15.0 R    32.6     5.6    15.7
94059 200710  1.302 -105.2096   48.4887    13.3     2.2     7.7     7.5    36.5     9.4 R    20.6     0.9     7.9
94059 200711  1.302 -105.2096   48.4887     3.6    -6.6    -1.5    -1.6     5.1     5.6 R     7.1    -8.0    -2.0
94059 200712  1.302 -105.2096   48.4887    -3.1   -12.0    -7.6    -7.7     4.5     4.2 R    -3.3   -15.0    -9.3
94059 200801  1.302 -105.2096   48.4887    -4.0   -15.7    -9.9   -10.0     3.2     5.2 R    -3.7   -17.5   -11.1
94059 200802  1.302 -105.2096   48.4887    -4.1   -15.1    -9.6    -9.4     1.6     8.0 R    -3.6   -16.6    -9.7
94059 200803  1.302 -105.2096   48.4887     4.7    -7.0    -1.1    -1.2    14.0    13.6 R    13.1    -7.3     0.1
94059 200804  1.302 -105.2096   48.4887    11.5    -1.8     4.8     4.8    13.3    18.5 R    27.7    -3.2     7.6
94059 200805  1.302 -105.2096   48.4887    17.1     4.6    10.8    11.2    44.1    20.1 R    31.4     4.0    14.0
94059 200806  1.302 -105.2096   48.4887    21.3     9.7    15.5    15.4    43.5    22.8 R    38.2     8.8    19.0
94059 200807  1.302 -105.2096   48.4887    27.4    13.6    20.5    20.6    82.4    24.5 R    45.4    12.9    24.5
94059 200808  1.302 -105.2096   48.4887    27.0    13.1    20.0    20.2    24.2    21.0 R    42.4    12.1    23.3
94059 200809  2.302 -105.2096   48.4887    19.7     7.3    13.5    13.3    32.8    14.2 R    29.9     5.9    14.3
94059 200810  2.302 -105.2096   48.4887    12.7     1.6     7.1     7.0    27.5    10.1 R    18.3    -0.5     6.4
94059 200811  2.302 -105.2096   48.4887     4.8    -4.2     0.3     0.1    12.3     4.8 R     7.8    -5.4    -0.4
94059 200812  2.302 -105.2096   48.4887    -9.8   -18.5   -14.1   -14.0    12.2     3.8 R    -9.3   -19.9   -14.6
94059 200901  2.302 -105.2096   48.4887    -6.9   -16.6   -11.8   -12.2    22.7     5.7 R    -7.7   -18.4   -13.2
94059 200902  2.302 -105.2096   48.4887    -6.4   -13.6   -10.0   -10.1     1.3    10.2 R    -3.4   -14.5    -9.8
94059 200903  2.302 -105.2096   48.4887     0.3    -9.8    -4.7    -4.6     4.0    14.4 R     9.2   -10.0    -3.0
94059 200904  2.302 -105.2096   48.4887    10.4    -0.6     4.9     4.5    47.6    16.9 R    25.4    -1.7     7.0
94059 200905  2.302 -105.2096   48.4887    17.7     4.3    11.0    11.2    11.3    22.8 R    36.1     2.9    14.5
94059 200906  2.302 -105.2096   48.4887    22.4     9.3    15.8    16.2    23.5    23.7 R    42.8     8.2    20.6
94059 200907  2.302 -105.2096   48.4887    24.3    12.0    18.2    18.1    56.3    24.2 R    43.4    11.5    22.7
94059 200908  2.302 -105.2096   48.4887    24.5    12.2    18.3    18.3    71.7    20.2 R    39.3    11.1    21.2
94059 200909  2.302 -105.2096   48.4887    25.3    11.1    18.2    18.1    11.4    17.3 R    38.8     9.5    20.1
94059 200910  2.302 -105.2096   48.4887     5.6    -1.6     2.0     2.0    23.1     6.0 R    11.1    -1.8     2.6
94059 200911  2.302 -105.2096   48.4887     8.7    -2.6     3.1     2.9     0.6     6.4 R    13.3    -4.9     1.8
94059 200912  2.302 -105.2096   48.4887   -10.8   -18.8   -14.8   -14.7     7.1     3.7 R    -8.7   -20.3   -14.9
94059 201001  2.302 -105.2096   48.4887    -6.5   -13.2    -9.9    -9.7     8.3     5.1 R    -5.4   -14.5   -10.2
94059 201002  2.302 -105.2096   48.4887    -7.9   -15.1   -11.5   -11.1     3.6     9.3 R    -5.1   -16.4   -11.1
94059 201003  2.302 -105.2096   48.4887     5.1    -4.5     0.3     0.3     3.6    13.0 R    14.0    -4.9     1.9
94059 201004  2.302 -105.2096   48.4887    13.3     1.3     7.3     7.2    21.6    16.5 R    26.2     0.0     9.4
94059 201005  2.402 -105.2096   48.4887    14.7     4.4     9.6     9.6   106.4    19.2 R    26.9     3.8    11.9
94059 201006  2.402 -105.2096   48.4887    21.9    11.0    16.4    16.7    58.6    27.4 R    30.6    10.8    19.0
94059 201007  2.402 -105.2096   48.4887    25.7    13.2    19.5    19.4    61.9    29.0 R    35.9    13.1    22.2
94059 201008  2.402 -105.2096   48.4887    25.9    13.0    19.4    19.4    61.6    24.4 R    34.2    13.0    21.6
94059 201009  2.402 -105.2096   48.4887    18.0     7.5    12.7    12.4    15.5    15.5 R    23.3     7.1    13.5
94059 201010  2.402 -105.2096   48.4887    15.6     3.1     9.3     9.2    10.5    12.8 R    20.1     2.6     9.8
94059 201011  2.402 -105.2096   48.4887     1.0    -7.5    -3.2    -3.2     8.7     7.0 R     3.3    -8.0    -3.1
94059 201012  2.402 -105.2096   48.4887    -7.9   -15.5   -11.7   -11.6 -9999.0     4.8 R    -6.4   -15.8   -11.4
94059 201101  2.402 -105.2096   48.4887    -8.2   -15.6   -11.9   -12.2 -9999.0     6.6 R    -7.4   -16.1   -12.0
94059 201102  2.402 -105.2096   48.4887    -7.6   -16.8   -12.2   -12.0 -9999.0    12.1 R    -4.6   -17.3   -11.5
94059 201103  2.402 -105.2096   48.4887    -3.6   -10.3    -7.0    -7.1 -9999.0    17.1 R     0.7   -10.4    -6.0
94059 201104  2.402 -105.2096   48.4887     8.4    -1.0     3.7     3.7    13.8    20.5 R    15.2    -1.0     5.2
94059 201105  2.402 -105.2096   48.4887    14.7     5.3    10.0     9.9   154.6    19.0 R    23.8     5.0    11.6
94059 201106  2.402 -105.2096   48.4887    20.6    10.1    15.4    15.5   132.1    22.1 R    30.8     9.8    17.7
94059 201107  2.402 -105.2096   48.4887    27.3    14.7    21.0    21.2    47.5    26.3 R    38.6    14.3    23.9
94059 201108  2.402 -105.2096   48.4887    27.5    13.8    20.6    20.5    46.4    21.2 R    40.3    13.1    23.1
94059 201109  2.402 -105.2096   48.4887    23.1     9.3    16.2    16.2    15.9    16.9 R    33.2     7.7    17.3
94059 201110  2.402 -105.2096   48.4887    15.1     3.2     9.1     8.8    32.6     9.8 R    21.5     2.3     9.2
94059 201111  2.402 -105.2096   48.4887     3.5    -6.5    -1.5    -1.7    11.7     5.9 R     3.5    -8.5    -3.1
94059 201112  2.402 -105.2096   48.4887    -0.3    -9.0    -4.6    -4.4     5.1     4.1 R    -1.0   -10.8    -5.5
94059 201201  2.402 -105.2096   48.4887    -0.9   -10.6    -5.7    -5.6     3.0     4.7 R    -0.5   -12.4    -6.6
94059 201202  2.402 -105.2096   48.4887    -1.0   -10.1    -5.5    -5.5     5.9     8.2 R     3.4   -11.3    -5.2
94059 201203  2.402 -105.2096   48.4887    11.5    -1.6     4.9     4.8     5.5    13.9 R    18.1    -2.6     5.3
94059 201204  2.402 -105.2096   48.4887    13.5     1.4     7.5     7.3    32.7    17.0 R    25.0     0.4     9.3
94059 201205  2.402 -105.2096   48.4887    17.2     5.3    11.3    11.3    54.2    19.9 R    30.5     4.7    13.9
94059 201206  2.412 -105.2096   48.4887    23.1    11.0    17.1    17.2    59.8    24.0 R    36.1     9.9    19.5
94059 201207  2.412 -105.2096   48.4887    29.9    16.3    23.1    23.0    62.2    24.6 C    43.3    15.3    25.9
94059 201208  2.412 -105.2096   48.4887    28.1    13.4    20.8    20.8    10.5    20.0 C    44.2    11.8    23.8
94059 201209  2.412 -105.2096   48.4887    22.9     8.4    15.6    15.7     1.4    16.3 C    37.4     6.2    17.9
94059 201210  2.412 -105.2096   48.4887     8.9    -0.7     4.1     4.1    26.5     7.9 C    15.5    -1.6     4.7
94059 201211  2.412 -105.2096   48.4887     1.5    -7.0    -2.7    -2.8     9.0     4.3 C     1.7    -8.2    -3.7
94059 201212  2.412 -105.2096   48.4887    -5.3   -13.2    -9.2    -9.0     6.4     3.3 C    -6.0   -15.4   -10.2
94059 201301  2.412 -105.2096   48.4887    -4.8   -14.7    -9.8    -9.8     6.9     4.9 C    -6.1   -17.0   -11.1
94059 201302  2.412 -105.2096   48.4887    -1.6    -9.8    -5.7    -5.4     1.8     8.5 C    -0.1   -10.9    -5.7
94059 201303  2.412 -105.2096   48.4887    -3.3   -12.3    -7.8    -7.3    40.4    14.4 C     0.5   -13.0    -6.6
94059 201304  2.412 -105.2096   48.4887     5.6    -3.9     0.8     0.7    17.6    17.6 C    15.6    -4.6     2.6
94059 201305  2.412 -105.2096   48.4887    19.1     6.9    13.0    13.1   131.2    20.7 C    33.6     5.4    16.0
94059 201306  2.412 -105.2096   48.4887    21.6    11.0    16.3    16.4 -9999.0    22.5 C    31.7     9.8    18.0
94059 201307  2.422 -105.2096   48.4887    24.4    13.2    18.8    18.7    77.6    23.6 C    36.9    12.6    21.5
94059 201308  2.422 -105.2096   48.4887    26.0    14.5    20.3    20.1    85.3    19.8 C    36.4    13.1    21.2
94059 201309  2.422 -105.2096   48.4887    22.3    10.4    16.3    16.1    27.6    14.5 C    29.8     8.9    16.7
94059 201310  2.422 -105.2096   48.4887    10.8     0.1     5.5     5.2     5.7     9.6 C    17.0    -1.6     5.4
94059 201311  2.422 -105.2096   48.4887     2.3    -8.2    -3.0    -2.9     8.0     6.5 C     4.3    -9.9    -3.5
94059 201312  2.422 -105.2096   48.4887    -8.6   -18.6   -13.6   -13.7    14.6     4.1 C    -9.2   -21.7   -15.1
94059 201401  2.422 -105.2096   48.4887    -3.4   -14.7    -9.0    -9.4     2.1     5.4 C    -4.5   -16.2   -10.1
94059 201402  2.422 -105.2096   48.4887    -7.5   -18.5   -13.0   -13.1     2.2     9.4 C    -3.2   -18.3   -12.1
94059 201403  2.422 -105.2096   48.4887     0.8   -10.2    -4.7    -4.7     9.1    12.9 C     7.5   -10.3    -3.4
94059 201404  2.422 -105.2096   48.4887    10.2    -1.7     4.3     4.2    36.7    16.7 C    19.2    -3.3     5.2
94059 201405  2.422 -105.2096   48.4887    18.2     5.9    12.0    11.9   120.1    22.3 C    29.2     3.8    13.6
94059 201406  2.422 -105.2096   48.4887    20.1     9.7    14.9    14.7    88.9    21.2 C    31.5     9.1    17.0
94059 201407  2.422 -105.2096   48.4887    26.3    13.2    19.7    19.6    34.7    26.0 C    39.8    11.9    22.8
94059 201408  2.422 -105.2096   48.4887    25.5    13.7    19.6    19.3    70.7    16.8 C    37.0    12.7    21.3
94059 201409  2.422 -105.2096   48.4887    20.1     8.4    14.3    14.2    21.3    14.9 C    28.8     6.1    14.7
94059 201410  2.422 -105.2096   48.4887    14.6     3.1     8.9     8.4     4.1     9.0 C    19.1     1.3     8.0
94059 201411  2.422 -105.2096   48.4887    -1.8   -11.7    -6.7    -6.7     9.7     5.3 C    -0.7   -14.1    -7.6
94059 201412  2.422 -105.2096   48.4887    -2.5    -9.9    -6.2    -5.9     1.2     3.3 C    -3.0   -12.3    -7.4
94059 201501  2.422 -105.2096   48.4887    -3.0   -11.4    -7.2    -7.1     7.4     5.2 C    -3.3   -13.8    -8.6
94059 201502  2.422 -105.2096   48.4887    -3.9   -15.8    -9.9    -9.4     7.8     8.1 C    -2.2   -15.7    -9.0
94059 201503  2.422 -105.2096   48.4887     8.7    -3.3     2.7     2.2    35.8    13.8 C    14.7    -4.5     2.2
94059 201504  2.422 -105.2096   48.4887    13.4     0.5     7.0     6.9    10.0    18.9 C    25.3    -1.0     8.7
94059 201505  2.422 -105.2096   48.4887    17.4     4.4    10.9    11.3    19.5    22.8 C    31.8     2.8    14.4
94059 201506  2.422 -105.2096   48.4887    24.2    12.0    18.1    18.2    92.9    24.6 C    37.1    11.1    20.8
94059 201507  2.422 -105.2096   48.4887    26.6    14.1    20.3    20.3   101.4    23.0 C    38.8    13.1    22.7
94059 201508  2.422 -105.2096   48.4887    27.8    13.7    20.8    20.7    15.3    19.3 C    40.8    11.9    22.9
94059 201509  2.422 -105.2096   48.4887    22.2     8.7    15.5    15.3    24.5    15.0 C    33.2     7.0    16.6
94059 201510  2.422 -105.2096   48.4887    14.7     3.5     9.1     8.8    28.2     9.0 C    20.4     2.0     8.7
94059 201511  2.422 -105.2096   48.4887     4.6    -4.9    -0.2    -0.6    10.1     5.4 C     6.7    -7.2    -1.7
94059 201512  2.422 -105.2096   48.4887    -1.4    -9.1    -5.3    -5.3    11.7     3.7 C    -1.4   -11.5    -6.5
94059 201601  2.422 -105.2096   48.4887    -3.7   -11.9    -7.8    -7.7     6.7     4.8 C    -4.1   -13.5    -8.8
94059 201602  2.422 -105.2096   48.4887     2.4    -6.3    -1.9    -1.9    12.0     7.0 C     4.1    -6.9    -2.3
94059 201603  2.422 -105.2096   48.4887     8.2    -2.9     2.7     2.3     8.5    10.5 C    14.3    -3.8     2.8
94059 201604  2.422 -105.2096   48.4887    13.6     0.1     6.9     6.6    39.3    16.1 C    22.8    -1.0     8.3
94059 201605  2.422 -105.2096   48.4887    19.5     7.5    13.5    13.6    75.6    20.0 C    30.7     5.9    15.5
94059 201606  2.422 -105.2096   48.4887    23.9    11.9    17.9    18.0   144.7    24.9 C    34.3    11.0    20.4
94059 201607  2.422 -105.2096   48.4887    25.1    14.2    19.6    19.6    64.6    21.9 C    34.9    13.4    21.6
94059 201608  2.422 -105.2096   48.4887    26.8    12.8    19.8    19.9     7.0    20.2 C    38.9    11.7    22.1
94059 201609  2.422 -105.2096   48.4887    20.2     9.0    14.6    14.3    44.6    11.8 C    27.3     7.6    15.0
94059 201610  2.422 -105.2096   48.4887    11.1     2.1     6.6     6.4    72.0     6.8 C    14.6     1.2     6.3
94059 201611  2.422 -105.2096   48.4887     9.0    -0.1     4.5     4.3     2.1     5.2 C    10.8    -1.7     3.3
94059 201612  2.422 -105.2096   48.4887    -8.5   -15.7   -12.1   -12.0     7.3     3.9 C    -8.6   -17.9   -13.1
94059 201701  2.422 -105.2096   48.4887    -6.6   -13.8   -10.2   -10.2     1.1     5.5 C    -6.6   -15.3   -11.2
94059 201702  2.422 -105.2096   48.4887    -2.0    -9.7    -5.8    -5.7    11.1     8.0 C    -0.3   -11.7    -6.4
94059 201703  2.422 -105.2096   48.4887     4.5    -5.9    -0.7    -0.7     7.6    12.4 C     8.3    -6.9    -0.8
94059 201704  2.422 -105.2096   48.4887    12.1     0.3     6.2     6.2     9.6    15.8 C    20.8    -0.6     7.7
94059 201705  2.422 -105.2096   48.4887    20.2     6.2    13.2    13.4     6.1    22.6 C    32.6     4.8    16.0
94059 201706  2.422 -105.2096   48.4887    24.3    10.4    17.3    17.8    14.0    23.4 C    37.5     9.5    20.7
94059 201707  2.422 -105.2096   48.4887    31.2    15.8    23.5    23.6    34.4    24.6 C    44.8    15.1    27.2
