53180 201109  6.101 -113.9340   35.2572 -9999.0 -9999.0 -9999.0 -9999.0 -9999.0 -9999.0 U -9999.0 -9999.0 -9999.0
53180 201110  6.101 -113.9340   35.2572    25.5     8.7    17.1    17.0    17.8 -9999.0 U -9999.0 -9999.0 -9999.0
53180 201111  6.101 -113.9340   35.2572    16.2     2.1     9.2     9.0    25.4 -9999.0 U -9999.0 -9999.0 -9999.0
53180 201112  6.101 -113.9340   35.2572    10.4    -1.6     4.4     3.7    29.5 -9999.0 U -9999.0 -9999.0 -9999.0
53180 201201  6.101 -113.9340   35.2572    15.1    -1.3     6.9     6.4     3.0 -9999.0 U -9999.0 -9999.0 -9999.0
53180 201202  6.101 -113.9340   35.2572    15.0    -0.1     7.5     7.4    15.3 -9999.0 U -9999.0 -9999.0 -9999.0
53180 201203  6.101 -113.9340   35.2572    18.9     2.9    10.9    11.4    27.4 -9999.0 U -9999.0 -9999.0 -9999.0
53180 201204  6.101 -113.9340   35.2572    23.9     7.0    15.4    16.3    21.8 -9999.0 U -9999.0 -9999.0 -9999.0
53180 201205  6.101 -113.9340   35.2572    30.2    12.4    21.3    22.6     0.0 -9999.0 U -9999.0 -9999.0 -9999.0
53180 201206  6.101 -113.9340   35.2572    35.2    17.5    26.3    27.8     0.0 -9999.0 U -9999.0 -9999.0 -9999.0
53180 201207  6.101 -113.9340   35.2572    34.3    20.8    27.6    28.0    48.3 -9999.0 U -9999.0 -9999.0 -9999.0
53180 201208  6.101 -113.9340   35.2572    35.0    20.7    27.9    27.9    38.2 -9999.0 U -9999.0 -9999.0 -9999.0
53180 201209  6.101 -113.9340   35.2572    32.7    16.7    24.7    24.8     5.2 -9999.0 U -9999.0 -9999.0 -9999.0
53180 201210  6.101 -113.9340   35.2572    26.6     9.3    17.9    17.9     9.1 -9999.0 U -9999.0 -9999.0 -9999.0
53180 201211  6.101 -113.9340   35.2572    20.5     3.2    11.9    11.7     0.0 -9999.0 U -9999.0 -9999.0 -9999.0
53180 201212  6.101 -113.9340   35.2572    12.1    -0.5     5.8     5.6    15.0 -9999.0 U -9999.0 -9999.0 -9999.0
53180 201301  6.101 -113.9340   35.2572    10.9    -3.6     3.6     3.5    18.3 -9999.0 U -9999.0 -9999.0 -9999.0
53180 201302  6.101 -113.9340   35.2572    13.3    -1.3     6.0     5.9     5.7 -9999.0 U -9999.0 -9999.0 -9999.0
53180 201303  6.101 -113.9340   35.2572    21.6     4.9    13.3    13.7     3.1 -9999.0 U -9999.0 -9999.0 -9999.0
53180 201304  6.101 -113.9340   35.2572    24.0     6.9    15.4    16.4     1.8 -9999.0 U -9999.0 -9999.0 -9999.0
53180 201305  6.101 -113.9340   35.2572    28.8    12.5    20.7    21.8     0.0 -9999.0 U -9999.0 -9999.0 -9999.0
53180 201306  6.101 -113.9340   35.2572    36.2    17.8    27.0    28.6     0.8 -9999.0 U -9999.0 -9999.0 -9999.0
53180 201307  6.101 -113.9340   35.2572    35.5    22.5    29.0    29.2    37.2 -9999.0 U -9999.0 -9999.0 -9999.0
53180 201308  6.101 -113.9340   35.2572    34.0    20.1    27.0    27.3    35.1 -9999.0 U -9999.0 -9999.0 -9999.0
53180 201309  6.101 -113.9340   35.2572    28.8    14.0    21.4    21.5    43.4 -9999.0 U -9999.0 -9999.0 -9999.0
53180 201310  6.101 -113.9340   35.2572    22.9     5.3    14.1    14.4     3.4 -9999.0 U -9999.0 -9999.0 -9999.0
53180 201311  6.101 -113.9340   35.2572    18.1     2.9    10.5    10.2    16.8 -9999.0 U -9999.0 -9999.0 -9999.0
53180 201312  6.101 -113.9340   35.2572    12.2    -3.0     4.6     4.0     0.7 -9999.0 U -9999.0 -9999.0 -9999.0
53180 201401  6.101 -113.9340   35.2572    16.6    -0.9     7.9     7.6     0.0 -9999.0 U -9999.0 -9999.0 -9999.0
53180 201402  6.101 -113.9340   35.2572    18.2     2.1    10.2    10.3    11.9 -9999.0 U -9999.0 -9999.0 -9999.0
53180 201403  6.101 -113.9340   35.2572    20.1     4.5    12.3    13.0     2.7 -9999.0 U -9999.0 -9999.0 -9999.0
53180 201404  6.101 -113.9340   35.2572    23.7     7.2    15.4    16.5     7.3 -9999.0 U -9999.0 -9999.0 -9999.0
53180 201405  6.101 -113.9340   35.2572    28.4    12.6    20.5    21.8     0.0 -9999.0 U -9999.0 -9999.0 -9999.0
53180 201406  6.101 -113.9340   35.2572 -9999.0 -9999.0 -9999.0 -9999.0 -9999.0 -9999.0 U -9999.0 -9999.0 -9999.0
