04130 200309  1.201 -113.4330   48.7412 -9999.0 -9999.0 -9999.0 -9999.0 -9999.0 -9999.0 U -9999.0 -9999.0 -9999.0
04130 200310  1.201 -113.4330   48.7412    12.8     1.5     7.1     7.2    43.2     9.8 R -9999.0 -9999.0     6.5
04130 200311  1.201 -113.4330   48.7412     0.4    -6.8    -3.2    -2.7    82.9     5.5 R -9999.0 -9999.0    -5.1
04130 200312  1.201 -113.4330   48.7412     1.8    -5.9    -2.0    -1.4    19.1     3.8 R -9999.0 -9999.0    -3.8
04130 200401  1.201 -113.4330   48.7412    -2.8   -11.7    -7.3    -6.8    83.5     3.9 R -9999.0 -9999.0    -8.7
04130 200402  1.201 -113.4330   48.7412     2.6    -6.9    -2.2    -1.9    12.2     9.5 R -9999.0 -9999.0    -5.0
04130 200403  1.201 -113.4330   48.7412     6.2    -3.1     1.5     2.0    35.1    12.6 R -9999.0 -9999.0     1.0
04130 200404  1.201 -113.4330   48.7412    10.7    -1.4     4.6     4.7    58.8    19.6 R -9999.0 -9999.0     7.1
04130 200405  1.201 -113.4330   48.7412    11.0     0.5     5.8     6.1    82.7    19.4 R -9999.0 -9999.0     9.1
04130 200406  1.201 -113.4330   48.7412    16.5     4.2    10.4    10.7    75.7    20.3 R -9999.0 -9999.0    14.3
04130 200407  1.201 -113.4330   48.7412    22.8     8.5    15.7    16.1    16.3    23.6 R -9999.0 -9999.0    20.0
04130 200408  1.201 -113.4330   48.7412    21.3     7.9    14.6    14.7    64.8    17.8 R -9999.0 -9999.0    17.6
04130 200409  1.201 -113.4330   48.7412    14.5     5.0     9.7     9.7    24.0    14.5 R -9999.0 -9999.0    10.4
04130 200410  1.201 -113.4330   48.7412     9.2     0.0     4.6     4.9    53.7     9.3 R -9999.0 -9999.0     4.3
04130 200411  1.201 -113.4330   48.7412     5.2    -2.5     1.4     1.6    25.7     5.2 R -9999.0 -9999.0    -0.8
04130 200412  1.201 -113.4330   48.7412     1.4    -6.8    -2.7    -2.4    50.3     3.3 R -9999.0 -9999.0    -4.2
04130 200501  1.201 -113.4330   48.7412    -1.2   -10.8    -6.0    -5.9    40.6     4.5 R -9999.0 -9999.0    -8.4
04130 200502  1.201 -113.4330   48.7412     3.4    -7.9    -2.3    -2.0    24.1     9.7 R -9999.0 -9999.0    -4.2
04130 200503  1.201 -113.4330   48.7412     3.4    -4.7    -0.6    -0.1    54.8    12.9 R -9999.0 -9999.0    -1.1
04130 200504  1.201 -113.4330   48.7412     8.3    -1.7     3.3     3.5    48.4    17.3 R -9999.0 -9999.0     4.9
04130 200505  1.201 -113.4330   48.7412    13.3     2.0     7.6     8.2    28.4    21.7 R -9999.0 -9999.0    11.4
04130 200506  1.201 -113.4330   48.7412    15.6     5.6    10.6    10.9   184.0    20.1 R -9999.0 -9999.0    12.5
04130 200507  1.201 -113.4330   48.7412    23.2     8.4    15.8    16.6     5.9    26.0 R -9999.0 -9999.0    19.2
04130 200508  1.201 -113.4330   48.7412    21.4     6.1    13.8    13.9    47.1    21.3 R -9999.0 -9999.0    16.6
04130 200509  1.201 -113.4330   48.7412    15.0     2.9     9.0     9.6    94.5    15.2 R -9999.0 -9999.0    10.4
04130 200510  1.201 -113.4330   48.7412    10.6     0.9     5.8     6.0    51.9     8.7 R -9999.0 -9999.0     4.8
04130 200511  1.201 -113.4330   48.7412     3.7    -2.7     0.5     1.1    55.4     5.1 R -9999.0 -9999.0    -1.5
04130 200512  1.201 -113.4330   48.7412    -0.5    -8.3    -4.4    -4.0    23.1     3.8 R -9999.0 -9999.0    -6.7
04130 200601  1.201 -113.4330   48.7412     2.3    -2.1     0.1     0.2    67.6     3.6 R -9999.0 -9999.0    -2.1
04130 200602  1.201 -113.4330   48.7412    -0.9   -10.3    -5.6    -5.2    78.3     7.7 R -9999.0 -9999.0    -8.2
04130 200603  1.201 -113.4330   48.7412     1.8    -8.3    -3.3    -3.0    33.6    13.4 R -9999.0 -9999.0    -4.9
04130 200604  1.201 -113.4330   48.7412     9.0    -0.2     4.4     4.6    59.0    17.9 R -9999.0 -9999.0     5.8
04130 200605  1.201 -113.4330   48.7412    15.1     2.0     8.6     9.0    60.0    23.5 R -9999.0 -9999.0    11.7
04130 200606  1.201 -113.4330   48.7412    18.6     6.5    12.5    13.1   101.7    23.2 R -9999.0 -9999.0    15.2
04130 200607  1.301 -113.4330   48.7412    25.9     9.8    17.9    18.4    15.6    26.4 R -9999.0 -9999.0    21.8
04130 200608  1.301 -113.4330   48.7412    23.0     5.8    14.4    14.7    35.6    21.3 R    38.1     5.9    18.0
04130 200609  1.301 -113.4330   48.7412    18.1     4.0    11.0    11.3    45.5    14.3 R    27.3     3.2    12.3
04130 200610  1.301 -113.4330   48.7412     8.5    -0.9     3.8     4.0    46.0     8.4 R    13.1    -2.3     3.5
04130 200611  1.301 -113.4330   48.7412     0.7    -6.4    -2.8    -2.6   162.3     4.0 R     1.7   -10.2    -4.4
04130 200612  1.301 -113.4330   48.7412     2.3    -4.8    -1.3    -0.9    37.0     3.8 R     1.5    -8.6    -4.0
04130 200701  1.301 -113.4330   48.7412    -0.4    -9.1    -4.7    -4.3    41.9     4.6 R     0.5   -12.2    -6.6
04130 200702  1.301 -113.4330   48.7412    -1.3   -10.4    -5.8    -5.6    45.0     7.3 R    -0.4   -13.3    -7.1
04130 200703  1.301 -113.4330   48.7412     6.3    -2.0     2.1     2.5    52.3    13.1 R    12.4    -4.1     1.6
04130 200704  1.301 -113.4330   48.7412     7.1    -1.7     2.7     2.8    44.4    17.4 R    17.2    -3.4     3.9
04130 200705  1.301 -113.4330   48.7412    14.8     2.0     8.4     8.6    66.0    22.0 R    28.9     1.0    11.2
04130 200706  1.301 -113.4330   48.7412    18.9     5.7    12.3    13.0    25.6    25.6 R    35.6     5.1    16.6
04130 200707  1.302 -113.4330   48.7412    28.6    10.5    19.5    20.4     9.4    27.4 R    52.1    10.1    26.6
04130 200708  1.302 -113.4330   48.7412    23.2     6.4    14.8    15.4    13.8    21.1 R    44.9     5.9    20.0
04130 200709  1.302 -113.4330   48.7412    16.2     3.3     9.7     9.9    63.2    14.6 R    29.1     2.4    11.6
04130 200710  1.302 -113.4330   48.7412     9.8     1.4     5.6     6.0    54.2     9.8 R    16.0    -0.9     5.3
04130 200711  1.302 -113.4330   48.7412     3.7    -4.6    -0.4    -0.3    44.3     5.0 R     4.7    -7.3    -2.0
04130 200712  1.302 -113.4330   48.7412    -2.1    -8.3    -5.2    -4.7    65.2     3.1 R    -3.5   -11.9    -6.9
04130 200801  1.302 -113.4330   48.7412    -2.4   -11.9    -7.1    -6.4   106.5     4.1 R    -4.5   -15.1    -8.7
04130 200802  1.302 -113.4330   48.7412     0.6    -8.7    -4.1    -3.2    70.8     8.1 R    -1.9   -12.3    -5.8
04130 200803  1.302 -113.4330   48.7412     1.7    -5.6    -1.9    -1.7    34.0    15.2 R     5.2    -8.6    -2.8
04130 200804  1.302 -113.4330   48.7412     4.6    -3.7     0.4     0.7    25.9    20.9 R    15.8    -6.2     1.8
04130 200805  1.302 -113.4330   48.7412    12.4     2.5     7.4     7.9   149.5    18.9 R    26.5     1.6    10.4
04130 200806  1.302 -113.4330   48.7412    17.3     3.3    10.3    11.1   106.8    24.9 R    34.2     3.0    15.0
04130 200807  1.302 -113.4330   48.7412    22.9     7.0    14.9    15.9    22.5    25.6 R    45.0     6.8    21.4
04130 200808  1.302 -113.4330   48.7412    22.3     7.5    14.9    15.4    18.2    20.9 R    43.7     7.1    19.8
04130 200809  1.302 -113.4330   48.7412    17.1     2.3     9.7    10.1    32.4    15.9 R    29.7     2.1    11.8
04130 200810  1.302 -113.4330   48.7412    11.4     0.3     5.8     6.4    16.0     9.7 R    18.8    -1.9     5.9
04130 200811  1.302 -113.4330   48.7412     6.6    -0.8     2.9     3.4    26.9     4.8 R     8.3    -3.6     1.7
04130 200812  1.302 -113.4330   48.7412    -6.1   -15.3   -10.7   -10.0    68.2     2.9 R    -6.9   -18.5   -11.7
04130 200901  1.302 -113.4330   48.7412     0.6   -10.7    -5.1    -5.1    38.6     4.7 R    -0.4   -13.0    -7.1
04130 200902  1.302 -113.4330   48.7412     0.8    -9.2    -4.2    -3.9    49.0     8.0 R     5.7   -11.2    -4.5
04130 200903  1.302 -113.4330   48.7412     0.0    -8.1    -4.0    -3.8    93.0    12.5 R    -0.2   -11.0    -5.4
04130 200904  1.302 -113.4330   48.7412     6.1    -3.5     1.3     1.7   103.2    18.6 R    13.6    -5.8     1.8
04130 200905  1.302 -113.4330   48.7412    13.4     1.7     7.5     7.9    30.1    23.7 R    29.1     0.7    10.4
04130 200906  1.302 -113.4330   48.7412    17.1     3.9    10.5    11.1    33.9    23.6 R    38.4     3.6    16.0
04130 200907  1.302 -113.4330   48.7412    22.3     7.1    14.7    15.1   120.9    24.1 R    42.2     8.0    20.4
04130 200908  1.302 -113.4330   48.7412    21.3     7.2    14.2    14.7    39.9    19.2 R    32.8     7.4    17.1
04130 200909  1.302 -113.4330   48.7412    21.2     4.1    12.6    13.1    16.8    16.8 R    32.4     3.7    14.7
04130 200910  1.302 -113.4330   48.7412     4.2    -3.2     0.5     0.9    83.8     7.0 R     7.1    -5.3     0.2
04130 200911  1.302 -113.4330   48.7412     5.1    -1.1     2.0     2.2    43.0     4.7 R     4.9    -3.7     0.2
04130 200912  1.302 -113.4330   48.7412    -5.8   -15.8   -10.8   -11.2    60.0     3.6 R    -6.8   -18.2   -13.2
04130 201001  1.302 -113.4330   48.7412     0.3    -8.9    -4.3    -3.6    19.9     4.0 R    -0.1   -11.0    -5.3
04130 201002  1.302 -113.4330   48.7412     2.6    -7.4    -2.4    -1.8     8.0     8.8 R     5.1    -8.8    -2.7
04130 201003  1.302 -113.4330   48.7412     6.4    -3.0     1.7     2.4    35.4    13.3 R    14.3    -5.3     2.2
04130 201004  1.302 -113.4330   48.7412     7.4    -2.8     2.3     2.6    71.4    16.6 R    16.6    -4.0     3.9
04130 201005  1.302 -113.4330   48.7412     9.5    -0.9     4.3     4.6   104.0    18.1 R    23.4    -1.6     7.2
04130 201006  1.302 -113.4330   48.7412    16.5     5.0    10.7    11.3   131.3    22.5 R    31.3     4.9    14.5
04130 201007  1.302 -113.4330   48.7412    20.8     6.7    13.8    14.1    42.1    23.1 R    36.9     6.8    17.9
04130 201008  1.302 -113.4330   48.7412    20.2     6.1    13.2    13.9    44.2    18.4 R    35.1     6.1    17.0
04130 201009  2.404 -113.4330   48.7412    14.8     4.2     9.5     9.7    72.2    13.0 R    23.7     4.0    11.0
04130 201010  2.404 -113.4330   48.7412    13.2     3.5     8.3     8.4    10.5     9.5 R    18.0     1.7     7.7
04130 201011  2.404 -113.4330   48.7412    -0.7    -8.3    -4.5    -4.0    84.7     4.2 R     0.0   -10.7    -5.2
04130 201012  2.404 -113.4330   48.7412    -0.1   -10.4    -5.2    -4.9    61.8     3.5 R    -1.4   -12.3    -6.8
04130 201101  2.404 -113.4330   48.7412    -1.4   -12.6    -7.0    -6.7    77.2     4.0 R    -2.9   -14.3    -8.2
04130 201102  2.404 -113.4330   48.7412    -4.3   -14.7    -9.5    -9.4   107.1     6.9 R    -5.3   -17.1   -10.7
04130 201103  2.404 -113.4330   48.7412     0.7    -8.1    -3.7    -3.6    75.2    11.8 R     0.2   -10.2    -4.6
04130 201104  2.404 -113.4330   48.7412     3.2    -4.5    -0.6    -0.3   140.7    17.6 R     5.4    -6.9    -1.0
04130 201105  2.404 -113.4330   48.7412    11.2     0.8     6.0     6.2    80.7    19.0 R    22.6     0.4     8.6
04130 201106  2.403 -113.4330   48.7412    14.9     6.3    10.6    10.7    69.6    20.4 R    26.6     6.0    13.1
04130 201107  2.403 -113.4330   48.7412    22.2     7.5    14.9    15.6    17.6    26.3 R    38.8     7.3    19.8
04130 201108  2.403 -113.4330   48.7412    24.0     7.5    15.7    16.4    12.1    21.5 R    40.6     7.4    20.5
04130 201109  2.403 -113.4330   48.7412    20.5     5.2    12.8    13.1    19.6    16.4 R    30.8     4.8    15.0
04130 201110  2.403 -113.4330   48.7412     9.5     1.4     5.4     5.8    93.6     7.8 R    14.4     0.7     5.8
04130 201111  2.403 -113.4330   48.7412 -9999.0 -9999.0 -9999.0 -9999.0 -9999.0 -9999.0 U -9999.0 -9999.0 -9999.0
04130 201112  2.403 -113.4330   48.7412     1.6    -6.4    -2.4    -1.6    47.7     3.7 R     2.3    -6.8    -1.7
04130 201201  2.403 -113.4330   48.7412    -1.0    -8.3    -4.6    -4.4    81.7     3.4 R    -0.3    -8.2    -4.2
04130 201202  2.403 -113.4330   48.7412    -0.1   -10.3    -5.2    -4.3    33.3     7.9 R     2.9   -10.1    -3.4
04130 201203  2.403 -113.4330   48.7412     3.7    -4.4    -0.4    -0.1   146.7    10.8 R     6.2    -4.4     0.6
04130 201204  2.403 -113.4330   48.7412     9.7    -0.4     4.7     4.7    36.5    18.0 R    12.8    -0.2     5.8
04130 201205  2.403 -113.4330   48.7412    11.9     2.3     7.1     7.6    37.3    20.2 R    14.3     2.5     8.6
04130 201206  2.413 -113.4330   48.7412    16.1     6.1    11.1    11.5   100.9    20.0 R    22.0     5.8    12.8
04130 201207  2.413 -113.4330   48.7412    24.2     7.9    16.1    16.8    27.8    25.0 C    39.8     7.6    20.6
04130 201208  2.413 -113.4330   48.7412    24.6     5.7    15.2    15.9    15.2    22.0 C    43.0     5.2    20.3
04130 201209  2.413 -113.4330   48.7412    20.2     3.9    12.0    12.5    30.2    15.8 C    31.6     2.7    13.6
04130 201210  2.413 -113.4330   48.7412     7.0    -1.3     2.9     3.3   105.6     7.5 C     9.5    -3.3     2.3
04130 201211  2.413 -113.4330   48.7412     4.6    -2.1     1.3     1.6    75.2     4.3 C     4.4    -4.9    -0.4
04130 201212  2.413 -113.4330   48.7412    -3.0    -8.9    -6.0    -5.6    75.5     2.6 C    -4.8   -13.3    -8.0
04130 201301  2.413 -113.4330   48.7412     0.9    -7.5    -3.3    -3.1    37.1     4.3 C    -2.3   -10.5    -6.0
04130 201302  2.413 -113.4330   48.7412     0.7    -4.9    -2.1    -1.7    26.4     8.0 C    -1.0    -9.3    -4.6
04130 201303  2.413 -113.4330   48.7412     3.3    -9.0    -2.9    -1.8    60.0    13.6 C     4.9   -13.0    -3.7
04130 201304  2.413 -113.4330   48.7412     5.4    -4.0     0.7     1.1    79.3    17.4 C    11.8    -7.4     0.9
04130 201305  2.413 -113.4330   48.7412    14.7     2.6     8.7     9.2    60.5    20.5 C    28.0     0.9    11.4
04130 201306  2.413 -113.4330   48.7412    17.7     5.4    11.5    12.2    76.6    22.9 C    32.5     4.8    15.6
04130 201307  2.423 -113.4330   48.7412    24.7     7.7    16.2    17.1    11.1    26.8 C    45.7     7.5    22.9
04130 201308  2.423 -113.4330   48.7412    23.8     8.7    16.2    16.6    58.6    19.6 C    36.1     8.4    18.9
04130 201309  2.423 -113.4330   48.7412    17.8     5.3    11.5    11.8    78.0    12.4 C    26.3     4.4    12.6
04130 201310  2.423 -113.4330   48.7412     8.8    -1.0     3.9     4.5    24.0     9.4 C    12.2    -3.4     3.5
04130 201311  2.423 -113.4330   48.7412     3.6    -5.8    -1.1    -0.3    42.8     4.7 C     1.6    -8.8    -3.3
04130 201312  2.423 -113.4330   48.7412    -2.8   -11.2    -7.0    -6.7    40.9     3.5 C    -5.5   -14.9    -9.5
04130 201401  2.423 -113.4330   48.7412     1.4    -8.7    -3.7    -2.4    66.4     4.2 C    -1.8   -13.0    -5.8
04130 201402  2.423 -113.4330   48.7412    -5.1   -16.7   -10.9   -10.8    71.5     7.6 C    -6.9   -21.6   -13.6
04130 201403  2.423 -113.4330   48.7412     0.5    -9.0    -4.3    -4.2   118.2    11.7 C    -1.9   -12.9    -6.2
04130 201404  2.423 -113.4330   48.7412     7.6    -1.7     2.9     3.1    65.0    18.8 C    15.7    -4.3     3.4
04130 201405  2.423 -113.4330   48.7412    13.5     1.8     7.6     7.9    32.4    22.1 C    27.4     0.0    10.7
04130 201406  2.423 -113.4330   48.7412    15.8     4.5    10.2    10.5 -9999.0    20.3 C    29.4     3.8    13.5
04130 201407  2.423 -113.4330   48.7412    24.7     8.6    16.6    17.3    24.3    25.2 C    40.9     7.6    21.0
04130 201408  2.423 -113.4330   48.7412    22.1     8.3    15.2    15.4    61.1    18.9 C    36.6     7.8    18.6
04130 201409  2.423 -113.4330   48.7412    16.7     2.9     9.8    10.2    38.7    15.3 C    24.3     1.5    10.7
04130 201410  2.423 -113.4330   48.7412    13.2     4.0     8.6     8.8    43.8    10.1 C    16.7     1.1     7.3
04130 201411  2.423 -113.4330   48.7412     1.0    -8.4    -3.7    -3.5   139.0     4.5 C    -0.9   -12.6    -6.2
04130 201412  2.423 -113.4330   48.7412     2.0    -6.1    -2.0    -1.6    35.2     3.7 C    -0.9   -10.9    -5.3
04130 201501  2.423 -113.4330   48.7412     2.5    -7.5    -2.5    -2.0    27.1     5.2 C     0.2   -11.6    -5.3
04130 201502  2.423 -113.4330   48.7412     2.5    -7.5    -2.5    -1.9    49.8     7.5 C     3.3   -12.0    -4.0
04130 201503  2.423 -113.4330   48.7412     7.2    -1.4     2.9     3.3    82.8    12.2 C     9.7    -5.8     1.2
04130 201504  2.423 -113.4330   48.7412     9.5    -1.9     3.8     4.0    31.7    19.9 C    21.0    -4.9     5.0
04130 201505  2.423 -113.4330   48.7412 -9999.0 -9999.0 -9999.0 -9999.0 -9999.0 -9999.0 U -9999.0 -9999.0 -9999.0
04130 201506  2.423 -113.4330   48.7412 -9999.0 -9999.0 -9999.0 -9999.0 -9999.0 -9999.0 U -9999.0 -9999.0 -9999.0
04130 201507  2.423 -113.4330   48.7412    22.8     7.2    15.0    16.0    32.9    22.7 C    39.4     5.8    19.4
04130 201508  2.423 -113.4330   48.7412    24.2     6.4    15.3    16.0    18.0    17.9 C    40.8     5.1    18.8
04130 201509  2.423 -113.4330   48.7412    16.4     3.7    10.1    10.6    48.3    13.3 C    25.6     2.2    11.1
04130 201510  2.423 -113.4330   48.7412    13.3     2.9     8.1     8.4    36.1     8.3 C    18.6     0.1     7.3
04130 201511  2.423 -113.4330   48.7412     3.6    -5.4    -0.9    -1.1    72.8     4.9 C     2.2    -9.4    -3.9
04130 201512  2.423 -113.4330   48.7412     0.0    -7.4    -3.7    -3.1    79.6     3.1 C    -2.5   -12.4    -6.2
04130 201601  2.423 -113.4330   48.7412     1.6    -7.0    -2.7    -2.4    24.1     4.6 C    -1.3   -11.5    -5.7
04130 201602  2.423 -113.4330   48.7412     5.1    -1.1     2.0     2.0    21.1     7.8 C     7.3    -4.6    -0.1
04130 201603  2.423 -113.4330   48.7412     5.4    -2.2     1.6     1.6    75.4    11.4 C    10.3    -6.0     0.5
04130 201604  2.423 -113.4330   48.7412    12.0     0.3     6.2     6.7    28.5    16.9 C    23.2    -2.0     8.0
04130 201605  2.423 -113.4330   48.7412    13.5     2.3     7.9     8.2    93.4    18.5 C    27.0     0.6    10.6
04130 201606  2.423 -113.4330   48.7412    19.9     6.0    13.0    13.7    20.5    25.6 C    36.4     4.4    17.3
04130 201607  2.423 -113.4330   48.7412    22.1     8.6    15.4    15.7    32.7    23.0 C    42.2     7.2    20.2
04130 201608  2.423 -113.4330   48.7412    22.3     6.4    14.4    14.8    45.4    18.5 C    37.3     5.3    17.4
04130 201609  2.423 -113.4330   48.7412    15.6     4.2     9.9    10.3    69.2    14.0 C    25.7     2.7    11.3
04130 201610  2.423 -113.4330   48.7412     9.4     1.0     5.2     5.2    86.6     6.5 C    12.2    -1.4     4.1
04130 201611  2.423 -113.4330   48.7412     8.1     1.0     4.5     5.0    46.3     4.5 C     8.5    -2.9     2.3
04130 201612  2.423 -113.4330   48.7412    -6.3   -14.4   -10.4   -10.3    50.7     2.9 C    -8.1   -19.4   -13.0
04130 201701  2.423 -113.4330   48.7412    -3.8   -13.9    -8.8    -8.3    41.5     4.6 C    -4.8   -18.7   -11.1
04130 201702  2.423 -113.4330   48.7412    -2.6   -11.9    -7.3    -6.5   126.5     5.9 C    -4.3   -16.1    -9.4
04130 201703  2.423 -113.4330   48.7412     3.5    -5.2    -0.8    -0.7    70.8    11.7 C     7.3    -8.4    -1.5
04130 201704  2.423 -113.4330   48.7412     7.7    -0.8     3.4     3.4    48.9    15.9 C    19.4    -3.7     4.7
04130 201705  2.423 -113.4330   48.7412    15.8     1.8     8.8     9.2    50.6    21.8 C    29.7    -0.1    11.7
04130 201706  2.423 -113.4330   48.7412    18.9     6.2    12.6    13.2    44.1    23.2 C    34.9     4.6    16.5
04130 201707  2.423 -113.4330   48.7412    27.5     7.6    17.5    18.8     3.7    27.3 C    49.2     6.0    24.5
