53151 200804  1.302 -117.1904   33.4392 -9999.0 -9999.0 -9999.0 -9999.0 -9999.0 -9999.0 U -9999.0 -9999.0 -9999.0
53151 200805  1.302 -117.1904   33.4392    23.4    11.8    17.6    16.6    37.0    23.2 R    41.6    12.6    22.8
53151 200806  1.302 -117.1904   33.4392    29.8    14.4    22.1    20.5     1.0    28.8 R    50.8    16.2    28.9
53151 200807  1.302 -117.1904   33.4392    30.3    15.3    22.8    21.3     0.7    27.5 R    51.8    18.1    30.2
53151 200808  1.302 -117.1904   33.4392    31.7    16.2    23.9    22.1     1.8    25.1 R    52.7    18.5    30.3
53151 200809  1.302 -117.1904   33.4392    31.6    16.5    24.1    22.3     0.3    22.1 R    50.8    17.8    29.0
53151 200810  1.302 -117.1904   33.4392    31.0    15.9    23.4    21.9     0.2    18.3 R    46.9    15.0    25.7
53151 200811  1.302 -117.1904   33.4392    26.2    13.0    19.6    18.2    46.3    13.0 R    37.3    11.9    20.1
53151 200812  1.302 -117.1904   33.4392    17.8     7.0    12.4    11.4   120.6     9.9 R    24.6     5.7    12.1
53151 200901  1.302 -117.1904   33.4392    22.0    10.0    16.0    15.0    11.1    12.2 R    31.1     8.3    15.7
53151 200902  1.302 -117.1904   33.4392    18.4     7.5    13.0    12.2    84.7    13.5 R    28.5     6.2    13.7
53151 200903  1.302 -117.1904   33.4392    20.8     7.8    14.3    13.2     1.2    19.8 R    39.9     7.8    18.6
53151 200904  1.302 -117.1904   33.4392    22.4     9.8    16.1    15.0     3.6    22.7 R    43.4    10.2    21.5
53151 200905  1.302 -117.1904   33.4392    25.4    12.2    18.8    17.1     4.4    24.9 R    47.8    14.5    25.7
53151 200906  1.302 -117.1904   33.4392    25.3    13.1    19.2    17.7     2.9    23.2 R    36.6    14.3    22.3
53151 200907  1.302 -117.1904   33.4392    32.1    15.9    24.0    22.4     2.0    27.8 R    52.7    18.0    30.7
53151 200908  1.302 -117.1904   33.4392    32.2    16.8    24.5    22.9     1.5    24.8 R    52.1    18.4    30.2
53151 200909  1.302 -117.1904   33.4392    32.9    17.0    24.9    23.5     1.7    22.1 R    51.3    18.1    29.7
53151 200910  1.302 -117.1904   33.4392    26.8    13.4    20.1    18.6     4.7    16.6 R    42.2    13.0    22.5
53151 200911  1.302 -117.1904   33.4392    25.1    10.8    17.9    16.4    20.2    13.5 R    37.3     9.8    18.7
53151 200912  1.302 -117.1904   33.4392    18.1     7.5    12.8    11.8    96.6     9.8 R    25.7     6.2    12.7
53151 201001  1.302 -117.1904   33.4392    20.0     8.6    14.3    13.1   121.5    10.3 R    28.5     7.1    14.0
53151 201002  2.403 -117.1904   33.4392    19.1     8.2    13.6    12.5    91.4    13.0 R    29.3     7.3    14.6
53151 201003  2.403 -117.1904   33.4392    20.7     8.8    14.8    13.8     9.4    18.6 R    35.0     8.5    17.6
53151 201004  2.403 -117.1904   33.4392    20.0     8.4    14.2    13.1    45.4    21.9 R    36.0     8.6    18.1
53151 201005  2.403 -117.1904   33.4392    22.6    10.3    16.5    15.3     1.7    25.1 R    40.9    11.5    21.9
53151 201006  2.403 -117.1904   33.4392    26.0    12.0    19.0    17.2     0.0    25.6 R    45.4    14.8    25.2
53151 201007  2.403 -117.1904   33.4392    28.0    14.3    21.1    19.5     1.6    24.3 R    45.4    16.8    26.7
53151 201008  2.403 -117.1904   33.4392    30.8    15.0    22.9    21.4     0.0    25.1 R    49.6    17.1    28.6
53151 201009  2.403 -117.1904   33.4392    30.9    15.3    23.1    21.4     1.7    20.4 R    47.2    16.4    26.9
53151 201010  2.403 -117.1904   33.4392    23.7    13.2    18.4    17.0    57.9    12.3 R    33.6    13.6    19.9
53151 201011  2.403 -117.1904   33.4392    22.1     9.5    15.8    14.7    34.6    12.6 R    31.7     9.0    16.7
53151 201012  2.403 -117.1904   33.4392    19.5     8.9    14.2    13.0   311.9     8.5 R    25.2     8.3    13.8
53151 201101  2.403 -117.1904   33.4392    20.9     8.7    14.8    13.6    21.2    11.9 R    31.1     7.7    15.3
53151 201102  2.403 -117.1904   33.4392    18.0     6.0    12.0    10.9    92.7    14.5 R    30.1     5.4    13.6
53151 201103  2.403 -117.1904   33.4392    20.3     8.9    14.6    13.4    59.3    18.4 R    34.5     8.7    17.4
53151 201104  2.403 -117.1904   33.4392    21.9    10.0    16.0    14.9     6.4    22.1 R    40.8    11.0    21.0
53151 201105  2.403 -117.1904   33.4392    22.7    10.5    16.6    15.5    20.8    25.5 R    42.2    11.7    22.2
53151 201106  2.403 -117.1904   33.4392    25.6    11.9    18.8    17.2     2.8    27.4 R    47.0    14.5    25.7
53151 201107  2.403 -117.1904   33.4392    29.7    15.5    22.6    21.0     2.7    27.3 R    52.1    18.6    30.1
53151 201108  2.403 -117.1904   33.4392    31.3    14.9    23.1    21.5     0.2    26.4 R    53.5    18.0    30.3
53151 201109  2.403 -117.1904   33.4392    30.0    14.6    22.3    20.4     2.0    20.9 R    49.6    16.7    27.5
53151 201110  2.403 -117.1904   33.4392    27.2    13.1    20.2    18.7    31.5    16.7 R    42.3    13.5    22.9
53151 201111  2.403 -117.1904   33.4392    21.2     9.9    15.5    14.3    53.0    11.6 R    30.5     8.9    15.9
53151 201112  2.403 -117.1904   33.4392    19.0     6.7    12.8    11.7    22.3    11.2 R    29.3     5.3    13.1
53151 201201  2.403 -117.1904   33.4392    22.5     9.1    15.8    14.6    33.5    12.0 R    32.4     7.7    15.9
53151 201202  2.413 -117.1904   33.4392    19.6     7.3    13.5    12.3    40.5     9.4 R    34.7     6.1    15.5
53151 201203  2.413 -117.1904   33.4392    20.3     7.7    14.0    12.7    59.8     9.4 C    38.3     7.3    17.9
53151 201204  2.413 -117.1904   33.4392    22.8     9.6    16.2    14.9    44.9    11.6 C    42.7     9.3    21.2
53151 201205  2.413 -117.1904   33.4392    24.7    11.2    18.0    16.5     0.9    13.5 C    49.0    13.5    26.4
53151 201206  2.413 -117.1904   33.4392    26.9    12.5    19.7    18.2     0.0    15.1 C    52.7    15.3    29.4
53151 201207  2.413 -117.1904   33.4392    29.6    14.6    22.1    20.7     0.2    13.9 C    54.6    17.7    31.3
53151 201208  2.413 -117.1904   33.4392    33.2    18.5    25.8    24.4     4.8    12.5 C    57.6    20.5    33.6
53151 201209  2.413 -117.1904   33.4392    33.8    18.3    26.1    24.7     0.0    11.0 C    55.7    18.8    31.9
53151 201210  2.413 -117.1904   33.4392    28.4    14.8    21.6    20.1    13.6     8.3 C    46.0    13.8    24.6
53151 201211  2.413 -117.1904   33.4392    24.2    11.0    17.6    16.1    16.5     6.4 C    38.5     9.5    18.9
53151 201212  2.413 -117.1904   33.4392    17.9     7.7    12.8    11.6    79.3     4.7 C    26.7     5.7    12.6
53151 201301  2.413 -117.1904   33.4392    19.3     6.8    13.1    11.9    22.9     5.8 C    29.4     3.9    12.3
53151 201302  2.423 -117.1904   33.4392    19.2     6.5    12.9    11.9    34.2     9.4 C    34.0     4.5    14.6
53151 201303  2.423 -117.1904   33.4392    22.5     9.4    16.0    14.5    35.8    20.2 C    42.2     9.2    20.7
53151 201304  2.423 -117.1904   33.4392    23.2    10.1    16.7    15.2     1.2    22.5 C    46.0    11.2    23.3
53151 201305  2.423 -117.1904   33.4392    26.3    12.8    19.6    18.2    12.1    26.1 C    49.3    14.6    27.2
53151 201306  2.423 -117.1904   33.4392    28.1    14.2    21.1    19.6     0.5    27.7 C    51.5    16.9    29.8
53151 201307  2.423 -117.1904   33.4392    30.1    15.6    22.8    21.1     0.9    24.6 C    53.5    18.3    30.8
53151 201308  2.423 -117.1904   33.4392    31.4    15.7    23.5    22.0     0.2    25.5 C    55.1    17.9    31.5
53151 201309  2.423 -117.1904   33.4392    31.4    17.0    24.2    22.6     0.2    22.3 C    53.8    17.3    30.2
53151 201310  2.423 -117.1904   33.4392    26.4    12.4    19.4    17.9    10.6    17.5 C    44.6    11.0    22.6
53151 201311  2.423 -117.1904   33.4392    23.6    11.4    17.5    16.2    25.7    11.8 C    35.6     8.8    17.7
53151 201312  2.423 -117.1904   33.4392    21.6     8.9    15.2    14.0    17.3    11.1 C    31.3     5.3    13.7
53151 201401  2.423 -117.1904   33.4392    24.9    10.9    17.9    16.5     4.5    12.6 C    37.9     7.9    17.6
53151 201402  2.423 -117.1904   33.4392    22.2     9.6    15.9    14.6    64.1    14.6 C    37.5     7.7    17.6
53151 201403  2.423 -117.1904   33.4392    23.2    10.9    17.1    15.4    38.2    18.8 C    41.9     9.7    20.5
53151 201404  2.423 -117.1904   33.4392    25.0    11.3    18.2    16.9    14.7    24.2 C    47.7    10.5    23.8
53151 201405  2.423 -117.1904   33.4392    28.0    14.2    21.1    19.9     0.0    26.8 C    52.4    14.1    28.2
53151 201406  2.423 -117.1904   33.4392    28.1    13.4    20.8    19.2     0.2    28.9 C    53.4    15.9    30.2
53151 201407  2.423 -117.1904   33.4392    31.3    16.9    24.1    22.5     2.4    26.0 C    55.7    18.4    32.1
53151 201408  2.423 -117.1904   33.4392    31.5    17.0    24.3    22.8    26.1    25.1 C    53.5    17.9    31.0
53151 201409  2.423 -117.1904   33.4392    32.9    18.4    25.7    24.0     1.3    22.1 C    54.9    18.6    31.5
53151 201410  2.423 -117.1904   33.4392    29.9    15.7    22.8    21.1     0.0    17.3 C    48.5    14.3    26.1
53151 201411  2.423 -117.1904   33.4392    25.6    12.3    19.0    17.6    11.7    13.1 C    39.8     9.6    19.5
53151 201412  2.423 -117.1904   33.4392    19.2     9.3    14.2    13.2   147.3     9.3 C    26.7     6.9    13.5
53151 201501  2.423 -117.1904   33.4392    21.8     9.9    15.8    14.7    11.1    11.3 C    32.3     7.0    15.2
53151 201502  2.423 -117.1904   33.4392    23.9    10.8    17.4    16.1    12.4    16.1 C    40.3     8.8    19.4
53151 201503  2.423 -117.1904   33.4392    26.1    11.8    19.0    17.9    17.4    21.0 C    45.2    10.3    22.9
53151 201504  2.423 -117.1904   33.4392    24.9    11.7    18.3    17.0     4.5    23.8 C    47.9    10.8    24.1
53151 201505  2.423 -117.1904   33.4392    22.4    11.7    17.0    15.6    26.0    21.3 C    43.2    12.7    22.9
53151 201506  2.423 -117.1904   33.4392    29.3    14.6    22.0    20.7     6.9    26.2 C    52.9    16.5    29.9
53151 201507  2.423 -117.1904   33.4392    29.1    16.5    22.8    21.2    23.7    25.0 C    51.3    18.5    30.1
53151 201508  2.423 -117.1904   33.4392    32.1    17.8    24.9    23.4     0.3    24.9 C    55.0    19.3    32.4
53151 201509  2.423 -117.1904   33.4392    32.4    19.1    25.7    24.3    25.8    20.9 C    53.5    19.0    31.0
53151 201510  2.423 -117.1904   33.4392    29.5    17.3    23.4    22.0    17.7    15.5 C    46.2    16.1    26.0
53151 201511  2.423 -117.1904   33.4392    23.3    10.1    16.7    15.4    13.7    14.0 C    37.9     7.1    17.1
53151 201512  2.423 -117.1904   33.4392    19.7     7.0    13.3    12.2    32.2    11.2 C    30.0     3.8    12.5
53151 201601  2.423 -117.1904   33.4392    18.6     8.1    13.3    12.3    91.8     9.8 C    28.6     5.5    13.3
53151 201602  2.423 -117.1904   33.4392    26.1    11.4    18.7    17.5     3.9    17.8 C    41.7     8.2    19.8
53151 201603  2.423 -117.1904   33.4392    22.1     9.3    15.7    14.7    38.9    19.6 C    41.9     8.3    20.1
53151 201604  2.423 -117.1904   33.4392    24.6    11.6    18.1    16.9     4.8    21.8 C    47.0    10.8    23.8
53151 201605  2.423 -117.1904   33.4392    22.9    11.9    17.4    15.8     7.1    21.7 C    47.1    13.1    24.6
53151 201606  2.423 -117.1904   33.4392    30.0    15.1    22.6    21.1     0.0    25.5 C    53.7    17.3    30.9
53151 201607  2.423 -117.1904   33.4392    31.7    16.8    24.3    22.7     0.0    27.0 C    56.4    18.8    33.1
53151 201608  2.423 -117.1904   33.4392    31.6    16.6    24.1    22.6     0.0    24.8 C    56.2    18.7    32.6
53151 201609  2.423 -117.1904   33.4392    30.3    16.4    23.3    21.8     6.2    19.8 C    51.6    16.5    28.6
53151 201610  2.423 -117.1904   33.4392    28.0    14.7    21.3    20.0     8.2    15.6 C    45.5    13.6    24.4
53151 201611  2.423 -117.1904   33.4392    25.9    12.7    19.3    18.0    48.7    12.8 C    38.6    10.0    19.4
53151 201612  2.423 -117.1904   33.4392    18.9     8.7    13.8    12.9   138.2     9.1 C    26.5     6.2    13.2
53151 201701  2.423 -117.1904   33.4392    16.9     8.0    12.4    11.6   219.2     9.5 C    23.6     5.6    11.9
53151 201702  2.423 -117.1904   33.4392    18.4     9.0    13.7    12.8   113.5    12.0 C    29.4     7.8    15.1
53151 201703  2.423 -117.1904   33.4392    24.0    10.6    17.3    16.0     4.1    20.0 C    42.4     9.5    20.7
53151 201704  2.423 -117.1904   33.4392    25.0    11.3    18.2    16.9     0.0    24.4 C    47.0    11.3    24.4
53151 201705  2.423 -117.1904   33.4392    23.8    11.8    17.8    16.5    32.6    22.5 C    42.3    13.1    23.7
53151 201706  2.423 -117.1904   33.4392    28.7    14.4    21.5    20.2     0.7    26.4 C    36.0    15.2    23.9
53151 201707  2.423 -117.1904   33.4392    31.7    16.7    24.2    22.8     0.4    26.0 C    47.0    18.2    29.4
