54811 200308  1.100  -88.8513   41.8430 -9999.0 -9999.0 -9999.0 -9999.0 -9999.0 -9999.0 U -9999.0 -9999.0 -9999.0
54811 200309  1.100  -88.8513   41.8430    23.0     8.1    15.6    15.8    42.7    16.6 R -9999.0 -9999.0    18.1
54811 200310  1.100  -88.8513   41.8430    17.2     2.5     9.9    10.0    40.7    12.6 R -9999.0 -9999.0    10.8
54811 200311  1.100  -88.8513   41.8430     8.8    -0.5     4.2     4.3   101.0     6.0 R -9999.0 -9999.0     3.9
54811 200312  1.100  -88.8513   41.8430     2.6    -5.2    -1.3    -1.2    91.7     5.2 R -9999.0 -9999.0    -1.8
54811 200401  1.100  -88.8513   41.8430    -3.9   -11.8    -7.9    -7.7    25.0     6.2 R -9999.0 -9999.0    -7.6
54811 200402  1.100  -88.8513   41.8430     1.0    -8.2    -3.6    -3.3    30.6    10.9 R -9999.0 -9999.0    -3.9
54811 200403  1.100  -88.8513   41.8430     9.2    -0.1     4.6     4.4   116.4    11.2 R -9999.0 -9999.0     4.6
54811 200404  1.100  -88.8513   41.8430    16.8     2.4     9.6    10.1    50.5    19.4 R -9999.0 -9999.0    11.6
54811 200405  1.100  -88.8513   41.8430    21.9    10.0    15.9    15.9   202.0    18.0 R -9999.0 -9999.0    17.5
54811 200406  1.100  -88.8513   41.8430    24.6    14.1    19.4    19.5    73.9    23.1 R -9999.0 -9999.0    20.6
54811 200407  1.100  -88.8513   41.8430    26.0    14.8    20.4    20.5    52.0    21.7 R -9999.0 -9999.0    22.9
54811 200408  1.100  -88.8513   41.8430    23.7    11.8    17.7    18.0    82.2    19.4 R -9999.0 -9999.0    20.6
54811 200409  1.201  -88.8513   41.8430    25.2     9.4    17.3    17.3    17.2    19.9 R -9999.0 -9999.0    19.4
54811 200410  1.201  -88.8513   41.8430    16.9     4.3    10.6    10.7    81.3    10.0 R -9999.0 -9999.0    10.9
54811 200411  1.201  -88.8513   41.8430     9.3     0.3     4.8     4.9    80.9     5.6 R -9999.0 -9999.0     4.4
54811 200412  1.201  -88.8513   41.8430     1.2    -7.7    -3.2    -2.8    21.7     5.5 R -9999.0 -9999.0    -3.2
54811 200501  1.201  -88.8513   41.8430    -2.0    -9.5    -5.7    -5.4    71.2     6.1 R -9999.0 -9999.0    -5.3
54811 200502  1.201  -88.8513   41.8430     3.0    -3.7    -0.4    -0.5    52.6     7.6 R -9999.0 -9999.0    -0.5
54811 200503  1.201  -88.8513   41.8430     6.7    -4.8     0.9     0.8    22.7    13.0 R -9999.0 -9999.0     1.2
54811 200504  1.201  -88.8513   41.8430    18.0     3.6    10.8    10.9    39.6    18.4 R -9999.0 -9999.0    11.5
54811 200505  1.201  -88.8513   41.8430    20.2     6.9    13.5    13.9    55.3    19.9 R -9999.0 -9999.0    14.3
54811 200506  1.201  -88.8513   41.8430    29.3    15.7    22.5    23.0    74.6    23.1 R -9999.0 -9999.0    25.0
54811 200507  1.201  -88.8513   41.8430    28.4    15.5    21.9    22.4    57.6    22.3 R -9999.0 -9999.0    25.4
54811 200508  1.201  -88.8513   41.8430    27.5    14.5    21.0    21.3    92.9    20.4 R -9999.0 -9999.0    24.0
54811 200509  1.301  -88.8513   41.8430    26.5    11.7    19.1    19.1    39.5    16.2 R -9999.0 -9999.0    20.5
54811 200510  1.301  -88.8513   41.8430    17.9     4.5    11.2    11.1    17.0    11.1 R    25.1     3.8    11.9
54811 200511  1.301  -88.8513   41.8430     9.8    -1.2     4.3     4.3    54.5     6.4 R    12.4    -1.9     4.3
54811 200512  1.301  -88.8513   41.8430    -3.7   -11.0    -7.3    -6.8    24.6     5.6 R    -1.7   -12.1    -7.1
54811 200601  1.301  -88.8513   41.8430     3.4    -3.3     0.1     0.2    66.6     5.2 R     4.7    -3.8     0.0
54811 200602  1.301  -88.8513   41.8430     1.9    -9.2    -3.7    -3.5    20.7    10.4 R     7.1    -9.1    -2.7
54811 200603  1.301  -88.8513   41.8430     7.5    -3.3     2.1     2.3    64.3    11.4 R    12.7    -3.7     3.0
54811 200604  1.301  -88.8513   41.8430    17.8     3.8    10.8    11.3    92.1    17.3 R    23.1     2.8    11.7
54811 200605  1.301  -88.8513   41.8430    20.6     9.0    14.8    14.9   106.5    18.9 R    25.2     7.8    14.9
54811 200606  1.301  -88.8513   41.8430    25.3    13.2    19.2    19.6    79.9    22.5 R    32.6    12.0    20.6
54811 200607  1.301  -88.8513   41.8430    28.3    17.3    22.8    23.0    66.4    22.1 R    39.3    17.9    26.3
54811 200608  1.301  -88.8513   41.8430    26.3    15.1    20.7    20.9    61.2    18.4 R    36.9    15.9    24.2
54811 200609  1.301  -88.8513   41.8430    21.5     9.1    15.3    15.2   104.8    14.0 R    30.5    11.2    18.9
54811 200610  1.301  -88.8513   41.8430    14.1     2.1     8.1     8.1    91.0    10.7 R    18.5     2.1     9.0
54811 200611  1.301  -88.8513   41.8430     9.5    -0.7     4.4     4.3    71.0     6.6 R    21.5     6.4    12.6
54811 200612  1.301  -88.8513   41.8430     2.9    -5.3    -1.2    -1.1    56.9     5.4 R    10.1    -1.7     3.6
54811 200701  1.301  -88.8513   41.8430    -0.2    -7.5    -3.9    -3.7    28.2     7.0 R     3.3    -7.2    -2.2
54811 200702  1.301  -88.8513   41.8430    -6.0   -14.1   -10.0    -9.6    42.2    11.0 R    -4.0   -15.5    -9.8
54811 200703  1.301  -88.8513   41.8430    10.1     0.6     5.3     5.3   105.8    12.8 R    14.6    -0.1     5.7
54811 200704  1.301  -88.8513   41.8430    13.5     1.4     7.4     7.6    95.5    17.4 R    19.2     0.5     8.2
54811 200705  1.302  -88.8513   41.8430    24.5    10.2    17.3    17.7    50.9    22.0 R    31.7     8.8    17.7
54811 200706  1.302  -88.8513   41.8430    26.3    13.9    20.1    20.5   100.2    21.7 R    32.5    12.7    20.9
54811 200707  1.302  -88.8513   41.8430    26.6    14.4    20.5    20.7   210.4    23.4 R    35.7    14.3    22.6
54811 200708  1.302  -88.8513   41.8430    26.8    16.8    21.8    21.8   364.3    18.4 R    33.7    16.9    23.2
54811 200709  1.302  -88.8513   41.8430    25.8     9.6    17.7    18.0    13.7    18.7 R    32.0     8.9    18.7
54811 200710  1.302  -88.8513   41.8430    19.7     6.9    13.3    13.4    50.3    11.1 R    24.6     6.2    13.5
54811 200711  1.302  -88.8513   41.8430     7.5    -2.9     2.3     2.6    25.6     7.2 R    11.5    -3.7     2.6
54811 200712  1.302  -88.8513   41.8430    -1.0    -8.3    -4.7    -4.4    86.9     4.9 R     4.3    -8.9    -4.1
54811 200801  1.302  -88.8513   41.8430    -1.8   -12.3    -7.0    -6.6    41.3     6.3 R     2.9   -13.1    -6.6
54811 200802  1.302  -88.8513   41.8430    -3.1   -10.8    -6.9    -6.8    87.9    10.4 R     1.6   -10.6    -5.9
54811 200803  1.302  -88.8513   41.8430     4.7    -3.7     0.5     0.2    53.0    12.5 R    10.2    -4.4     0.9
54811 200804  1.302  -88.8513   41.8430    14.6     3.2     8.9     8.7    93.8    15.4 R    21.9     2.5     9.5
54811 200805  1.302  -88.8513   41.8430    19.1     5.9    12.5    13.1   125.5    19.6 R    23.7     4.6    13.3
54811 200806  1.302  -88.8513   41.8430    26.4    14.7    20.5    20.9    99.0    21.5 R    31.1    13.9    21.2
54811 200807  1.302  -88.8513   41.8430    27.2    15.3    21.2    21.5   177.7    23.9 R    33.9    15.0    23.1
54811 200808  1.302  -88.8513   41.8430    25.8    13.1    19.4    19.5    39.9    21.5 R    32.3    12.5    20.8
54811 200809  1.302  -88.8513   41.8430    22.9    10.8    16.8    16.7   291.2    14.3 R    27.8    10.3    17.4
54811 200810  1.302  -88.8513   41.8430    15.9     3.3     9.6     9.4    50.3    11.2 R    19.5     2.4     9.4
54811 200811  1.302  -88.8513   41.8430     7.1    -2.4     2.3     2.4    38.7     6.7 R    10.0    -2.7     2.6
54811 200812  1.302  -88.8513   41.8430    -2.5   -12.9    -7.7    -7.0   128.0     5.8 R     1.4   -13.3    -6.7
54811 200901  1.302  -88.8513   41.8430    -6.4   -16.3   -11.3   -10.8    19.4     7.8 R    -3.7   -16.7   -10.1
54811 200902  1.302  -88.8513   41.8430     0.8    -8.5    -3.8    -3.7    59.2    10.9 R     4.4    -8.8    -3.0
54811 200903  1.302  -88.8513   41.8430     8.4    -2.6     2.9     2.7   140.7    13.7 R    13.5    -3.3     3.6
54811 200904  1.302  -88.8513   41.8430    14.1     1.5     7.8     8.0   117.6    16.6 R    19.4     0.8     8.8
54811 200905  1.302  -88.8513   41.8430    20.9     8.0    14.4    14.8    94.4    20.9 R    26.2     7.1    15.4
54811 200906  2.402  -88.8513   41.8430    25.5    14.3    19.9    20.0   106.6    20.6 R    31.4    13.6    20.7
54811 200907  2.402  -88.8513   41.8430    24.1    12.9    18.5    18.8    66.4    19.5 R    29.5    12.2    19.4
54811 200908  2.402  -88.8513   41.8430    24.2    13.4    18.8    19.0   129.7    18.4 R    32.3    13.3    20.8
54811 200909  2.402  -88.8513   41.8430    22.7     9.8    16.2    16.1    30.3    16.1 R    29.8     9.4    17.3
54811 200910  2.402  -88.8513   41.8430    12.2     3.5     7.9     7.9   159.4     7.1 R    15.8     3.1     8.3
54811 200911  2.402  -88.8513   41.8430    11.0     0.6     5.8     5.8    33.9     6.6 R    13.2    -0.2     5.4
54811 200912  2.402  -88.8513   41.8430    -1.2    -8.7    -4.9    -4.4    98.5     4.6 R     1.6    -9.7    -4.5
54811 201001  2.402  -88.8513   41.8430    -4.9   -12.0    -8.5    -8.3    28.2     6.5 R    -2.3   -13.0    -8.4
54811 201002  2.402  -88.8513   41.8430    -1.7    -8.6    -5.1    -4.9    27.5    10.9 R     2.2    -9.1    -4.3
54811 201003  2.402  -88.8513   41.8430    10.0    -1.0     4.5     4.5    41.1    13.7 R    15.8    -1.8     5.0
54811 201004  2.402  -88.8513   41.8430    19.4     5.0    12.2    12.4    71.5    18.5 R    24.0     3.5    12.4
54811 201005  2.402  -88.8513   41.8430    22.1    10.1    16.1    16.3   126.9    19.3 R    27.7     8.5    16.5
54811 201006  2.402  -88.8513   41.8430    26.4    15.2    20.8    21.0   179.2    20.3 R    32.4    15.1    22.4
54811 201007  2.402  -88.8513   41.8430    28.6    17.0    22.8    23.0   102.7    22.7 R    36.2    16.9    25.1
54811 201008  2.402  -88.8513   41.8430    28.1    16.7    22.4    22.3   123.1    21.0 R    34.9    16.2    23.6
54811 201009  2.402  -88.8513   41.8430    23.5    10.6    17.0    17.0    52.0    15.3 R    27.5     9.4    17.0
54811 201010  2.402  -88.8513   41.8430    19.3     3.9    11.6    11.6    31.1    13.2 R    24.9     2.3    11.4
54811 201011  2.402  -88.8513   41.8430     9.8    -2.0     3.9     3.8    31.3     7.3 R    12.8    -3.3     3.5
54811 201012  2.402  -88.8513   41.8430    -4.1   -12.8    -8.5    -7.8    62.0     6.0 R    -2.4   -14.2    -8.0
54811 201101  2.402  -88.8513   41.8430    -4.1   -11.9    -8.0    -7.6    20.3     6.5 R     4.0   -10.9    -3.6
54811 201102  2.402  -88.8513   41.8430    -1.1    -8.6    -4.9    -4.5    45.4     9.5 R     4.4    -8.9    -2.8
54811 201103  2.402  -88.8513   41.8430     6.9    -2.7     2.1     1.9    55.0    12.5 R    15.3    -3.7     3.2
54811 201104  2.402  -88.8513   41.8430    13.6     3.3     8.4     8.4   120.2    12.6 R    18.7     2.4     9.1
54811 201105  2.402  -88.8513   41.8430    21.2     8.5    14.8    15.1   223.6    17.3 R    27.0     7.8    16.2
54811 201106  2.402  -88.8513   41.8430    26.2    15.0    20.6    21.0   103.4    16.6 R    30.9    14.5    21.6
54811 201107  2.402  -88.8513   41.8430    29.6    18.8    24.2    24.5    95.5    18.1 R    37.1    18.5    26.3
54811 201108  2.402  -88.8513   41.8430    26.7    14.7    20.7    20.9   106.8    17.3 R    33.6    14.2    22.5
54811 201109  2.402  -88.8513   41.8430    20.5     9.2    14.8    14.9    96.8    12.2 R    26.5     8.3    15.6
54811 201110  2.402  -88.8513   41.8430    17.7     3.8    10.7    10.6    34.5     9.3 R    21.2     2.8    10.5
54811 201111  2.402  -88.8513   41.8430     9.9     0.3     5.1     5.0    99.7     4.5 R    12.2    -0.5     4.8
54811 201112  2.402  -88.8513   41.8430     3.7    -3.9    -0.1     0.1    78.1     3.4 R     8.1    -4.4     0.9
54811 201201  2.402  -88.8513   41.8430     1.9    -7.8    -3.0    -2.8    26.4     4.9 R     5.1    -8.3    -2.3
54811 201202  2.402  -88.8513   41.8430     2.9    -5.3    -1.2    -1.1    44.0     6.6 R     8.2    -5.9    -0.2
54811 201203  2.402  -88.8513   41.8430    16.5     4.7    10.6    10.5    37.2    10.8 R    21.1     4.2    11.0
54811 201204  2.402  -88.8513   41.8430    16.0     2.9     9.4     9.6    61.8    13.6 R    20.2     1.9    10.2
54811 201205  2.412  -88.8513   41.8430    24.4    11.1    17.7    18.1    74.9    21.4 R    30.3     9.4    18.6
54811 201206  2.412  -88.8513   41.8430    28.2    14.0    21.1    21.8    21.1    25.9 C    37.0    13.0    24.0
54811 201207  2.412  -88.8513   41.8430    31.5    18.0    24.7    25.0    58.3    23.0 C    41.8    17.7    27.9
54811 201208  2.412  -88.8513   41.8430    27.8    12.9    20.3    20.6    65.3    20.3 C    36.6    12.3    22.8
54811 201209  2.412  -88.8513   41.8430    23.6     7.7    15.7    15.6    37.3    16.7 C    31.3     6.9    17.0
54811 201210  2.412  -88.8513   41.8430    15.3     2.9     9.1     9.0    78.4    10.0 C    20.1     2.3     9.6
54811 201211  2.412  -88.8513   41.8430     8.5    -2.9     2.8     2.9    18.1     6.8 C    12.0    -3.5     3.1
54811 201212  2.412  -88.8513   41.8430     4.2    -3.7     0.3     0.4    44.7     3.9 C     5.4    -4.1     0.5
54811 201301  2.412  -88.8513   41.8430     0.3    -9.7    -4.7    -4.3    87.5     6.1 C     2.6   -10.0    -3.9
54811 201302  2.412  -88.8513   41.8430    -0.7    -8.8    -4.8    -4.4    76.6     8.4 C     1.4    -9.9    -4.1
54811 201303  2.412  -88.8513   41.8430     1.9    -5.9    -2.0    -1.7    54.4    13.0 C     5.6    -6.3    -0.8
54811 201304  2.412  -88.8513   41.8430    13.1     2.0     7.5     7.4   202.3    15.0 C    18.7     1.4     8.5
54811 201305  2.412  -88.8513   41.8430    22.4     9.9    16.1    16.4    90.9    18.3 C    27.7     9.2    17.5
54811 201306  2.412  -88.8513   41.8430    25.4    14.1    19.7    19.7   199.1    19.1 C    31.2    13.9    21.2
54811 201307  2.422  -88.8513   41.8430    26.3    15.0    20.6    21.0    39.8    22.5 C    33.3    14.4    22.8
54811 201308  2.422  -88.8513   41.8430    26.8    13.8    20.3    20.6   106.2    21.0 C    35.9    12.3    21.9
54811 201309  2.422  -88.8513   41.8430    24.0    10.1    17.1    17.1    33.4    17.4 C    30.2     8.5    17.4
54811 201310  2.422  -88.8513   41.8430    16.4     3.7    10.1    10.2    74.2     9.6 C    20.6     1.7     9.6
54811 201311  2.422  -88.8513   41.8430     6.2    -3.7     1.3     1.6    55.4     6.3 C     9.3    -5.6     1.0
54811 201312  2.422  -88.8513   41.8430    -2.5   -11.9    -7.2    -6.6    38.7     5.5 C    -2.2   -14.0    -7.3
54811 201401  2.422  -88.8513   41.8430    -6.0   -15.9   -10.9   -10.6    40.3     6.6 C    -6.1   -17.1   -11.2
54811 201402  2.422  -88.8513   41.8430    -6.3   -16.7   -11.5   -11.0   110.0    11.8 C    -4.7   -18.3   -11.3
54811 201403  2.422  -88.8513   41.8430     2.8    -6.3    -1.8    -1.8    26.7    14.3 C     8.2    -8.2    -1.1
54811 201404  2.422  -88.8513   41.8430    14.9     1.8     8.3     8.3    75.2    15.9 C    21.8    -1.1     8.5
54811 201405  2.422  -88.8513   41.8430    22.0     8.9    15.4    15.6    50.4    20.0 C    27.2     6.8    15.5
54811 201406  2.422  -88.8513   41.8430    26.5    15.1    20.8    20.9   208.9    20.9 C    36.3    13.7    22.5
54811 201407  2.422  -88.8513   41.8430    24.8    13.3    19.0    19.4    59.0    23.4 C    33.6    12.5    21.2
54811 201408  2.422  -88.8513   41.8430    26.4    15.5    20.9    20.9    96.5    18.6 C    33.3    14.8    22.1
54811 201409  2.422  -88.8513   41.8430    22.3     8.6    15.5    15.4    70.9    15.7 C    27.8     7.5    15.7
54811 201410  2.422  -88.8513   41.8430    15.7     3.7     9.7    10.1    61.9     9.6 C    19.1     2.0     9.5
54811 201411  2.422  -88.8513   41.8430     4.2    -5.6    -0.7    -0.3    36.7     5.7 C     6.7    -7.2    -0.6
54811 201412  2.422  -88.8513   41.8430     1.6    -4.3    -1.3    -1.2    22.0     3.5 C     4.7    -5.5    -1.1
54811 201501  2.422  -88.8513   41.8430    -2.6   -11.3    -6.9    -6.4    46.2     5.7 C    -1.2   -13.2    -6.9
54811 201502  2.422  -88.8513   41.8430    -6.3   -17.9   -12.1   -11.1    35.4    11.1 C    -1.6   -18.5   -10.0
54811 201503  2.422  -88.8513   41.8430     6.3    -4.7     0.8     0.9    19.7    14.9 C    13.3    -7.4     1.1
54811 201504  2.422  -88.8513   41.8430    16.7     2.3     9.5     9.6    90.1    17.1 C    23.0     0.0     9.5
54811 201505  2.422  -88.8513   41.8430    21.8    10.2    16.0    16.1   137.4    17.7 C    25.8     8.8    16.0
54811 201506  2.422  -88.8513   41.8430    25.1    14.5    19.8    19.9   168.8    19.9 C    29.1    13.5    20.1
54811 201507  2.422  -88.8513   41.8430    26.2    15.1    20.7    21.1    96.5    22.1 C    33.9    14.7    22.8
54811 201508  2.422  -88.8513   41.8430    25.4    13.8    19.6    20.0    71.6    19.8 C    35.2    13.2    22.0
54811 201509  2.422  -88.8513   41.8430    25.3    12.4    18.8    18.7    73.1    15.9 C    31.1    11.4    19.3
54811 201510  2.422  -88.8513   41.8430    17.3     5.4    11.4    11.3    50.2    10.3 C    22.3     3.9    11.3
54811 201511  2.422  -88.8513   41.8430    10.8     0.4     5.6     5.4   131.4     7.0 C    12.3    -1.5     4.6
54811 201512  2.422  -88.8513   41.8430     5.7    -0.1     2.8     2.7   130.0     4.1 C     7.4    -1.0     2.5
54811 201601  2.422  -88.8513   41.8430    -1.8    -9.5    -5.6    -5.3    17.4     5.8 C     0.3   -10.5    -5.4
54811 201602  2.422  -88.8513   41.8430     1.9    -5.7    -1.9    -2.0    23.2     8.7 C     5.0    -7.4    -2.1
54811 201603  2.422  -88.8513   41.8430    10.4     0.7     5.6     5.6    93.0    11.3 C    16.5    -0.9     6.0
54811 201604  2.422  -88.8513   41.8430    14.6     2.5     8.6     8.8    62.6    15.7 C    19.6     1.1     9.2
54811 201605  2.422  -88.8513   41.8430    21.1     9.0    15.0    15.3   171.4    19.3 C    24.4     6.8    14.7
54811 201606  2.422  -88.8513   41.8430    27.0    14.8    20.9    21.4    90.3    23.6 C    31.3    12.9    21.6
54811 201607  2.422  -88.8513   41.8430    27.6    16.4    22.0    22.2   150.9    21.7 C    34.0    15.5    23.3
54811 201608  2.422  -88.8513   41.8430    27.6    16.5    22.1    22.0   131.4    19.3 C    34.1    15.6    23.1
54811 201609  2.422  -88.8513   41.8430    25.5    13.6    19.6    19.2    48.6    15.2 C    30.0    12.0    19.0
54811 201610  2.422  -88.8513   41.8430    18.5     6.5    12.5    12.9    55.9     9.2 C    21.3     4.6    12.1
54811 201611  2.422  -88.8513   41.8430    12.3     1.7     7.0     6.8    59.6     7.2 C    14.4    -0.5     5.6
54811 201612  2.422  -88.8513   41.8430    -1.7    -8.8    -5.2    -5.0    28.8     5.0 C    -1.4   -10.9    -6.0
54811 201701  2.422  -88.8513   41.8430     0.2    -6.4    -3.1    -3.0    55.5     3.5 C     2.1    -8.1    -3.1
54811 201702  2.422  -88.8513   41.8430     7.9    -3.7     2.1     2.2    52.1     9.5 C    12.0    -6.3     1.5
54811 201703  2.422  -88.8513   41.8430     7.9    -2.0     2.9     2.9    82.2    11.3 C    12.5    -4.3     3.1
54811 201704  2.422  -88.8513   41.8430    16.9     4.4    10.6    11.0   155.1    14.6 C    21.4     2.3    10.8
54811 201705  2.422  -88.8513   41.8430    19.7     8.0    13.9    14.0    99.7    18.6 C    22.9     5.9    13.7
54811 201706  2.422  -88.8513   41.8430    28.0    14.7    21.3    21.6    64.7    24.0 C    35.2    12.3    22.2
54811 201707  2.422  -88.8513   41.8430    27.5    15.2    21.3    21.7   171.6    22.3 C    34.2    14.4    23.7
