53149 200710  1.302 -111.2935   38.3028 -9999.0 -9999.0 -9999.0 -9999.0 -9999.0 -9999.0 U -9999.0 -9999.0 -9999.0
53149 200711  1.302 -111.2935   38.3028    11.5    -0.8     5.4     5.2     3.8    11.7 R    20.7    -3.4     4.1
53149 200712  1.302 -111.2935   38.3028     0.9    -7.9    -3.5    -3.8    14.7     9.6 R     6.2   -10.1    -5.1
53149 200801  1.302 -111.2935   38.3028     0.2    -9.0    -4.4    -4.6    10.4    10.1 R     5.3   -12.3    -6.6
53149 200802  1.302 -111.2935   38.3028     6.4    -4.1     1.1     0.7     5.2    14.1 R    18.0    -7.2     0.7
53149 200803  1.302 -111.2935   38.3028    10.8    -1.3     4.8     4.8    15.4    20.2 R    27.1    -4.3     6.2
53149 200804  1.302 -111.2935   38.3028    15.0     0.5     7.7     8.3     0.0    25.6 R    35.5    -2.0    11.9
53149 200805  1.302 -111.2935   38.3028    19.7     6.0    12.8    13.0     6.6    25.5 R    42.7     3.9    17.8
53149 200806  1.302 -111.2935   38.3028    28.3    12.6    20.4    21.1     0.6    28.7 R    51.6    10.1    26.0
53149 200807  1.302 -111.2935   38.3028    31.2    17.3    24.2    24.5     5.7    24.0 R    55.2    15.2    29.1
53149 200808  1.302 -111.2935   38.3028    29.2    16.4    22.8    23.0    17.5    21.5 R    49.1    14.5    26.3
53149 200809  1.302 -111.2935   38.3028    24.8    10.0    17.4    17.7     1.9    20.2 R    41.8     8.1    20.2
53149 200810  1.302 -111.2935   38.3028    17.6     4.5    11.0    11.1     8.5    15.9 R    30.1     2.2    11.6
53149 200811  1.302 -111.2935   38.3028    10.9     0.7     5.8     5.5    13.9    11.2 R    18.0    -2.0     4.5
53149 200812  1.302 -111.2935   38.3028     2.2    -6.9    -2.4    -2.6    17.9     9.2 R     6.4    -9.7    -4.3
53149 200901  1.302 -111.2935   38.3028     5.4    -4.4     0.5     0.2     4.5    11.1 R    10.4    -7.7    -2.1
53149 200902  1.302 -111.2935   38.3028     7.0    -4.0     1.5     1.6     4.4    14.1 R    18.0    -6.7     1.4
53149 200903  1.302 -111.2935   38.3028    12.3    -1.0     5.7     5.7     2.5    20.5 R    28.6    -3.4     7.7
53149 200904  1.302 -111.2935   38.3028    14.9     2.2     8.5     8.7    17.3    22.3 R    33.1    -0.3    11.7
53149 200905  1.302 -111.2935   38.3028    22.8    10.2    16.5    16.7    24.0    24.0 R    43.3     8.1    20.7
53149 200906  1.302 -111.2935   38.3028    24.1    11.4    17.7    18.1    28.6    22.7 R    43.3     9.9    21.8
53149 200907  1.302 -111.2935   38.3028    31.5    17.9    24.7    24.7     9.4    23.4 R    52.0    15.8    28.4
53149 200908  1.302 -111.2935   38.3028    29.4    15.6    22.5    22.7     1.7    22.9 R    48.2    13.4    26.0
53149 200909  1.302 -111.2935   38.3028    24.9    11.7    18.3    18.6    14.9    20.1 R    41.8     9.9    21.0
53149 200910  1.302 -111.2935   38.3028    15.0     3.6     9.3     9.3    10.4    15.5 R    27.0     1.4    10.2
53149 200911  1.302 -111.2935   38.3028    10.2    -1.4     4.4     4.2     0.4    11.5 R    18.9    -3.7     3.3
53149 200912  1.302 -111.2935   38.3028    -1.1    -9.4    -5.3    -5.3     9.2     8.5 R     6.7   -12.1    -6.7
53149 201001  1.302 -111.2935   38.3028     0.8    -7.7    -3.4    -3.5    34.8     9.0 R     6.4   -10.9    -5.1
53149 201002  1.302 -111.2935   38.3028     1.4    -6.5    -2.6    -2.6    29.1    12.7 R     3.6   -10.2    -4.9
53149 201003  1.302 -111.2935   38.3028     8.8    -1.5     3.7     3.4    38.2    17.8 R    22.5    -3.4     4.5
53149 201004  2.404 -111.2935   38.3028    14.5     1.4     7.9     8.4     7.1    23.6 R    34.9    -0.2    12.1
53149 201005  2.404 -111.2935   38.3028    18.8     5.2    12.0    12.3     2.0    29.7 R    40.4     3.8    17.6
53149 201006  2.404 -111.2935   38.3028    27.9    13.9    20.9    21.3    29.7    30.7 R    48.2    12.3    26.3
53149 201007  2.404 -111.2935   38.3028    30.6    17.1    23.9    23.8    25.6    25.6 R    50.4    15.9    27.9
53149 201008  2.404 -111.2935   38.3028    27.2    14.3    20.7    20.8    48.7    24.1 R    43.0    12.8    23.7
53149 201009  2.404 -111.2935   38.3028    26.8    11.5    19.1    19.5     0.8    24.7 R    42.9     9.9    22.3
53149 201010  2.404 -111.2935   38.3028    15.7     6.0    10.8    10.5    77.1    15.1 R    24.9     4.4    11.5
53149 201011  2.404 -111.2935   38.3028     7.1    -2.7     2.2     1.9    10.2    12.6 R    12.3    -4.4     1.5
53149 201012  2.404 -111.2935   38.3028     5.1    -2.7     1.2     1.0    12.7     8.5 R     8.1    -4.4     0.0
53149 201101  2.404 -111.2935   38.3028     2.1    -6.6    -2.2    -2.3     0.3    12.0 R     6.5    -8.7    -3.4
53149 201102  2.404 -111.2935   38.3028     4.2    -5.9    -0.8    -0.9    25.0    15.7 R    10.8    -8.1    -1.1
53149 201103  2.404 -111.2935   38.3028    11.4     0.1     5.8     5.6     5.7    19.3 R    23.5    -1.8     7.1
53149 201104  2.404 -111.2935   38.3028    14.5     1.6     8.1     8.0    21.8    24.0 R    30.5     0.2    11.4
53149 201105  2.404 -111.2935   38.3028    18.2     5.8    12.0    12.2    23.6    23.1 R    37.7     4.7    15.9
53149 201106  2.404 -111.2935   38.3028    27.2    12.1    19.7    20.2     2.3    27.6 R    48.9    10.5    25.3
53149 201107  2.404 -111.2935   38.3028    28.3    16.1    22.2    22.1    82.2    21.8 R    46.4    14.7    25.4
53149 201108  2.404 -111.2935   38.3028    29.5    16.0    22.7    22.7    42.8    20.7 R    47.0    14.3    25.0
53149 201109  2.404 -111.2935   38.3028    24.4    11.5    18.0    17.7    26.9    18.9 R    41.0    10.4    20.4
53149 201110  2.404 -111.2935   38.3028    17.0     5.1    11.1    11.0    14.6    15.3 R    31.3     3.9    12.3
53149 201111  2.404 -111.2935   38.3028     7.6    -2.2     2.7     2.4    17.3    11.1 R    16.2    -4.0     1.9
53149 201112  2.404 -111.2935   38.3028     2.2    -6.4    -2.1    -2.4    19.9     9.0 R     6.6    -8.8    -4.5
53149 201201  2.404 -111.2935   38.3028     5.3    -4.6     0.4     0.3     2.6    10.2 R    14.0    -6.5    -1.1
53149 201202  2.404 -111.2935   38.3028     5.8    -3.8     1.0     0.7     4.9    12.8 R    19.8    -5.6     1.6
53149 201203  2.404 -111.2935   38.3028    13.7     0.8     7.3     7.4     7.9    19.2 R    31.4    -1.1     9.3
53149 201204  2.404 -111.2935   38.3028    17.7     4.2    10.9    11.0     0.2    22.7 R    40.2     2.6    15.0
53149 201205  2.404 -111.2935   38.3028    23.7     9.4    16.5    17.0     6.6    27.2 R    47.4     7.5    22.0
53149 201206  2.414 -111.2935   38.3028    30.9    15.1    23.0    23.8     0.0    30.0 R    53.4    13.2    29.3
53149 201207  2.414 -111.2935   38.3028    29.4    16.6    23.0    22.9    56.0    21.4 C    45.4    15.4    26.2
53149 201208  2.414 -111.2935   38.3028    29.2    17.0    23.1    22.7    34.6    18.7 C    43.4    15.8    25.3
53149 201209  2.414 -111.2935   38.3028    25.2    12.0    18.6    18.7    17.5    19.1 C    38.2    10.8    21.1
53149 201210  2.414 -111.2935   38.3028    18.2     6.2    12.2    12.1    21.4    15.7 C    28.6     4.4    13.1
53149 201211  2.414 -111.2935   38.3028    10.8    -0.2     5.3     5.2     0.0    11.3 C    17.4    -2.1     4.8
53149 201212  2.414 -111.2935   38.3028     2.9    -6.0    -1.5    -1.8    11.1     8.2 C     5.3    -7.6    -2.7
53149 201301  2.414 -111.2935   38.3028    -0.1    -9.3    -4.7    -5.0     9.1     9.8 C     3.6   -10.8    -5.8
53149 201302  2.414 -111.2935   38.3028     4.1    -5.9    -0.9    -1.1     4.8    13.4 C    12.6    -8.0    -0.6
53149 201303  2.414 -111.2935   38.3028    12.6     0.0     6.3     6.3    17.2    17.8 C    24.7    -1.7     8.0
53149 201304  2.414 -111.2935   38.3028    15.7     2.6     9.2     9.3    12.5    21.8 C    31.2     1.4    12.7
53149 201305  2.414 -111.2935   38.3028    21.0     8.6    14.8    15.0    11.2    24.7 C    38.3     7.1    19.2
53149 201306  2.424 -111.2935   38.3028    30.9    15.3    23.1    23.8     0.0    28.4 C    49.0    13.4    28.4
53149 201307  2.424 -111.2935   38.3028    30.4    17.1    23.8    23.6    48.3    20.9 C    48.0    14.7    26.2
53149 201308  2.424 -111.2935   38.3028    27.1    15.6    21.4    21.3    29.0    17.3 C    42.7    13.6    23.4
53149 201309  2.424 -111.2935   38.3028    22.6    11.5    17.0    16.8   105.7    18.2 C    34.7     9.2    18.0
53149 201310  2.424 -111.2935   38.3028    14.8     3.5     9.1     9.2     4.3    15.7 C    27.1     0.6     9.7
53149 201311  2.424 -111.2935   38.3028     8.1    -1.4     3.3     3.1    35.3     9.9 C    12.3    -4.0     1.9
53149 201312  2.424 -111.2935   38.3028     0.2    -8.0    -3.9    -4.2     3.1     9.4 C     2.4   -10.7    -6.2
53149 201401  2.424 -111.2935   38.3028     6.4    -3.2     1.6     1.2     7.3    11.0 C     9.9    -7.9    -1.9
53149 201402  2.424 -111.2935   38.3028     9.6    -1.1     4.3     4.2     3.6    13.6 C    18.4    -5.4     2.8
53149 201403  2.424 -111.2935   38.3028    12.4    -0.3     6.0     6.0     2.1    19.1 C    28.0    -3.9     7.4
53149 201404  2.424 -111.2935   38.3028    15.5     3.5     9.5     9.5     4.9    21.1 C    33.2     0.0    12.1
53149 201405  2.424 -111.2935   38.3028    21.0     7.8    14.4    14.7    31.1    24.2 C    38.6     4.8    18.0
53149 201406  2.424 -111.2935   38.3028    28.6    13.5    21.1    21.6     0.2    28.2 C    49.2    10.9    26.0
53149 201407  2.424 -111.2935   38.3028    31.3    17.8    24.5    24.4    44.5    23.4 C    53.0    15.1    28.4
53149 201408  2.424 -111.2935   38.3028    26.7    14.4    20.5    20.7    26.4    21.1 C    41.6    12.4    23.3
53149 201409  2.424 -111.2935   38.3028    25.0    12.6    18.8    18.7    39.1    18.4 C    37.9    10.1    20.2
53149 201410  2.424 -111.2935   38.3028    19.0     6.5    12.7    12.7     0.0    15.6 C    30.3     3.8    13.0
53149 201411  2.424 -111.2935   38.3028     9.1    -1.3     3.9     4.0    10.3    10.6 C    15.0    -4.7     2.0
53149 201412  2.424 -111.2935   38.3028     3.4    -3.6    -0.1    -0.2    12.9     6.8 C     7.0    -6.4    -1.4
53149 201501  2.424 -111.2935   38.3028     4.1    -4.3    -0.1    -0.2    25.3     9.2 C     3.1    -7.7    -3.3
53149 201502  2.424 -111.2935   38.3028    10.0    -0.1     5.0     4.7    24.1    13.0 C    17.2    -4.1     2.9
53149 201503  2.424 -111.2935   38.3028    14.2     1.9     8.1     8.1    17.0    18.6 C    26.5    -1.3     8.9
53149 201504  2.424 -111.2935   38.3028    15.7     2.9     9.3     9.7     9.5    22.0 C    33.3     0.1    12.7
53149 201505  2.424 -111.2935   38.3028    18.6     7.1    12.8    12.8    22.2    20.6 C    36.6     5.2    16.4
53149 201506  2.424 -111.2935   38.3028    29.2    15.1    22.2    22.7    29.5    26.5 C    47.2    12.7    26.4
53149 201507  2.424 -111.2935   38.3028    28.3    15.4    21.8    21.7    74.5    22.6 C    44.7    13.2    24.8
53149 201508  2.424 -111.2935   38.3028    28.9    15.8    22.3    22.3    30.1    19.7 C    44.0    13.8    24.6
53149 201509  2.424 -111.2935   38.3028    26.8    13.4    20.1    20.1    18.9    19.4 C    40.3    11.0    21.6
53149 201510  2.424 -111.2935   38.3028    17.8     7.9    12.8    12.7    28.0    12.7 C    26.3     5.4    12.9
53149 201511  2.424 -111.2935   38.3028     7.1    -3.0     2.1     1.9     4.7    10.9 C    13.0    -5.8     0.7
53149 201512  2.424 -111.2935   38.3028     1.4    -7.1    -2.9    -3.1    19.9     8.0 C     2.6    -9.9    -5.2
53149 201601  2.424 -111.2935   38.3028     1.8    -6.9    -2.6    -2.7    20.0     9.0 C     0.3   -10.4    -5.9
53149 201602  2.424 -111.2935   38.3028     7.3    -3.1     2.1     1.9     5.6    14.1 C    12.0    -7.4    -0.4
53149 201603  2.424 -111.2935   38.3028    13.3     0.9     7.1     7.0     5.5    17.9 C    27.2    -2.2     8.2
53149 201604  2.424 -111.2935   38.3028    15.5     3.4     9.5     9.5    34.5    19.9 C    33.0     1.3    12.4
53149 201605  2.424 -111.2935   38.3028    19.6     7.1    13.3    13.5    11.9    23.0 C    37.6     4.9    17.2
53149 201606  2.424 -111.2935   38.3028    31.3    16.0    23.7    24.1    14.4    26.6 C    50.8    13.5    28.3
53149 201607  2.424 -111.2935   38.3028    30.7    17.3    24.0    24.2    43.5    23.8 C    47.4    14.6    26.9
53149 201608  2.424 -111.2935   38.3028    28.1    15.1    21.6    21.5    13.1    20.1 C    46.3    13.1    24.4
53149 201609  2.424 -111.2935   38.3028    23.4    11.0    17.2    17.3    50.8    17.9 C    36.9     8.6    19.0
53149 201610  2.424 -111.2935   38.3028    18.6     6.8    12.7    12.5     3.9    13.6 C    28.1     4.0    12.4
53149 201611  2.424 -111.2935   38.3028    10.5    -0.1     5.2     5.0    11.2    11.0 C    15.6    -2.6     3.8
53149 201612  2.424 -111.2935   38.3028     3.1    -6.5    -1.7    -1.7    10.2     8.5 C     4.4    -9.0    -3.7
53149 201701  2.424 -111.2935   38.3028     2.0    -5.8    -1.9    -1.8    20.0     8.2 C     2.9    -9.0    -3.7
53149 201702  2.424 -111.2935   38.3028     9.4    -0.5     4.5     4.4     1.5    12.7 C    18.4    -4.0     3.6
53149 201703  2.424 -111.2935   38.3028    15.2     2.8     9.0     8.9    16.2    17.8 C    29.2    -0.8     9.6
53149 201704  2.424 -111.2935   38.3028    15.8     2.8     9.3     9.4    12.4    22.0 C    32.2     0.4    12.2
53149 201705  2.424 -111.2935   38.3028    21.3     7.8    14.5    14.9    11.8    26.1 C    40.6     5.4    19.3
53149 201706  2.424 -111.2935   38.3028    30.7    15.4    23.1    23.8     2.5    28.2 C    50.8    12.4    28.2
53149 201707  2.424 -111.2935   38.3028    31.0    17.5    24.3    24.3    33.5    22.0 C    49.9    15.6    27.8
