03096 201007  6.101 -108.1268   39.7608 -9999.0 -9999.0 -9999.0 -9999.0 -9999.0 -9999.0 U -9999.0 -9999.0 -9999.0
03096 201008  6.101 -108.1268   39.7608    25.1    11.6    18.4    18.0    51.9 -9999.0 U -9999.0 -9999.0 -9999.0
03096 201009  6.101 -108.1268   39.7608    23.5    10.0    16.7    16.8    15.0 -9999.0 U -9999.0 -9999.0 -9999.0
03096 201010  6.101 -108.1268   39.7608    14.3     3.2     8.7     8.4    29.9 -9999.0 U -9999.0 -9999.0 -9999.0
03096 201011  6.101 -108.1268   39.7608     3.3    -5.5    -1.1    -1.0    64.3 -9999.0 U -9999.0 -9999.0 -9999.0
03096 201012  6.101 -108.1268   39.7608     1.9    -5.5    -1.8    -1.8    54.5 -9999.0 U -9999.0 -9999.0 -9999.0
03096 201101  6.101 -108.1268   39.7608    -0.7    -9.5    -5.1    -4.9    18.8 -9999.0 U -9999.0 -9999.0 -9999.0
03096 201102  6.101 -108.1268   39.7608    -0.7   -10.3    -5.5    -5.6    24.9 -9999.0 U -9999.0 -9999.0 -9999.0
03096 201103  6.101 -108.1268   39.7608     6.1    -3.4     1.4     1.2    58.4 -9999.0 U -9999.0 -9999.0 -9999.0
03096 201104  6.101 -108.1268   39.7608     9.2    -2.0     3.6     3.0    63.4 -9999.0 U -9999.0 -9999.0 -9999.0
03096 201105  6.101 -108.1268   39.7608    14.0     1.8     7.9     7.6    60.0 -9999.0 U -9999.0 -9999.0 -9999.0
03096 201106  6.101 -108.1268   39.7608    22.7     8.4    15.5    16.1    16.0 -9999.0 U -9999.0 -9999.0 -9999.0
03096 201107  6.101 -108.1268   39.7608    25.6    12.7    19.2    19.0    61.6 -9999.0 U -9999.0 -9999.0 -9999.0
03096 201108  6.101 -108.1268   39.7608    27.1    13.3    20.2    19.9    36.2 -9999.0 U -9999.0 -9999.0 -9999.0
03096 201109  6.101 -108.1268   39.7608    21.2     9.0    15.1    14.9    36.7 -9999.0 U -9999.0 -9999.0 -9999.0
03096 201110  6.101 -108.1268   39.7608    13.7     2.1     7.9     7.5    36.8 -9999.0 U -9999.0 -9999.0 -9999.0
03096 201111  6.101 -108.1268   39.7608     5.2    -4.1     0.6     0.3    40.5 -9999.0 U -9999.0 -9999.0 -9999.0
03096 201112  6.101 -108.1268   39.7608     0.7    -9.2    -4.3    -4.5    10.2 -9999.0 U -9999.0 -9999.0 -9999.0
03096 201201  6.101 -108.1268   39.7608     3.2    -6.7    -1.7    -1.9    16.0 -9999.0 U -9999.0 -9999.0 -9999.0
03096 201202  6.101 -108.1268   39.7608     1.6    -7.8    -3.1    -3.3    34.5 -9999.0 U -9999.0 -9999.0 -9999.0
03096 201203  6.101 -108.1268   39.7608    10.0    -1.3     4.4     4.4    16.1 -9999.0 U -9999.0 -9999.0 -9999.0
03096 201204  6.101 -108.1268   39.7608    14.6     0.8     7.7     7.9    28.4 -9999.0 U -9999.0 -9999.0 -9999.0
03096 201205  6.101 -108.1268   39.7608    19.7     5.1    12.4    12.6    12.0 -9999.0 U -9999.0 -9999.0 -9999.0
03096 201206  6.101 -108.1268   39.7608    27.9    12.0    20.0    20.2     2.7 -9999.0 U -9999.0 -9999.0 -9999.0
03096 201207  6.101 -108.1268   39.7608    28.3    14.1    21.2    20.4    54.5 -9999.0 U -9999.0 -9999.0 -9999.0
03096 201208  6.101 -108.1268   39.7608    26.9    14.1    20.5    20.0    21.2 -9999.0 U -9999.0 -9999.0 -9999.0
03096 201209  6.101 -108.1268   39.7608    22.1     9.5    15.8    15.5    27.7 -9999.0 U -9999.0 -9999.0 -9999.0
03096 201210  6.101 -108.1268   39.7608    13.9     1.9     7.9     7.9    19.4 -9999.0 U -9999.0 -9999.0 -9999.0
03096 201211  6.101 -108.1268   39.7608     9.5    -0.5     4.5     4.2    12.9 -9999.0 U -9999.0 -9999.0 -9999.0
03096 201212  6.101 -108.1268   39.7608    -0.4    -8.0    -4.2    -4.1    56.1 -9999.0 U -9999.0 -9999.0 -9999.0
03096 201301  6.101 -108.1268   39.7608    -1.3    -9.7    -5.5    -5.6    20.6 -9999.0 U -9999.0 -9999.0 -9999.0
03096 201302  6.101 -108.1268   39.7608    -0.1    -9.2    -4.7    -4.8    25.8 -9999.0 U -9999.0 -9999.0 -9999.0
03096 201303  6.101 -108.1268   39.7608     6.8    -3.7     1.5     1.6    17.4 -9999.0 U -9999.0 -9999.0 -9999.0
03096 201304  6.101 -108.1268   39.7608     8.7    -3.5     2.6     2.7    80.5 -9999.0 U -9999.0 -9999.0 -9999.0
03096 201305  6.101 -108.1268   39.7608    17.0     4.6    10.8    10.6    44.9 -9999.0 U -9999.0 -9999.0 -9999.0
03096 201306  6.101 -108.1268   39.7608    25.7    10.9    18.3    18.8     2.0 -9999.0 U -9999.0 -9999.0 -9999.0
03096 201307  6.101 -108.1268   39.7608    28.1    14.1    21.1    20.7    49.7 -9999.0 U -9999.0 -9999.0 -9999.0
03096 201308  6.101 -108.1268   39.7608    25.8    12.7    19.3    18.7    30.5 -9999.0 U -9999.0 -9999.0 -9999.0
03096 201309  6.101 -108.1268   39.7608    20.3     8.4    14.4    14.0   136.5 -9999.0 U -9999.0 -9999.0 -9999.0
03096 201310  6.101 -108.1268   39.7608    10.6     0.7     5.7     5.3    91.9 -9999.0 U -9999.0 -9999.0 -9999.0
03096 201311  6.101 -108.1268   39.7608     5.5    -3.5     1.0     0.6    31.6 -9999.0 U -9999.0 -9999.0 -9999.0
03096 201312  6.101 -108.1268   39.7608 -9999.0 -9999.0 -9999.0 -9999.0 -9999.0 -9999.0 U -9999.0 -9999.0 -9999.0
03096 201401  6.101 -108.1268   39.7608     2.1    -7.1    -2.5    -2.7    40.8 -9999.0 U -9999.0 -9999.0 -9999.0
03096 201402  6.101 -108.1268   39.7608     3.4    -5.7    -1.1    -1.0    18.9 -9999.0 U -9999.0 -9999.0 -9999.0
03096 201403  6.101 -108.1268   39.7608     7.5    -3.5     2.0     1.8    39.6 -9999.0 U -9999.0 -9999.0 -9999.0
03096 201404  6.101 -108.1268   39.7608    10.7    -0.7     5.0     4.7    40.9 -9999.0 U -9999.0 -9999.0 -9999.0
03096 201405  6.101 -108.1268   39.7608    16.4     4.7    10.6    10.7    64.1 -9999.0 U -9999.0 -9999.0 -9999.0
03096 201406  6.101 -108.1268   39.7608 -9999.0 -9999.0 -9999.0 -9999.0 -9999.0 -9999.0 U -9999.0 -9999.0 -9999.0
