53960 200301  1.001  -91.8731   30.0918 -9999.0 -9999.0 -9999.0 -9999.0 -9999.0 -9999.0 U -9999.0 -9999.0 -9999.0
53960 200302  1.001  -91.8731   30.0918    16.8     7.2    12.0    11.8 -9999.0    10.4 R -9999.0 -9999.0    12.4
53960 200303  1.001  -91.8731   30.0918    20.7    11.1    15.9    15.9 -9999.0    14.8 R -9999.0 -9999.0    16.0
53960 200304  1.001  -91.8731   30.0918    24.8    14.1    19.4    19.6   173.8    20.3 R -9999.0 -9999.0    19.9
53960 200305  1.001  -91.8731   30.0918    30.2    20.5    25.3    25.1    19.9    22.6 R -9999.0 -9999.0    27.7
53960 200306  1.001  -91.8731   30.0918    30.5    22.4    26.4    25.8   479.5    18.7 R -9999.0 -9999.0    27.9
53960 200307  1.001  -91.8731   30.0918    31.2    22.7    27.0    26.3   164.6    20.9 R -9999.0 -9999.0    28.1
53960 200308  1.101  -91.8731   30.0918    31.9    22.9    27.4    26.8   134.7    20.8 R -9999.0 -9999.0    28.2
53960 200309  1.101  -91.8731   30.0918    29.5    19.4    24.4    23.9   160.6    19.0 R -9999.0 -9999.0    24.9
53960 200310  1.101  -91.8731   30.0918    26.2    14.1    20.2    19.8   101.4    15.2 R -9999.0 -9999.0    20.0
53960 200311  1.101  -91.8731   30.0918    23.3    10.6    17.0    16.9   188.7    12.8 R -9999.0 -9999.0    16.6
53960 200312  1.101  -91.8731   30.0918    17.0     4.2    10.6    10.6    55.9    11.6 R -9999.0 -9999.0     9.9
53960 200401  1.101  -91.8731   30.0918    16.8     5.8    11.3    11.1    91.1    10.3 R -9999.0 -9999.0    11.4
53960 200402  1.101  -91.8731   30.0918    15.5     6.3    10.9    10.9   231.6    10.0 R -9999.0 -9999.0    11.2
53960 200403  1.101  -91.8731   30.0918    23.6    12.5    18.0    18.0    32.5    17.0 R -9999.0 -9999.0    18.0
53960 200404  1.101  -91.8731   30.0918    24.8    13.5    19.1    19.2   140.0    20.1 R -9999.0 -9999.0    20.3
53960 200405  1.101  -91.8731   30.0918    28.2    18.5    23.3    23.1   237.8    21.3 R -9999.0 -9999.0    24.9
53960 200406  1.201  -91.8731   30.0918    30.5    22.1    26.3    25.9   306.3    18.2 R -9999.0 -9999.0    28.3
53960 200407  1.201  -91.8731   30.0918    31.9    22.7    27.3    26.9    83.4    20.8 R -9999.0 -9999.0    27.7
53960 200408  1.201  -91.8731   30.0918    31.9    20.7    26.3    26.0    57.2    21.7 R -9999.0 -9999.0    30.0
53960 200409  1.201  -91.8731   30.0918    31.3    20.2    25.7    25.1    43.7    18.0 R -9999.0 -9999.0    27.4
53960 200410  1.201  -91.8731   30.0918    28.2    19.2    23.7    23.4   360.4    12.8 R -9999.0 -9999.0    24.1
53960 200411  1.201  -91.8731   30.0918    22.6    12.6    17.6    17.3   102.1    10.4 R -9999.0 -9999.0    17.5
53960 200412  1.201  -91.8731   30.0918    16.6     5.3    10.9    11.0    45.5     9.8 R -9999.0 -9999.0    10.5
53960 200501  1.201  -91.8731   30.0918    18.0     8.7    13.4    13.0    99.6     8.3 R -9999.0 -9999.0    12.9
53960 200502  1.201  -91.8731   30.0918    18.1    10.0    14.0    13.8   152.2     9.7 R -9999.0 -9999.0    13.7
53960 200503  1.201  -91.8731   30.0918    20.3     9.9    15.1    15.0    72.1    14.8 R -9999.0 -9999.0    15.1
53960 200504  1.201  -91.8731   30.0918    24.7    12.5    18.6    19.1    56.6    20.2 R -9999.0 -9999.0    19.3
53960 200505  1.201  -91.8731   30.0918    28.9    17.4    23.1    22.9    80.7    22.3 R -9999.0 -9999.0    24.3
53960 200506  1.201  -91.8731   30.0918    32.2    21.3    26.7    26.3   146.7    22.3 R -9999.0 -9999.0    28.7
53960 200507  1.201  -91.8731   30.0918    32.6    23.1    27.8    27.2   146.6    21.2 R -9999.0 -9999.0    29.1
53960 200508  1.201  -91.8731   30.0918    33.4    22.6    28.0    27.2    66.8    19.2 R -9999.0 -9999.0    31.2
53960 200509  1.201  -91.8731   30.0918    31.8    21.6    26.7    26.3   347.0    19.0 R -9999.0 -9999.0    28.3
53960 200510  1.201  -91.8731   30.0918    26.7    13.2    19.9    19.3    12.6    18.3 R -9999.0 -9999.0    20.1
53960 200511  1.201  -91.8731   30.0918    22.5    10.4    16.4    16.1    86.6    11.9 R -9999.0 -9999.0    16.5
53960 200512  1.201  -91.8731   30.0918    16.7     4.4    10.6    10.8    84.4     9.7 R -9999.0 -9999.0    10.9
53960 200601  1.301  -91.8731   30.0918    20.2     7.5    13.8    14.2    57.0    10.8 R -9999.0 -9999.0    13.4
53960 200602  1.301  -91.8731   30.0918    17.4     6.5    12.0    12.0    92.4    12.9 R    23.9     4.4    12.0
53960 200603  1.301  -91.8731   30.0918    23.0    12.1    17.5    17.7     9.5    15.9 R    29.3     9.2    17.5
53960 200604  1.301  -91.8731   30.0918    27.8    15.8    21.8    21.7   170.1    21.1 R    37.4    13.8    22.6
53960 200605  1.301  -91.8731   30.0918    29.1    17.6    23.3    23.3    74.8    22.2 R    39.7    16.3    24.6
53960 200606  1.301  -91.8731   30.0918    32.9    20.1    26.5    26.4    73.5    23.4 R    51.1    18.8    29.7
53960 200607  1.301  -91.8731   30.0918    31.5    22.7    27.1    26.4   187.9    18.1 R    38.9    22.7    27.7
53960 200608  1.301  -91.8731   30.0918    32.9    22.5    27.7    26.9    94.6    20.4 R    45.3    22.3    29.2
53960 200609  1.301  -91.8731   30.0918    30.0    19.0    24.5    24.1   120.3    18.6 R    42.5    17.7    25.9
53960 200610  1.301  -91.8731   30.0918    26.5    14.8    20.6    20.4   215.7    14.3 R    35.2    13.3    21.2
53960 200611  1.301  -91.8731   30.0918    21.7     8.0    14.8    14.5    40.0    13.7 R    26.8     5.9    14.1
53960 200612  1.301  -91.8731   30.0918    17.2     6.7    12.0    11.8   273.3     8.9 R    21.7     4.3    11.3
53960 200701  1.302  -91.8731   30.0918    14.9     7.2    11.0    11.0   249.7     7.3 R    19.0     6.0    11.5
53960 200702  1.302  -91.8731   30.0918    17.4     5.8    11.6    11.6    32.9    12.8 R    22.8     3.2    11.0
53960 200703  1.302  -91.8731   30.0918    23.4    12.0    17.7    17.5    48.2    16.4 R    31.3     9.1    17.1
53960 200704  1.302  -91.8731   30.0918    23.9    12.5    18.2    18.3   138.5    19.9 R    43.1     9.9    21.2
53960 200705  1.302  -91.8731   30.0918    28.5    18.0    23.3    22.8   191.1    20.2 R    37.9    16.0    23.7
53960 200706  1.302  -91.8731   30.0918    31.0    21.5    26.3    25.7   160.2    20.0 R    40.8    20.8    27.3
53960 200707  1.302  -91.8731   30.0918    30.9    22.4    26.6    26.0   187.5    17.7 R    40.5    21.9    27.2
53960 200708  1.302  -91.8731   30.0918    33.3    23.4    28.3    27.4   168.6    20.5 R    48.6    22.8    30.1
53960 200709  1.302  -91.8731   30.0918    30.5    21.1    25.8    25.0   183.2    16.8 R    41.6    20.4    26.7
53960 200710  1.302  -91.8731   30.0918    26.8    14.8    20.8    20.4    56.8    16.1 R    35.2    13.1    20.9
53960 200711  1.302  -91.8731   30.0918    21.7     9.8    15.8    15.5    92.3    11.4 R    29.7     8.0    15.7
53960 200712  1.302  -91.8731   30.0918    20.0     8.7    14.3    14.0    95.9     9.0 R    24.3     6.8    13.8
53960 200801  1.302  -91.8731   30.0918    15.4     5.6    10.5    10.4   193.7     9.3 R    20.7     3.3    10.3
53960 200802  1.302  -91.8731   30.0918    20.4     8.3    14.4    14.5    64.3    14.2 R    25.6     5.8    14.2
53960 200803  1.302  -91.8731   30.0918    22.2    10.2    16.2    16.3    72.2    19.0 R    32.4     7.5    16.9
53960 200804  1.302  -91.8731   30.0918    25.3    14.0    19.6    19.7    75.2    20.6 R    36.5    11.8    20.7
53960 200805  1.302  -91.8731   30.0918    28.4    18.4    23.4    23.6   134.4    21.4 R    38.9    17.0    25.4
53960 200806  1.302  -91.8731   30.0918    31.7    21.8    26.7    26.0   134.7    22.1 R    42.5    21.2    27.9
53960 200807  1.302  -91.8731   30.0918    32.7    22.2    27.4    26.9    39.3    23.0 R    45.0    21.2    29.1
53960 200808  1.302  -91.8731   30.0918    31.6    22.2    26.9    26.3   200.2    18.6 R    46.9    22.0    28.9
53960 200809  1.302  -91.8731   30.0918    28.9    19.8    24.3    23.9   313.7    16.8 R    37.2    20.8    26.7
53960 200810  1.302  -91.8731   30.0918    25.7    12.6    19.1    18.7    41.5    16.8 R    32.0    11.4    19.3
53960 200811  1.302  -91.8731   30.0918    21.1     7.8    14.5    14.3    55.1    12.7 R    30.4     5.9    14.8
53960 200812  1.302  -91.8731   30.0918    18.8     7.5    13.1    13.2   133.5     8.7 R    26.1     6.9    14.3
53960 200901  1.302  -91.8731   30.0918    18.1     5.7    11.9    11.6    40.6    11.6 R    24.8     4.3    12.2
53960 200902  1.302  -91.8731   30.0918    19.7     8.4    14.1    14.3    53.9    13.6 R    25.8     5.5    14.0
53960 200903  1.302  -91.8731   30.0918    22.4    11.8    17.1    16.8   214.9    16.8 R    29.8    10.3    17.6
53960 200904  1.302  -91.8731   30.0918    24.7    14.0    19.3    19.4   120.9    21.5 R    37.1    11.8    20.8
53960 200905  2.402  -91.8731   30.0918    29.0    18.8    23.9    23.7    28.3    23.3 R    39.1    17.6    25.4
53960 200906  2.402  -91.8731   30.0918    33.6    21.0    27.3    26.9    46.9 -9999.0 R    47.5    19.9    29.9
53960 200907  2.402  -91.8731   30.0918    32.5    23.0    27.7    27.2   210.2    21.2 R    40.5    22.7    28.9
53960 200908  2.402  -91.8731   30.0918    32.2    21.9    27.0    26.2    90.7    19.7 R    42.3    21.4    28.1
53960 200909  2.402  -91.8731   30.0918    29.9    21.0    25.5    24.6   204.0    16.0 R    38.5    20.6    26.0
53960 200910  2.402  -91.8731   30.0918    25.6    15.9    20.7    20.5   364.9    13.4 R    29.6    15.3    20.9
53960 200911  2.402  -91.8731   30.0918    21.0     8.8    14.9    14.6    39.6    12.7 R    27.5     7.2    14.7
53960 200912  2.402  -91.8731   30.0918    15.0     5.8    10.4    10.3   425.9     8.2 R    19.2     4.8    10.6
53960 201001  2.402  -91.8731   30.0918    14.0     2.7     8.4     8.3    67.5    11.2 R    20.6     0.7     8.4
53960 201002  2.402  -91.8731   30.0918    13.1     2.9     8.0     8.0   156.0    12.7 R    21.5     0.9     8.6
53960 201003  2.402  -91.8731   30.0918    18.9     7.3    13.1    13.3    51.6    17.4 R    29.2     5.0    13.9
53960 201004  2.402  -91.8731   30.0918    26.1    14.2    20.2    20.1    45.3    20.4 R    37.9    12.0    21.4
53960 201005  2.402  -91.8731   30.0918    31.2    20.0    25.6    25.1   111.6    21.9 R    43.9    18.4    27.1
53960 201006  2.402  -91.8731   30.0918    32.5    23.5    28.0    27.5   274.0    20.8 R    37.9    22.6    28.0
53960 201007  2.402  -91.8731   30.0918    32.7    23.6    28.1    27.4   159.0    20.7 R    39.4    22.7    28.4
53960 201008  2.402  -91.8731   30.0918    33.5    23.7    28.6    27.8   148.4    19.1 R    43.3    23.2    29.4
53960 201009  2.402  -91.8731   30.0918    31.6    20.6    26.1    25.2    79.6    18.9 R    42.9    19.6    26.6
53960 201010  2.402  -91.8731   30.0918    27.4    12.5    19.9    19.5    38.3    17.8 R    40.0    11.2    21.0
53960 201011  2.402  -91.8731   30.0918    21.6     9.3    15.4    15.2   146.3    12.0 R    26.2     8.0    15.2
53960 201012  2.402  -91.8731   30.0918    16.2     3.9    10.1    10.0   104.6    10.9 R    20.2     1.9     9.5
53960 201101  2.402  -91.8731   30.0918    14.9     3.6     9.3     9.2   130.3    10.4 R    19.8     1.2     8.8
53960 201102  2.402  -91.8731   30.0918    17.4     6.0    11.7    11.7    40.1    12.5 R    23.6     4.1    11.8
53960 201103  2.402  -91.8731   30.0918    23.3    11.9    17.6    17.8    62.5    18.1 R    29.2    10.2    18.0
53960 201104  2.402  -91.8731   30.0918    27.4    15.9    21.6    21.9    18.3    20.9 R    37.4    14.2    23.1
53960 201105  2.402  -91.8731   30.0918    29.4    18.2    23.8    23.6    17.8    24.9 R    50.2    16.4    28.1
53960 201106  2.402  -91.8731   30.0918    33.7    22.2    27.9    27.6    64.3    22.7 R    55.7    21.5    32.3
53960 201107  2.402  -91.8731   30.0918    32.0    23.2    27.6    26.7   163.0    17.7 R    42.1    23.2    28.5
53960 201108  2.402  -91.8731   30.0918    34.8    23.1    29.0    28.4    25.4    22.5 R    41.3    22.6    29.4
53960 201109  2.402  -91.8731   30.0918    29.7    18.0    23.8    23.4   197.6    19.2 R    34.6    17.1    23.9
53960 201110  2.402  -91.8731   30.0918    26.1    10.6    18.4    18.0     9.3    18.0 R    35.0     9.6    19.3
53960 201111  2.402  -91.8731   30.0918    22.5     9.2    15.8    15.8    90.3    12.9 R    28.4     8.3    16.4
53960 201112  2.402  -91.8731   30.0918    17.9     7.1    12.5    12.3    78.3     8.5 R    23.4     6.0    12.5
53960 201201  2.402  -91.8731   30.0918    19.7     8.6    14.2    14.2   128.8    10.0 R    25.5     6.1    13.6
53960 201202  2.402  -91.8731   30.0918    19.1    10.5    14.8    14.7   151.1     9.4 R    24.5     9.0    14.9
53960 201203  2.402  -91.8731   30.0918    25.2    14.5    19.8    19.6   101.3    15.4 R    30.4    12.9    19.3
53960 201204  2.402  -91.8731   30.0918    26.3    15.1    20.7    20.8   132.5    21.1 R    38.0    14.2    22.6
53960 201205  2.402  -91.8731   30.0918    29.6    18.6    24.1    23.9   101.3    21.2 R    39.2    18.0    25.5
53960 201206  2.402  -91.8731   30.0918    32.0    20.8    26.4    26.0    57.0    22.1 R    45.5    21.0    29.3
53960 201207  2.402  -91.8731   30.0918    31.8    22.4    27.1    26.4   135.8    17.8 R    41.9    22.9    28.7
53960 201208  2.402  -91.8731   30.0918    31.6    22.6    27.1    26.4   272.4    16.6 R    42.8    23.1    29.0
53960 201209  2.402  -91.8731   30.0918    30.5    19.8    25.2    24.5   158.2    17.6 R    39.0    19.7    27.1
53960 201210  2.402  -91.8731   30.0918    26.3    12.8    19.6    19.1    20.7    16.1 R    34.0    12.2    21.3
53960 201211  2.422  -91.8731   30.0918    22.5     7.7    15.1    14.5    47.9    13.2 U -9999.0 -9999.0 -9999.0
53960 201212  2.422  -91.8731   30.0918    19.7     7.7    13.7    13.8   209.0     9.1 C    24.3     5.4    13.3
53960 201301  2.422  -91.8731   30.0918    17.5     8.1    12.8    12.5   319.3     8.5 C    21.5     6.3    12.2
53960 201302  2.422  -91.8731   30.0918    18.9     8.6    13.8    13.7   169.8    11.9 C    24.3     5.9    13.4
53960 201303  2.422  -91.8731   30.0918    20.3     7.5    13.9    14.1    81.4    19.6 C    27.4     4.9    14.2
53960 201304  2.422  -91.8731   30.0918    23.9    13.2    18.6    18.7   188.6    18.9 C    29.1    11.1    18.4
53960 201305  2.422  -91.8731   30.0918    27.1    17.2    22.2    22.1   201.2    22.9 C    32.4    16.2    22.7
53960 201306  2.422  -91.8731   30.0918    32.0    21.9    27.0    26.6    84.3    23.1 C    42.6    21.1    28.5
53960 201307  2.422  -91.8731   30.0918    31.9    21.9    26.9    26.3    77.9    21.1 C    43.6    21.1    28.6
53960 201308  2.422  -91.8731   30.0918    32.2    22.0    27.1    26.3   178.5    20.5 C    44.6    21.6    28.9
53960 201309  2.422  -91.8731   30.0918    31.7    20.7    26.2    25.4   101.4    18.8 C    41.7    20.4    27.3
53960 201310  2.422  -91.8731   30.0918    26.8    15.1    20.9    20.3   149.4    14.9 C    30.5    14.2    20.6
53960 201311  2.422  -91.8731   30.0918    19.8     7.7    13.7    13.2    41.9    12.2 C    27.5     6.9    14.3
53960 201312  2.422  -91.8731   30.0918    15.9     5.5    10.7    10.5    55.8     7.5 C    19.9     5.3    11.3
53960 201401  2.422  -91.8731   30.0918    13.9     0.1     7.0     7.5    63.3    10.9 C    18.4    -1.0     7.6
53960 201402  2.422  -91.8731   30.0918    16.8     6.1    11.5    11.5   183.1     9.8 C    21.2     5.7    12.2
53960 201403  2.422  -91.8731   30.0918    20.0     8.1    14.0    14.1    64.4    14.3 C    24.3     7.2    14.7
53960 201404  2.422  -91.8731   30.0918    24.5    14.0    19.3    19.4    73.6    19.0 C    34.9    13.6    21.5
53960 201405  2.422  -91.8731   30.0918    28.0    16.8    22.4    22.5   178.2    21.6 C    41.1    15.9    25.2
53960 201406  2.422  -91.8731   30.0918    31.1    21.9    26.5    26.0   277.9    20.5 C    41.3    21.9    28.3
53960 201407  2.422  -91.8731   30.0918    31.6    21.4    26.5    26.0   308.2    20.8 C    44.0    21.4    29.1
53960 201408  2.422  -91.8731   30.0918    31.7    22.5    27.1    26.4   137.4    18.0 C    40.5    22.5    28.3
53960 201409  2.422  -91.8731   30.0918    30.4    20.8    25.6    24.8    45.3    16.8 C    38.9    20.6    26.5
53960 201410  2.422  -91.8731   30.0918    27.3    14.3    20.8    20.3    40.0    17.2 C    36.9    13.3    21.9
53960 201411  2.422  -91.8731   30.0918    18.7     6.1    12.4    12.5    98.6    11.5 C    25.8     5.2    13.4
53960 201412  2.422  -91.8731   30.0918    18.8     7.7    13.3    13.1    50.7     8.0 C    23.7     7.0    13.7
53960 201501  2.422  -91.8731   30.0918    15.1     4.1     9.6     9.5   130.3     9.8 C    18.9     3.2     9.8
53960 201502  2.422  -91.8731   30.0918    15.8     4.3    10.0     9.9    69.6    12.4 C    20.4     3.4    10.5
53960 201503  2.422  -91.8731   30.0918    23.3    12.3    17.8    17.5   104.0    14.1 C    27.4    11.8    18.0
53960 201504  2.422  -91.8731   30.0918    26.0    17.1    21.6    21.3   334.7    15.0 C    34.6    16.9    23.1
53960 201505  2.422  -91.8731   30.0918    29.2    19.5    24.4    23.8   299.8    18.4 C    35.1    19.4    25.1
53960 201506  2.422  -91.8731   30.0918    31.4    21.8    26.6    25.9   228.1    19.9 C    39.1    21.4    27.5
53960 201507  2.422  -91.8731   30.0918    33.6    23.1    28.4    27.9    34.1    22.5 C    43.2    22.6    30.2
53960 201508  2.422  -91.8731   30.0918    33.3    21.6    27.4    26.8   138.6    19.7 C    43.9    21.0    29.2
53960 201509  2.422  -91.8731   30.0918    30.4    20.0    25.2    24.6    45.4    17.1 C    38.1    19.3    26.3
53960 201510  2.422  -91.8731   30.0918    27.5    15.0    21.2    21.0   264.7    14.0 C    36.7    13.8    22.6
53960 201511  2.422  -91.8731   30.0918    23.2    13.5    18.4    18.1   394.9    10.2 C    27.8    12.7    18.7
53960 201512  2.422  -91.8731   30.0918    21.1    11.3    16.2    15.9   113.6     8.8 C    24.9    10.4    16.3
53960 201601  2.422  -91.8731   30.0918    16.3     4.7    10.5    10.3   179.8    11.2 C    21.3     3.7    11.1
53960 201602  2.422  -91.8731   30.0918    19.8     6.9    13.3    13.5   168.5    15.0 C    24.9     5.8    14.3
53960 201603  2.422  -91.8731   30.0918    23.4    13.8    18.6    18.7   108.8    13.7 C    28.3    13.1    19.8
53960 201604  2.422  -91.8731   30.0918    26.0    15.4    20.7    20.6   180.0    18.3 C    32.1    14.9    22.2
53960 201605  2.422  -91.8731   30.0918    28.2    18.2    23.2    23.2   141.3    21.0 C    35.4    17.8    25.4
53960 201606  2.422  -91.8731   30.0918    31.5    22.2    26.8    26.2   169.8    19.4 C    39.6    21.9    28.4
53960 201607  2.422  -91.8731   30.0918    32.6    23.2    27.9    27.2   216.4    19.8 C    40.7    23.0    29.5
53960 201608  2.422  -91.8731   30.0918    31.7    23.1    27.4    26.5 -9999.0    16.0 C    39.4    22.9    28.5
53960 201609  2.422  -91.8731   30.0918    31.7    21.7    26.7    25.8   181.9    18.5 C    39.9    21.3    28.2
53960 201610  2.422  -91.8731   30.0918    29.0    14.9    21.9    21.3     9.3    16.9 C    36.6    14.1    23.2
53960 201611  2.422  -91.8731   30.0918    24.0    10.7    17.3    16.9    44.4    11.6 C    30.1     9.8    18.1
53960 201612  2.422  -91.8731   30.0918    19.6     9.9    14.7    14.4   218.5     7.1 C    23.3     9.5    15.1
53960 201701  2.422  -91.8731   30.0918    20.2     9.8    15.0    14.9    67.0     9.9 C    24.0     9.1    15.5
53960 201702  2.422  -91.8731   30.0918    22.6    12.3    17.5    17.4    65.4    11.7 C    27.5    11.7    18.3
53960 201703  2.422  -91.8731   30.0918    23.8    13.5    18.6    18.6    55.7    15.4 C    29.3    12.8    19.8
53960 201704  2.422  -91.8731   30.0918    26.8    15.1    21.0    21.2    82.1    19.7 C    33.0    14.5    22.7
53960 201705  2.422  -91.8731   30.0918    27.6    17.3    22.4    22.5   286.6    21.1 C    34.2    16.7    24.4
53960 201706  2.422  -91.8731   30.0918    30.0    21.8    25.9    25.4   323.4    17.6 C    36.4    21.3    26.9
53960 201707  2.422  -91.8731   30.0918    32.3    22.9    27.6    26.8   171.8    20.2 C    41.0    22.5    29.3
