03080 200907  6.101 -108.7771   33.7149 -9999.0 -9999.0 -9999.0 -9999.0 -9999.0 -9999.0 U -9999.0 -9999.0 -9999.0
03080 200908  6.101 -108.7771   33.7149    30.6     9.6    20.1    20.3   137.4 -9999.0 U -9999.0 -9999.0 -9999.0
03080 200909  6.101 -108.7771   33.7149    25.8     5.5    15.7    15.3    36.5 -9999.0 U -9999.0 -9999.0 -9999.0
03080 200910  6.101 -108.7771   33.7149    20.7    -1.3     9.7     9.9    14.6 -9999.0 U -9999.0 -9999.0 -9999.0
03080 200911  6.101 -108.7771   33.7149    17.8    -6.5     5.6     4.7     5.0 -9999.0 U -9999.0 -9999.0 -9999.0
03080 200912  6.101 -108.7771   33.7149     8.6    -9.7    -0.6    -1.0    40.3 -9999.0 U -9999.0 -9999.0 -9999.0
03080 201001  6.101 -108.7771   33.7149    10.0    -8.8     0.6    -0.3   127.7 -9999.0 U -9999.0 -9999.0 -9999.0
03080 201002  6.101 -108.7771   33.7149     9.9    -7.6     1.2     1.0    24.5 -9999.0 U -9999.0 -9999.0 -9999.0
03080 201003  6.101 -108.7771   33.7149    14.5    -6.1     4.2     4.3    31.0 -9999.0 U -9999.0 -9999.0 -9999.0
03080 201004  6.101 -108.7771   33.7149    19.6    -2.4     8.6     9.5    16.6 -9999.0 U -9999.0 -9999.0 -9999.0
03080 201005  6.101 -108.7771   33.7149    24.5    -0.5    12.0    13.7     5.0 -9999.0 U -9999.0 -9999.0 -9999.0
03080 201006  6.101 -108.7771   33.7149    31.2     5.2    18.2    19.8     0.6 -9999.0 U -9999.0 -9999.0 -9999.0
03080 201007  6.101 -108.7771   33.7149    30.7    12.5    21.6    20.9    41.5 -9999.0 U -9999.0 -9999.0 -9999.0
03080 201008  6.101 -108.7771   33.7149    30.3    11.3    20.8    20.3    33.2 -9999.0 U -9999.0 -9999.0 -9999.0
03080 201009  6.101 -108.7771   33.7149    29.8     7.0    18.4    18.7    21.7 -9999.0 U -9999.0 -9999.0 -9999.0
03080 201010  6.101 -108.7771   33.7149    23.4     0.6    12.0    12.0     1.3 -9999.0 U -9999.0 -9999.0 -9999.0
03080 201011  6.101 -108.7771   33.7149    15.0    -9.9     2.5     3.1     1.0 -9999.0 U -9999.0 -9999.0 -9999.0
03080 201012  6.101 -108.7771   33.7149    14.1    -7.5     3.3     2.8    30.3 -9999.0 U -9999.0 -9999.0 -9999.0
03080 201101  6.101 -108.7771   33.7149    10.8   -11.4    -0.3    -1.4     5.6 -9999.0 U -9999.0 -9999.0 -9999.0
03080 201102  6.101 -108.7771   33.7149    11.6   -10.6     0.5     0.7    14.1 -9999.0 U -9999.0 -9999.0 -9999.0
03080 201103  6.101 -108.7771   33.7149    19.9    -6.4     6.7     7.7     1.9 -9999.0 U -9999.0 -9999.0 -9999.0
03080 201104  6.101 -108.7771   33.7149    22.5    -0.9    10.8    12.3     2.6 -9999.0 U -9999.0 -9999.0 -9999.0
03080 201105  6.101 -108.7771   33.7149    24.6    -0.8    11.9    14.1     1.3 -9999.0 U -9999.0 -9999.0 -9999.0
03080 201106  6.101 -108.7771   33.7149    32.8     4.8    18.8    21.1     0.0 -9999.0 U -9999.0 -9999.0 -9999.0
03080 201107  6.101 -108.7771   33.7149    32.1    13.1    22.6    22.1    52.9 -9999.0 U -9999.0 -9999.0 -9999.0
03080 201108  6.101 -108.7771   33.7149    31.4    13.4    22.4    21.0    90.7 -9999.0 U -9999.0 -9999.0 -9999.0
03080 201109  6.101 -108.7771   33.7149    26.8     7.3    17.0    16.4    41.8 -9999.0 U -9999.0 -9999.0 -9999.0
03080 201110  6.101 -108.7771   33.7149    22.5    -1.1    10.7    10.4    37.9 -9999.0 U -9999.0 -9999.0 -9999.0
03080 201111  6.101 -108.7771   33.7149    14.5    -5.7     4.4     4.0    32.5 -9999.0 U -9999.0 -9999.0 -9999.0
03080 201112  6.101 -108.7771   33.7149     8.4    -8.5    -0.1    -1.1    65.8 -9999.0 U -9999.0 -9999.0 -9999.0
03080 201201  6.101 -108.7771   33.7149    13.5    -8.5     2.5     1.7    16.6 -9999.0 U -9999.0 -9999.0 -9999.0
03080 201202  6.101 -108.7771   33.7149    13.3    -9.0     2.1     2.2     3.0 -9999.0 U -9999.0 -9999.0 -9999.0
03080 201203  6.101 -108.7771   33.7149    17.6    -7.7     4.9     5.7    10.6 -9999.0 U -9999.0 -9999.0 -9999.0
03080 201204  6.101 -108.7771   33.7149    23.3    -2.6    10.3    11.6     0.7 -9999.0 U -9999.0 -9999.0 -9999.0
03080 201205  6.101 -108.7771   33.7149    27.3     1.3    14.3    16.2     1.5 -9999.0 U -9999.0 -9999.0 -9999.0
03080 201206  6.101 -108.7771   33.7149    33.8     6.3    20.0    21.9     1.4 -9999.0 U -9999.0 -9999.0 -9999.0
03080 201207  6.101 -108.7771   33.7149    30.6    13.2    21.9    21.2    68.2 -9999.0 U -9999.0 -9999.0 -9999.0
03080 201208  6.101 -108.7771   33.7149    31.0    12.1    21.5    20.8    68.8 -9999.0 U -9999.0 -9999.0 -9999.0
03080 201209  6.101 -108.7771   33.7149    26.9     6.9    16.9    16.7    57.9 -9999.0 U -9999.0 -9999.0 -9999.0
03080 201210  6.101 -108.7771   33.7149    24.6    -2.1    11.3    11.6     0.0 -9999.0 U -9999.0 -9999.0 -9999.0
03080 201211  6.101 -108.7771   33.7149    18.2    -6.2     6.0     5.2    13.1 -9999.0 U -9999.0 -9999.0 -9999.0
03080 201212  6.101 -108.7771   33.7149    10.9    -8.8     1.1     0.4    35.3 -9999.0 U -9999.0 -9999.0 -9999.0
03080 201301  6.101 -108.7771   33.7149     9.6   -11.6    -1.0    -1.7    33.1 -9999.0 U -9999.0 -9999.0 -9999.0
03080 201302  6.101 -108.7771   33.7149    10.9   -10.3     0.3     0.5     8.8 -9999.0 U -9999.0 -9999.0 -9999.0
03080 201303  6.101 -108.7771   33.7149    18.6    -4.9     6.8     7.2    18.1 -9999.0 U -9999.0 -9999.0 -9999.0
03080 201304  6.101 -108.7771   33.7149    21.1    -2.2     9.4    10.8    11.2 -9999.0 U -9999.0 -9999.0 -9999.0
03080 201305  6.101 -108.7771   33.7149    26.0     1.6    13.8    15.4     3.8 -9999.0 U -9999.0 -9999.0 -9999.0
03080 201306  6.101 -108.7771   33.7149    33.6     7.1    20.3    22.1     1.3 -9999.0 U -9999.0 -9999.0 -9999.0
03080 201307  6.101 -108.7771   33.7149    29.5    13.7    21.6    20.5    76.4 -9999.0 U -9999.0 -9999.0 -9999.0
03080 201308  6.101 -108.7771   33.7149    28.8    12.2    20.5    19.7   109.5 -9999.0 U -9999.0 -9999.0 -9999.0
03080 201309  6.101 -108.7771   33.7149    25.5     8.3    16.9    16.4   129.6 -9999.0 U -9999.0 -9999.0 -9999.0
03080 201310  6.101 -108.7771   33.7149    20.8    -3.5     8.7     9.2     0.8 -9999.0 U -9999.0 -9999.0 -9999.0
03080 201311  6.101 -108.7771   33.7149    15.0    -4.0     5.5     4.9    46.0 -9999.0 U -9999.0 -9999.0 -9999.0
03080 201312  6.101 -108.7771   33.7149    11.0    -8.5     1.3     0.5    17.2 -9999.0 U -9999.0 -9999.0 -9999.0
03080 201401  6.101 -108.7771   33.7149    14.7   -10.8     1.9     1.0     0.0 -9999.0 U -9999.0 -9999.0 -9999.0
03080 201402  6.101 -108.7771   33.7149    16.2    -6.6     4.8     5.0     2.0 -9999.0 U -9999.0 -9999.0 -9999.0
03080 201403  6.101 -108.7771   33.7149    17.7    -5.0     6.4     6.8    18.6 -9999.0 U -9999.0 -9999.0 -9999.0
03080 201404  6.101 -108.7771   33.7149    20.8    -3.2     8.8    10.1     1.3 -9999.0 U -9999.0 -9999.0 -9999.0
03080 201405  6.101 -108.7771   33.7149    25.1     0.6    12.9    14.5     0.3 -9999.0 U -9999.0 -9999.0 -9999.0
03080 201406  6.101 -108.7771   33.7149 -9999.0 -9999.0 -9999.0 -9999.0 -9999.0 -9999.0 U -9999.0 -9999.0 -9999.0
