94097 201109  6.101 -112.6774   40.6364 -9999.0 -9999.0 -9999.0 -9999.0 -9999.0 -9999.0 U -9999.0 -9999.0 -9999.0
94097 201110  6.101 -112.6774   40.6364    18.4     5.8    12.1    12.1    27.7 -9999.0 U -9999.0 -9999.0 -9999.0
94097 201111  6.101 -112.6774   40.6364     8.3    -2.2     3.1     3.1    26.4 -9999.0 U -9999.0 -9999.0 -9999.0
94097 201112  6.101 -112.6774   40.6364     1.0    -7.3    -3.1    -3.1     5.2 -9999.0 U -9999.0 -9999.0 -9999.0
94097 201201  6.101 -112.6774   40.6364     5.7    -4.9     0.4     0.1    21.4 -9999.0 U -9999.0 -9999.0 -9999.0
94097 201202  6.101 -112.6774   40.6364     6.3    -3.3     1.5     1.3    14.3 -9999.0 U -9999.0 -9999.0 -9999.0
94097 201203  6.101 -112.6774   40.6364    14.5     2.0     8.2     8.7    18.0 -9999.0 U -9999.0 -9999.0 -9999.0
94097 201204  6.101 -112.6774   40.6364    18.5     4.4    11.5    11.8    37.6 -9999.0 U -9999.0 -9999.0 -9999.0
94097 201205  6.101 -112.6774   40.6364    22.9     8.5    15.7    16.3    18.6 -9999.0 U -9999.0 -9999.0 -9999.0
94097 201206  6.101 -112.6774   40.6364    30.7    13.4    22.1    23.1     0.0 -9999.0 U -9999.0 -9999.0 -9999.0
94097 201207  6.101 -112.6774   40.6364    34.5    18.9    26.7    27.2    11.4 -9999.0 U -9999.0 -9999.0 -9999.0
94097 201208  6.101 -112.6774   40.6364    33.8    19.0    26.4    27.0     8.1 -9999.0 U -9999.0 -9999.0 -9999.0
94097 201209  6.101 -112.6774   40.6364    27.5    12.8    20.1    20.3    28.7 -9999.0 U -9999.0 -9999.0 -9999.0
94097 201210  6.101 -112.6774   40.6364    18.6     5.5    12.1    12.1    12.3 -9999.0 U -9999.0 -9999.0 -9999.0
94097 201211  6.101 -112.6774   40.6364    11.9     1.0     6.5     6.1    24.2 -9999.0 U -9999.0 -9999.0 -9999.0
94097 201212  6.101 -112.6774   40.6364     4.2    -4.0     0.1     0.4    31.2 -9999.0 U -9999.0 -9999.0 -9999.0
94097 201301  6.101 -112.6774   40.6364    -5.8   -12.1    -9.0    -8.5    31.6 -9999.0 U -9999.0 -9999.0 -9999.0
94097 201302  6.101 -112.6774   40.6364    -0.5    -7.9    -4.2    -3.8    18.4 -9999.0 U -9999.0 -9999.0 -9999.0
94097 201303  6.101 -112.6774   40.6364    11.8     0.3     6.0     6.1    10.7 -9999.0 U -9999.0 -9999.0 -9999.0
94097 201304  6.101 -112.6774   40.6364    14.4     3.1     8.7     9.0    48.6 -9999.0 U -9999.0 -9999.0 -9999.0
94097 201305  6.101 -112.6774   40.6364    21.9     8.2    15.0    15.6    33.5 -9999.0 U -9999.0 -9999.0 -9999.0
94097 201306  6.101 -112.6774   40.6364    30.7    14.8    22.7    23.6     0.0 -9999.0 U -9999.0 -9999.0 -9999.0
94097 201307  6.101 -112.6774   40.6364    34.8    19.9    27.3    27.8     7.0 -9999.0 U -9999.0 -9999.0 -9999.0
94097 201308  6.101 -112.6774   40.6364    32.9    18.9    25.9    26.5     4.4 -9999.0 U -9999.0 -9999.0 -9999.0
94097 201309  6.101 -112.6774   40.6364    24.5    13.3    18.9    19.0    53.3 -9999.0 U -9999.0 -9999.0 -9999.0
94097 201310  6.101 -112.6774   40.6364    14.8     4.0     9.4     9.4    40.2 -9999.0 U -9999.0 -9999.0 -9999.0
94097 201311  6.101 -112.6774   40.6364    10.4     0.2     5.3     4.9     6.4 -9999.0 U -9999.0 -9999.0 -9999.0
94097 201312  6.101 -112.6774   40.6364    -1.7   -10.5    -6.1    -5.8    26.3 -9999.0 U -9999.0 -9999.0 -9999.0
94097 201401  6.101 -112.6774   40.6364     2.6    -5.4    -1.4    -1.3    13.3 -9999.0 U -9999.0 -9999.0 -9999.0
94097 201402  6.101 -112.6774   40.6364     8.9    -0.7     4.1     4.5    29.8 -9999.0 U -9999.0 -9999.0 -9999.0
94097 201403  6.101 -112.6774   40.6364    12.9     1.0     6.9     7.2    26.8 -9999.0 U -9999.0 -9999.0 -9999.0
94097 201404  6.101 -112.6774   40.6364    16.0     3.8     9.9    10.2    26.0 -9999.0 U -9999.0 -9999.0 -9999.0
94097 201405  6.101 -112.6774   40.6364    22.6     9.8    16.2    16.8    28.9 -9999.0 U -9999.0 -9999.0 -9999.0
94097 201406  6.101 -112.6774   40.6364 -9999.0 -9999.0 -9999.0 -9999.0 -9999.0 -9999.0 U -9999.0 -9999.0 -9999.0
