53173 201009  6.101 -107.9045   36.0346    27.4    10.8    19.1    19.6    34.5 -9999.0 U -9999.0 -9999.0 -9999.0
53173 201010  6.101 -107.9045   36.0346    19.2     4.7    12.0    12.1    21.4 -9999.0 U -9999.0 -9999.0 -9999.0
53173 201011  6.101 -107.9045   36.0346     9.9    -5.0     2.5     2.6     7.6 -9999.0 U -9999.0 -9999.0 -9999.0
53173 201012  6.101 -107.9045   36.0346     8.4    -3.4     2.5     2.4    14.6 -9999.0 U -9999.0 -9999.0 -9999.0
53173 201101  6.101 -107.9045   36.0346     3.6   -10.7    -3.6    -3.3     4.6 -9999.0 U -9999.0 -9999.0 -9999.0
53173 201102  6.101 -107.9045   36.0346     5.7    -8.4    -1.4    -1.0    13.4 -9999.0 U -9999.0 -9999.0 -9999.0
53173 201103  6.101 -107.9045   36.0346    14.9    -1.4     6.7     7.3     3.5 -9999.0 U -9999.0 -9999.0 -9999.0
53173 201104  6.101 -107.9045   36.0346    17.6     1.3     9.5    10.0    12.3 -9999.0 U -9999.0 -9999.0 -9999.0
53173 201105  6.101 -107.9045   36.0346    21.1     4.9    13.0    13.6     2.1 -9999.0 U -9999.0 -9999.0 -9999.0
53173 201106  6.101 -107.9045   36.0346    30.4    11.9    21.1    22.2     0.8 -9999.0 U -9999.0 -9999.0 -9999.0
53173 201107  6.101 -107.9045   36.0346    31.8    15.4    23.6    23.5    16.7 -9999.0 U -9999.0 -9999.0 -9999.0
53173 201108  6.101 -107.9045   36.0346    30.8    15.4    23.1    23.1    49.5 -9999.0 U -9999.0 -9999.0 -9999.0
53173 201109  6.101 -107.9045   36.0346    24.4    10.3    17.4    17.3    35.6 -9999.0 U -9999.0 -9999.0 -9999.0
53173 201110  6.101 -107.9045   36.0346    17.9     2.9    10.4    10.6    19.6 -9999.0 U -9999.0 -9999.0 -9999.0
53173 201111  6.101 -107.9045   36.0346    10.2    -2.3     4.0     3.8    23.9 -9999.0 U -9999.0 -9999.0 -9999.0
53173 201112  6.101 -107.9045   36.0346     2.3    -9.7    -3.7    -3.8    21.1 -9999.0 U -9999.0 -9999.0 -9999.0
53173 201201  6.101 -107.9045   36.0346     6.8    -6.1     0.3     0.3     2.0 -9999.0 U -9999.0 -9999.0 -9999.0
53173 201202  6.101 -107.9045   36.0346     7.3    -4.9     1.2     1.2    11.3 -9999.0 U -9999.0 -9999.0 -9999.0
53173 201203  6.101 -107.9045   36.0346    14.8    -1.9     6.4     6.9     9.8 -9999.0 U -9999.0 -9999.0 -9999.0
53173 201204  6.101 -107.9045   36.0346    20.2     3.2    11.7    12.2     0.5 -9999.0 U -9999.0 -9999.0 -9999.0
53173 201205  6.101 -107.9045   36.0346    25.3     7.6    16.4    17.3     0.0 -9999.0 U -9999.0 -9999.0 -9999.0
53173 201206  6.101 -107.9045   36.0346    32.1    13.5    22.8    23.9     2.3 -9999.0 U -9999.0 -9999.0 -9999.0
53173 201207  6.101 -107.9045   36.0346    30.5    15.6    23.0    22.5    32.2 -9999.0 U -9999.0 -9999.0 -9999.0
53173 201208  6.101 -107.9045   36.0346    30.7    15.3    23.0    23.0    13.0 -9999.0 U -9999.0 -9999.0 -9999.0
53173 201209  6.101 -107.9045   36.0346    25.9    10.6    18.3    18.5    14.6 -9999.0 U -9999.0 -9999.0 -9999.0
53173 201210  6.101 -107.9045   36.0346    20.3     2.9    11.6    12.2     0.3 -9999.0 U -9999.0 -9999.0 -9999.0
53173 201211  6.101 -107.9045   36.0346    14.2    -3.3     5.5     5.7     5.6 -9999.0 U -9999.0 -9999.0 -9999.0
53173 201212  6.101 -107.9045   36.0346     5.6    -8.5    -1.5    -1.1    25.2 -9999.0 U -9999.0 -9999.0 -9999.0
53173 201301  6.101 -107.9045   36.0346     0.7   -13.5    -6.4    -6.0    12.0 -9999.0 U -9999.0 -9999.0 -9999.0
53173 201302  6.101 -107.9045   36.0346     5.8    -7.1    -0.7    -0.6     5.7 -9999.0 U -9999.0 -9999.0 -9999.0
53173 201303  6.101 -107.9045   36.0346    14.6    -2.0     6.3     6.9     5.9 -9999.0 U -9999.0 -9999.0 -9999.0
53173 201304  6.101 -107.9045   36.0346    17.4     1.1     9.2    10.1    19.3 -9999.0 U -9999.0 -9999.0 -9999.0
53173 201305  6.101 -107.9045   36.0346    23.0     6.4    14.7    15.4     3.6 -9999.0 U -9999.0 -9999.0 -9999.0
53173 201306  6.101 -107.9045   36.0346    31.8    13.3    22.5    23.4     0.0 -9999.0 U -9999.0 -9999.0 -9999.0
53173 201307  6.101 -107.9045   36.0346    30.8    15.7    23.2    22.8    36.0 -9999.0 U -9999.0 -9999.0 -9999.0
53173 201308  6.101 -107.9045   36.0346    29.0    14.5    21.8    21.3    48.1 -9999.0 U -9999.0 -9999.0 -9999.0
53173 201309  6.101 -107.9045   36.0346    24.7    10.8    17.7    17.7    50.7 -9999.0 U -9999.0 -9999.0 -9999.0
53173 201310  6.101 -107.9045   36.0346    17.0     0.9     8.9     9.3     5.5 -9999.0 U -9999.0 -9999.0 -9999.0
53173 201311  6.101 -107.9045   36.0346    10.4    -2.4     4.0     3.9    24.7 -9999.0 U -9999.0 -9999.0 -9999.0
53173 201312  6.101 -107.9045   36.0346     3.2    -8.7    -2.8    -2.6     9.0 -9999.0 U -9999.0 -9999.0 -9999.0
53173 201401  6.101 -107.9045   36.0346     7.8    -8.3    -0.3    -0.1     0.0 -9999.0 U -9999.0 -9999.0 -9999.0
53173 201402  6.101 -107.9045   36.0346    10.9    -4.2     3.3     3.7     3.1 -9999.0 U -9999.0 -9999.0 -9999.0
53173 201403  6.101 -107.9045   36.0346    13.4    -2.4     5.5     6.0    19.0 -9999.0 U -9999.0 -9999.0 -9999.0
53173 201404  6.101 -107.9045   36.0346    17.2     0.7     9.0     9.6     5.1 -9999.0 U -9999.0 -9999.0 -9999.0
53173 201405  6.101 -107.9045   36.0346    22.0     5.4    13.7    14.6    15.6 -9999.0 U -9999.0 -9999.0 -9999.0
53173 201406  6.101 -107.9045   36.0346 -9999.0 -9999.0 -9999.0 -9999.0 -9999.0 -9999.0 U -9999.0 -9999.0 -9999.0
