96406 201408  2.515 -154.1297   64.5015 -9999.0 -9999.0 -9999.0 -9999.0 -9999.0 -9999.0 U -9999.0 -9999.0 -9999.0
96406 201409  2.515 -154.1297   64.5015    12.8    -1.1     5.9     5.9    40.4     8.2 C    21.8    -4.1     5.8
96406 201410  2.515 -154.1297   64.5015    -0.9   -10.2    -5.6    -5.3     8.4     2.6 C     0.6   -12.4    -6.2
96406 201411  2.515 -154.1297   64.5015    -7.3   -16.4   -11.8   -11.5     2.3     0.7 C    -8.7   -19.6   -13.9
96406 201412  2.515 -154.1297   64.5015   -10.4   -17.1   -13.8   -13.5    32.0     0.0 C   -11.0   -20.4   -14.6
96406 201501  2.515 -154.1297   64.5015 -9999.0 -9999.0 -9999.0 -9999.0 -9999.0 -9999.0 U -9999.0 -9999.0 -9999.0
96406 201502  2.515 -154.1297   64.5015 -9999.0 -9999.0 -9999.0 -9999.0 -9999.0 -9999.0 U -9999.0 -9999.0 -9999.0
96406 201503  2.515 -154.1297   64.5015    -2.1   -20.5   -11.3   -10.7    18.3     7.7 C    -6.6   -24.6   -15.5
96406 201504  2.515 -154.1297   64.5015     7.4    -7.1     0.1     0.7     3.0    13.5 C    10.1   -10.0    -1.1
96406 201505  2.515 -154.1297   64.5015    18.8     2.5    10.6    11.6    25.1    17.4 C    39.0    -2.3    14.8
96406 201506  2.515 -154.1297   64.5015    21.3     6.7    14.0    14.9    14.0    18.0 C    40.1     2.6    18.3
96406 201507  2.515 -154.1297   64.5015    22.2     9.8    16.0    16.2    30.9    13.9 C    38.0     7.0    18.9
96406 201508  2.515 -154.1297   64.5015    15.9     6.4    11.2    11.2    84.0     8.9 C    26.3     4.1    12.7
96406 201509  2.515 -154.1297   64.5015     9.4    -0.2     4.6     4.7    62.1     6.2 C    17.5    -1.9     5.4
96406 201510  2.515 -154.1297   64.5015 -9999.0 -9999.0 -9999.0 -9999.0 -9999.0 -9999.0 U -9999.0 -9999.0 -9999.0
96406 201511 -9.000 -154.1297   64.5015 -9999.0 -9999.0 -9999.0 -9999.0 -9999.0 -9999.0 U -9999.0 -9999.0 -9999.0
96406 201512  2.515 -154.1297   64.5015 -9999.0 -9999.0 -9999.0 -9999.0 -9999.0 -9999.0 U -9999.0 -9999.0 -9999.0
96406 201601  2.515 -154.1297   64.5015 -9999.0 -9999.0 -9999.0 -9999.0 -9999.0 -9999.0 U -9999.0 -9999.0 -9999.0
96406 201602  2.515 -154.1297   64.5015 -9999.0 -9999.0 -9999.0 -9999.0 -9999.0 -9999.0 U -9999.0 -9999.0 -9999.0
96406 201603  2.515 -154.1297   64.5015 -9999.0 -9999.0 -9999.0 -9999.0 -9999.0 -9999.0 U -9999.0 -9999.0 -9999.0
96406 201604  2.515 -154.1297   64.5015 -9999.0 -9999.0 -9999.0 -9999.0 -9999.0 -9999.0 U -9999.0 -9999.0 -9999.0
96406 201605  2.515 -154.1297   64.5015    16.5     2.5     9.5    10.0    21.4    15.9 C    36.1    -1.6    12.8
96406 201606  2.515 -154.1297   64.5015    20.5     7.6    14.1    14.4    39.0    16.3 C    37.5     4.3    17.3
96406 201607  2.515 -154.1297   64.5015    20.7    11.0    15.8    16.0   101.7    13.7 C    32.2     9.2    18.0
96406 201608  2.515 -154.1297   64.5015    19.6     8.8    14.2    14.3    58.2    10.7 C    29.3     7.1    15.4
96406 201609  2.515 -154.1297   64.5015 -9999.0 -9999.0 -9999.0 -9999.0 -9999.0 -9999.0 U -9999.0 -9999.0 -9999.0
96406 201610  2.515 -154.1297   64.5015     2.6    -8.6    -3.0    -3.0    10.1     3.5 C     5.6   -10.5    -4.3
96406 201611  2.515 -154.1297   64.5015   -13.5   -22.7   -18.1   -18.0     2.9     1.1 C   -12.8   -24.0   -18.6
96406 201612  2.515 -154.1297   64.5015 -9999.0 -9999.0 -9999.0 -9999.0 -9999.0 -9999.0 U -9999.0 -9999.0 -9999.0
96406 201701 -9.000 -154.1297   64.5015 -9999.0 -9999.0 -9999.0 -9999.0 -9999.0 -9999.0 U -9999.0 -9999.0 -9999.0
96406 201702  2.515 -154.1297   64.5015 -9999.0 -9999.0 -9999.0 -9999.0 -9999.0 -9999.0 U -9999.0 -9999.0 -9999.0
96406 201703  2.515 -154.1297   64.5015    -8.4   -31.1   -19.7   -19.0     1.5     8.6 C   -11.9   -35.6   -24.4
96406 201704  2.515 -154.1297   64.5015     7.7    -6.2     0.8     1.3     1.7    14.3 C     7.0    -9.9    -1.8
96406 201705  2.515 -154.1297   64.5015    15.5     0.3     7.9     8.4    33.9    16.7 C    34.5    -3.8    10.8
96406 201706  2.515 -154.1297   64.5015    21.7     7.3    14.5    15.7    44.5    18.8 C    39.9     3.6    18.4
96406 201707  2.515 -154.1297   64.5015    24.2    11.5    17.9    18.5    10.4    17.0 C    42.3     8.4    21.5
