53160 201003  6.101 -111.8431   34.6136    18.5     2.3    10.4    10.5 -9999.0 -9999.0 U -9999.0 -9999.0 -9999.0
53160 201004  6.101 -111.8431   34.6136    22.6     4.7    13.7    14.2     1.7 -9999.0 U -9999.0 -9999.0 -9999.0
53160 201005  6.101 -111.8431   34.6136    27.7     8.1    17.9    19.1     0.0 -9999.0 U -9999.0 -9999.0 -9999.0
53160 201006  6.101 -111.8431   34.6136    35.3    14.5    24.9    25.8     0.0 -9999.0 U -9999.0 -9999.0 -9999.0
53160 201007  6.101 -111.8431   34.6136    36.2    20.2    28.2    27.6    82.7 -9999.0 U -9999.0 -9999.0 -9999.0
53160 201008  6.101 -111.8431   34.6136    34.8    19.2    27.0    26.7    10.0 -9999.0 U -9999.0 -9999.0 -9999.0
53160 201009  6.101 -111.8431   34.6136    35.2    14.4    24.8    25.0     7.7 -9999.0 U -9999.0 -9999.0 -9999.0
53160 201010  6.101 -111.8431   34.6136    25.7     9.4    17.5    17.0    50.1 -9999.0 U -9999.0 -9999.0 -9999.0
53160 201011  6.101 -111.8431   34.6136    18.2     0.2     9.2     9.1     8.6 -9999.0 U -9999.0 -9999.0 -9999.0
53160 201012  6.101 -111.8431   34.6136    14.8     0.8     7.8     7.2    61.9 -9999.0 U -9999.0 -9999.0 -9999.0
53160 201101  6.101 -111.8431   34.6136    14.6    -3.4     5.6     5.1     0.0 -9999.0 U -9999.0 -9999.0 -9999.0
53160 201102  6.101 -111.8431   34.6136    14.5    -2.3     6.1     5.8    31.6 -9999.0 U -9999.0 -9999.0 -9999.0
53160 201103  6.101 -111.8431   34.6136    21.8     2.9    12.3    12.4     5.0 -9999.0 U -9999.0 -9999.0 -9999.0
53160 201104  6.101 -111.8431   34.6136    24.9     6.8    15.9    16.4     9.9 -9999.0 U -9999.0 -9999.0 -9999.0
53160 201105  6.101 -111.8431   34.6136    27.4     8.3    17.9    19.0    10.1 -9999.0 U -9999.0 -9999.0 -9999.0
53160 201106  6.101 -111.8431   34.6136    35.5    13.6    24.6    26.0     0.0 -9999.0 U -9999.0 -9999.0 -9999.0
53160 201107  6.101 -111.8431   34.6136    36.9    19.3    28.1    27.4    58.7 -9999.0 U -9999.0 -9999.0 -9999.0
53160 201108  6.101 -111.8431   34.6136    38.2    19.8    29.0    28.5    15.8 -9999.0 U -9999.0 -9999.0 -9999.0
53160 201109  6.101 -111.8431   34.6136    33.4    15.1    24.2    23.9    41.8 -9999.0 U -9999.0 -9999.0 -9999.0
53160 201110  6.101 -111.8431   34.6136    27.6     7.6    17.6    17.3    23.7 -9999.0 U -9999.0 -9999.0 -9999.0
53160 201111  6.101 -111.8431   34.6136    17.7     1.6     9.7     9.2    34.8 -9999.0 U -9999.0 -9999.0 -9999.0
53160 201112  6.101 -111.8431   34.6136    11.5    -2.0     4.7     4.1    48.9 -9999.0 U -9999.0 -9999.0 -9999.0
53160 201201  6.101 -111.8431   34.6136    16.1    -2.7     6.7     6.1     1.1 -9999.0 U -9999.0 -9999.0 -9999.0
53160 201202  6.101 -111.8431   34.6136    16.7    -1.2     7.8     7.8     5.8 -9999.0 U -9999.0 -9999.0 -9999.0
53160 201203  6.101 -111.8431   34.6136    21.3     0.6    11.0    11.0    22.5 -9999.0 U -9999.0 -9999.0 -9999.0
53160 201204  6.101 -111.8431   34.6136    26.5     6.9    16.7    17.2     7.5 -9999.0 U -9999.0 -9999.0 -9999.0
53160 201205  6.101 -111.8431   34.6136    31.8    10.5    21.1    22.4     0.0 -9999.0 U -9999.0 -9999.0 -9999.0
53160 201206  6.101 -111.8431   34.6136    37.5    15.8    26.6    27.8     0.0 -9999.0 U -9999.0 -9999.0 -9999.0
53160 201207  6.101 -111.8431   34.6136    35.8    19.8    27.8    27.3    52.5 -9999.0 U -9999.0 -9999.0 -9999.0
53160 201208  6.101 -111.8431   34.6136    36.5    20.1    28.3    27.4    43.8 -9999.0 U -9999.0 -9999.0 -9999.0
53160 201209  6.101 -111.8431   34.6136    32.3    15.0    23.6    23.4    19.9 -9999.0 U -9999.0 -9999.0 -9999.0
53160 201210  6.101 -111.8431   34.6136    27.9     7.6    17.7    17.6    13.3 -9999.0 U -9999.0 -9999.0 -9999.0
53160 201211  6.101 -111.8431   34.6136    22.2     1.5    11.9    11.2     0.8 -9999.0 U -9999.0 -9999.0 -9999.0
53160 201212  6.101 -111.8431   34.6136    13.2    -1.7     5.8     5.3    39.3 -9999.0 U -9999.0 -9999.0 -9999.0
53160 201301  6.101 -111.8431   34.6136    12.5    -4.2     4.1     3.7    36.4 -9999.0 U -9999.0 -9999.0 -9999.0
53160 201302  6.101 -111.8431   34.6136    14.4    -2.2     6.1     5.7    19.5 -9999.0 U -9999.0 -9999.0 -9999.0
53160 201303  6.101 -111.8431   34.6136    22.7     3.2    12.9    12.8    26.4 -9999.0 U -9999.0 -9999.0 -9999.0
53160 201304  6.101 -111.8431   34.6136    25.6     5.8    15.7    16.5     5.2 -9999.0 U -9999.0 -9999.0 -9999.0
53160 201305  6.101 -111.8431   34.6136    30.2    10.6    20.4    21.4     0.0 -9999.0 U -9999.0 -9999.0 -9999.0
53160 201306  6.101 -111.8431   34.6136    38.3    16.1    27.2    28.2     0.0 -9999.0 U -9999.0 -9999.0 -9999.0
53160 201307  6.101 -111.8431   34.6136    35.7    20.2    28.0    27.2    39.8 -9999.0 U -9999.0 -9999.0 -9999.0
53160 201308  6.101 -111.8431   34.6136    34.4    18.9    26.6    26.1    76.2 -9999.0 U -9999.0 -9999.0 -9999.0
53160 201309  6.101 -111.8431   34.6136    30.5    14.4    22.4    22.2    38.7 -9999.0 U -9999.0 -9999.0 -9999.0
53160 201310  6.101 -111.8431   34.6136    25.0     5.0    15.0    15.0     2.3 -9999.0 U -9999.0 -9999.0 -9999.0
53160 201311  6.101 -111.8431   34.6136    19.3     2.7    11.0    10.5    60.5 -9999.0 U -9999.0 -9999.0 -9999.0
53160 201312  6.101 -111.8431   34.6136    13.2    -3.0     5.1     4.6    18.1 -9999.0 U -9999.0 -9999.0 -9999.0
53160 201401  6.101 -111.8431   34.6136    17.7    -2.2     7.8     6.9     0.0 -9999.0 U -9999.0 -9999.0 -9999.0
53160 201402  6.101 -111.8431   34.6136    19.7     0.4    10.1     9.7     1.9 -9999.0 U -9999.0 -9999.0 -9999.0
53160 201403  6.101 -111.8431   34.6136    22.0     3.9    13.0    13.1    22.4 -9999.0 U -9999.0 -9999.0 -9999.0
53160 201404  6.101 -111.8431   34.6136    25.5     5.7    15.6    16.2     3.5 -9999.0 U -9999.0 -9999.0 -9999.0
53160 201405  6.101 -111.8431   34.6136    29.9    10.4    20.1    21.2     0.3 -9999.0 U -9999.0 -9999.0 -9999.0
53160 201406  6.101 -111.8431   34.6136 -9999.0 -9999.0 -9999.0 -9999.0 -9999.0 -9999.0 U -9999.0 -9999.0 -9999.0
