94996 200201  1.001  -96.8541   40.6954 -9999.0 -9999.0 -9999.0 -9999.0 -9999.0 -9999.0 U -9999.0 -9999.0 -9999.0
94996 200202  1.001  -96.8541   40.6954 -9999.0 -9999.0 -9999.0 -9999.0 -9999.0     9.3 R -9999.0 -9999.0     0.3
94996 200203  1.001  -96.8541   40.6954 -9999.0 -9999.0 -9999.0 -9999.0 -9999.0     7.6 R -9999.0 -9999.0     3.2
94996 200204  1.001  -96.8541   40.6954    18.3     4.1    11.2    11.6 -9999.0     9.7 R -9999.0 -9999.0    14.9
94996 200205  1.001  -96.8541   40.6954    21.3     8.8    15.0    15.2 -9999.0     9.8 R -9999.0 -9999.0    16.3
94996 200206  1.002  -96.8541   40.6954    30.4    18.4    24.4    24.4 -9999.0    16.4 R -9999.0 -9999.0    28.2
94996 200207  1.003  -96.8541   40.6954    32.9    20.1    26.5    26.4 -9999.0    11.7 R -9999.0 -9999.0    30.5
94996 200208  1.003  -96.8541   40.6954    30.3    17.7    24.0    23.8 -9999.0    10.2 R -9999.0 -9999.0    27.5
94996 200209  1.003  -96.8541   40.6954    26.1    13.0    19.5    19.6 -9999.0    12.4 R -9999.0 -9999.0    21.4
94996 200210  1.003  -96.8541   40.6954    13.0     2.9     8.0     7.9 -9999.0    10.6 R -9999.0 -9999.0    10.0
94996 200211  1.004  -96.8541   40.6954    10.0    -2.9     3.6     3.6 -9999.0     8.7 R -9999.0 -9999.0     5.5
94996 200212  1.004  -96.8541   40.6954     7.0    -5.2     0.9     0.5     0.0     7.3 R -9999.0 -9999.0     2.2
94996 200301  1.004  -96.8541   40.6954     1.8    -9.1    -3.6    -3.7    12.8     7.6 R -9999.0 -9999.0    -3.5
94996 200302  1.004  -96.8541   40.6954     2.1    -9.4    -3.6    -3.6    16.7    10.8 R -9999.0 -9999.0    -3.4
94996 200303  1.004  -96.8541   40.6954    11.7    -1.5     5.1     4.7    21.0    13.8 R -9999.0 -9999.0     6.6
94996 200304  1.004  -96.8541   40.6954    17.8     5.4    11.6    11.7    51.2    17.0 R -9999.0 -9999.0    12.8
94996 200305  1.004  -96.8541   40.6954    21.3     8.3    14.8    15.2    67.1    21.0 R -9999.0 -9999.0    16.2
94996 200306  1.004  -96.8541   40.6954    25.5    13.8    19.7    20.0   135.8    21.6 R -9999.0 -9999.0    20.6
94996 200307  1.004  -96.8541   40.6954    32.7    18.9    25.8    25.9    16.0    25.1 R -9999.0 -9999.0    28.4
94996 200308  1.004  -96.8541   40.6954    32.1    18.0    25.0    24.8    26.2    20.9 R -9999.0 -9999.0    27.2
94996 200309  1.004  -96.8541   40.6954    24.3     9.9    17.1    17.1    84.8    17.6 R -9999.0 -9999.0    18.4
94996 200310  1.004  -96.8541   40.6954    20.7     5.9    13.3    13.1    21.5    13.4 R -9999.0 -9999.0    13.3
94996 200311  1.200  -96.8541   40.6954     7.8    -2.3     2.8     2.8    30.2     6.9 R -9999.0 -9999.0     3.2
94996 200312  1.200  -96.8541   40.6954     3.7    -5.0    -0.7    -0.6    15.6     6.0 R -9999.0 -9999.0    -1.2
94996 200401  1.200  -96.8541   40.6954    -0.1   -10.5    -5.3    -5.5    31.1     7.6 R -9999.0 -9999.0    -6.1
94996 200402  1.200  -96.8541   40.6954     1.0    -8.4    -3.7    -3.4    30.0    11.6 R -9999.0 -9999.0    -4.4
94996 200403  1.200  -96.8541   40.6954    12.4     1.0     6.7     6.7    89.3    12.9 R -9999.0 -9999.0     7.9
94996 200404  1.200  -96.8541   40.6954    18.5     5.1    11.8    12.0    27.3    18.6 R -9999.0 -9999.0    12.9
94996 200405  1.200  -96.8541   40.6954    22.8    11.1    16.9    17.0   113.4    20.3 R -9999.0 -9999.0    18.3
94996 200406  1.200  -96.8541   40.6954    24.8    13.9    19.3    19.5   130.8    22.1 R -9999.0 -9999.0    20.6
94996 200407  1.200  -96.8541   40.6954    26.4    16.7    21.5    21.7    59.4    20.5 R -9999.0 -9999.0    23.5
94996 200408  1.200  -96.8541   40.6954    27.7    14.7    21.2    21.0    22.0    20.3 R -9999.0 -9999.0    23.5
94996 200409  1.201  -96.8541   40.6954    28.5    14.0    21.3    21.2    62.6    18.8 R -9999.0 -9999.0    23.4
94996 200410  1.201  -96.8541   40.6954    19.1     6.5    12.8    12.9    18.7    10.9 R -9999.0 -9999.0    13.6
94996 200411  1.201  -96.8541   40.6954    10.6     0.2     5.4     5.4    56.7     7.2 R -9999.0 -9999.0     6.2
94996 200412  1.201  -96.8541   40.6954     5.8    -6.7    -0.4    -0.5     9.0     6.8 R -9999.0 -9999.0     0.1
94996 200501  1.201  -96.8541   40.6954    -1.3    -9.7    -5.5    -5.5    31.9     6.2 R -9999.0 -9999.0    -5.2
94996 200502  1.201  -96.8541   40.6954     7.0    -4.1     1.4     1.3    54.1     9.9 R -9999.0 -9999.0     2.3
94996 200503  1.201  -96.8541   40.6954    12.0    -1.5     5.2     5.2    20.9    13.4 R -9999.0 -9999.0     6.9
94996 200504  1.201  -96.8541   40.6954    18.4     5.9    12.2    12.3    73.7    17.3 R -9999.0 -9999.0    13.0
94996 200505  1.201  -96.8541   40.6954    23.3     9.4    16.4    16.7    55.9    23.2 R -9999.0 -9999.0    17.8
94996 200506  1.201  -96.8541   40.6954    29.3    17.9    23.6    23.4    54.1    23.4 R -9999.0 -9999.0    26.1
94996 200507  1.201  -96.8541   40.6954    32.8    19.0    25.9    26.0    84.3    24.4 R -9999.0 -9999.0    29.7
94996 200508  1.201  -96.8541   40.6954    30.2    17.1    23.7    23.6    27.2    19.6 R -9999.0 -9999.0    27.0
94996 200509  1.201  -96.8541   40.6954    29.0    14.2    21.6    21.6     7.5    17.1 R -9999.0 -9999.0    24.3
94996 200510  1.201  -96.8541   40.6954    19.7     6.3    13.0    12.6    43.0    12.5 R -9999.0 -9999.0    13.8
94996 200511  1.201  -96.8541   40.6954    12.3    -0.2     6.1     6.1    35.6     8.4 R -9999.0 -9999.0     6.1
94996 200512  1.201  -96.8541   40.6954     1.3    -8.1    -3.4    -3.4    12.9     6.7 R -9999.0 -9999.0    -3.5
94996 200601  1.201  -96.8541   40.6954     9.7    -3.0     3.3     3.1    17.8     7.7 R -9999.0 -9999.0     3.1
94996 200602  1.201  -96.8541   40.6954     6.3    -8.1    -0.9    -1.1     2.1    11.6 R -9999.0 -9999.0     0.1
94996 200603  1.201  -96.8541   40.6954     9.5    -1.3     4.1     3.9    91.4    13.1 R -9999.0 -9999.0     4.7
94996 200604  1.201  -96.8541   40.6954    20.3     6.5    13.4    13.6    95.3    17.8 R -9999.0 -9999.0    14.2
94996 200605  1.201  -96.8541   40.6954    24.0    11.2    17.6    17.7    65.8    22.1 R -9999.0 -9999.0    17.6
94996 200606  1.301  -96.8541   40.6954    29.4    16.6    23.0    23.1    80.4    24.8 R -9999.0 -9999.0    25.2
94996 200607  1.301  -96.8541   40.6954    32.6    19.8    26.2    26.0    58.8    24.7 R    55.6    17.7    30.1
94996 200608  1.301  -96.8541   40.6954    29.3    18.1    23.7    23.5    94.7    19.7 R    42.8    17.4    25.8
94996 200609  1.301  -96.8541   40.6954    22.9    10.6    16.8    16.6   115.0    16.0 R    29.7     9.4    16.8
94996 200610  1.301  -96.8541   40.6954    16.4     4.1    10.3    10.2    21.0    10.8 R    24.1     2.4    10.4
94996 200611  1.301  -96.8541   40.6954    11.7    -1.6     5.1     4.8     1.2     8.7 R    20.3    -3.9     4.8
94996 200612  1.301  -96.8541   40.6954     7.1    -4.2     1.4     1.3    71.5     6.2 R    12.7    -6.6     0.7
94996 200701  1.301  -96.8541   40.6954     0.8    -9.1    -4.2    -4.1    19.2     8.4 R     4.3   -11.4    -5.0
94996 200702  1.301  -96.8541   40.6954     0.7    -9.5    -4.4    -4.5    42.2    10.4 R     7.1   -11.2    -4.1
94996 200703  1.301  -96.8541   40.6954    14.9     2.5     8.7     8.4    87.8    14.7 R    25.3     0.9     9.0
94996 200704  1.301  -96.8541   40.6954    16.1     3.9    10.0    10.0    89.4    19.2 R    23.3     2.5    10.6
94996 200705  1.302  -96.8541   40.6954    23.5    12.6    18.1    18.3   241.9    20.0 R    31.0    11.4    18.8
94996 200706  1.302  -96.8541   40.6954    27.1    14.6    20.9    21.6    31.6    22.8 R    35.0    14.6    23.4
94996 200707  1.302  -96.8541   40.6954    31.2    19.0    25.1    25.0    37.1    23.0 R    39.5    18.8    27.1
94996 200708  1.302  -96.8541   40.6954    31.7    19.6    25.7    25.3   123.3    18.7 R    40.6    19.6    27.1
94996 200709  1.302  -96.8541   40.6954    25.9    12.0    18.9    19.0   106.7    16.9 R    32.1    11.8    20.0
94996 200710  1.302  -96.8541   40.6954    19.9     7.7    13.8    13.7   142.8    12.1 R    25.0     7.3    14.2
94996 200711  1.302  -96.8541   40.6954    11.0    -1.8     4.6     4.5     2.2     9.1 R    15.7    -2.8     4.6
94996 200712  1.302  -96.8541   40.6954     0.7    -9.0    -4.2    -4.3    53.5     6.8 R     3.7    -9.7    -4.2
94996 200801  1.302  -96.8541   40.6954     0.2   -10.6    -5.2    -5.2     9.9     8.5 R     3.9   -11.5    -5.1
94996 200802  1.302  -96.8541   40.6954     2.0    -9.2    -3.6    -3.8    19.9    10.7 R     7.4    -9.7    -2.8
94996 200803  1.302  -96.8541   40.6954    10.3    -3.2     3.6     3.3    29.4    14.1 R    16.9    -3.8     4.3
94996 200804  1.302  -96.8541   40.6954    14.2     1.8     8.0     8.1    86.5    17.5 R    19.3     1.5     9.0
94996 200805  1.302  -96.8541   40.6954    21.1     9.0    15.0    15.4   142.9    22.1 R    25.1     8.7    16.1
94996 200806  1.302  -96.8541   40.6954 -9999.0 -9999.0 -9999.0 -9999.0 -9999.0 -9999.0 U -9999.0 -9999.0 -9999.0
94996 200807  1.302  -96.8541   40.6954    29.8    18.5    24.2    24.0    91.7    23.4 R    38.1    17.7    25.0
94996 200808  1.302  -96.8541   40.6954    29.4    15.5    22.4    22.5    16.3    21.4 R    39.5    14.4    23.5
94996 200809  1.302  -96.8541   40.6954    24.5    11.7    18.1    17.9   123.9    16.1 R    31.2    10.8    18.6
94996 200810  1.302  -96.8541   40.6954    18.8     5.5    12.1    11.8   124.9    12.4 R    25.4     4.2    12.0
94996 200811  1.302  -96.8541   40.6954    10.0    -1.0     4.5     4.3    28.8     7.6 R    15.4    -2.4     4.3
94996 200812  1.302  -96.8541   40.6954     1.4   -11.1    -4.9    -4.8    18.7     7.1 R     4.5   -12.8    -5.1
94996 200901  1.302  -96.8541   40.6954     2.7   -10.7    -4.0    -4.4    11.1     8.2 R     7.0   -12.2    -4.4
94996 200902  1.302  -96.8541   40.6954     6.8    -6.6     0.1    -0.2    18.3    12.0 R    15.4    -8.6     0.1
94996 200903  1.302  -96.8541   40.6954    11.5    -2.5     4.5     4.3     8.7    15.0 R    21.9    -4.3     5.4
94996 200904  1.302  -96.8541   40.6954    16.7     3.0     9.9     9.9    35.4    17.5 R    25.2     1.5    10.8
94996 200905  1.302  -96.8541   40.6954    23.6    10.2    16.9    17.3    21.1    22.1 R    30.5     9.0    17.8
94996 200906  2.402  -96.8541   40.6954    26.9    16.0    21.5    21.6   117.4    21.8 R    33.8    14.8    21.8
94996 200907  2.402  -96.8541   40.6954    27.9    16.0    21.9    21.9    59.1    22.8 R    34.9    14.6    22.3
94996 200908  2.402  -96.8541   40.6954    27.9    15.3    21.6    21.6    96.5    21.6 R    35.9    14.4    22.5
94996 200909  2.402  -96.8541   40.6954    24.1    11.1    17.6    17.3    45.8    15.0 R    33.1    10.2    18.3
94996 200910  2.402  -96.8541   40.6954    12.9     2.7     7.8     7.7   122.2     8.0 R    18.7     2.4     8.5
94996 200911  2.402  -96.8541   40.6954    13.8     1.4     7.6     7.3     2.2     8.3 R    18.9    -0.4     7.0
94996 200912  2.402  -96.8541   40.6954    -2.4   -11.5    -7.0    -6.6    65.8     5.8 R    -0.5   -12.8    -6.7
94996 201001  2.402  -96.8541   40.6954    -4.0   -11.1    -7.6    -7.3    16.1     7.4 R     0.0   -12.0    -6.8
94996 201002  2.402  -96.8541   40.6954    -1.4    -9.4    -5.4    -5.3    29.8    10.7 R     2.8   -10.2    -4.5
94996 201003  2.402  -96.8541   40.6954    10.4     0.0     5.2     4.9    50.4    12.1 R    17.3    -1.2     5.6
94996 201004  2.402  -96.8541   40.6954    20.0     6.4    13.2    13.4    65.4    17.8 R    24.8     5.0    13.1
94996 201005  2.402  -96.8541   40.6954    20.8    10.0    15.4    15.7   115.1    19.2 R    28.8     8.8    16.3
94996 201006  2.402  -96.8541   40.6954    28.4    16.5    22.5    22.7   184.2    22.6 R    27.3    14.8    20.4
94996 201007  2.402  -96.8541   40.6954    29.7    19.6    24.6    24.7   129.0    21.6 R    28.3    17.6    22.0
94996 201008  2.402  -96.8541   40.6954    31.0    18.6    24.8    24.9    66.9    22.0 R    31.1    16.6    22.6
94996 201009  2.402  -96.8541   40.6954    25.4    11.9    18.7    18.6    55.8    14.9 R    29.4    10.8    18.2
94996 201010  2.402  -96.8541   40.6954    21.8     5.7    13.8    13.6     2.7    14.0 R    28.6     4.0    13.5
94996 201011  2.402  -96.8541   40.6954    10.4    -2.0     4.2     4.2    54.5     8.7 R    15.4    -3.1     4.4
94996 201012  2.402  -96.8541   40.6954     2.0    -9.0    -3.5    -3.5     7.1     5.6 R     6.0    -9.6    -3.2
94996 201101  2.402  -96.8541   40.6954    -1.9   -12.1    -7.0    -6.8    30.0     7.7 R     1.5   -12.8    -6.6
94996 201102  2.402  -96.8541   40.6954     3.8    -8.4    -2.3    -2.6    21.3    11.2 R     7.8    -9.8    -2.4
94996 201103  2.402  -96.8541   40.6954     9.9    -2.0     4.0     3.7    15.8    11.9 R    17.6    -3.0     4.5
94996 201104  2.402  -96.8541   40.6954    17.4     4.3    10.9    10.8    76.2    16.1 R    22.2     2.8    11.0
94996 201105  2.402  -96.8541   40.6954    22.4    10.1    16.3    16.4   126.9    19.9 R    25.9     8.7    15.9
94996 201106  2.402  -96.8541   40.6954    27.4    15.8    21.6    21.8   121.6    22.1 R    33.6    14.6    22.0
94996 201107  2.402  -96.8541   40.6954    31.8    21.2    26.5    26.4   102.8    23.3 R    34.5    19.6    25.3
94996 201108  2.402  -96.8541   40.6954    29.4    17.8    23.6    23.3   153.1    20.5 R    33.9    16.5    23.1
94996 201109  2.402  -96.8541   40.6954    23.4     9.3    16.3    16.3    22.4    18.0 R    30.2     7.3    16.2
94996 201110  2.402  -96.8541   40.6954    21.1     6.2    13.6    13.5    25.4    13.0 R    27.3     4.2    13.2
94996 201111  2.402  -96.8541   40.6954    11.2    -1.0     5.1     4.8    47.2     8.8 R    16.4    -2.8     4.6
94996 201112  2.402  -96.8541   40.6954     4.6    -6.2    -0.8    -0.6    40.8     6.6 R     8.1    -8.0    -1.0
94996 201201  2.402  -96.8541   40.6954     6.3    -6.8    -0.3    -0.4     6.2     8.6 R    11.8    -8.5    -0.4
94996 201202  2.402  -96.8541   40.6954     4.8    -6.1    -0.6    -0.5    63.6    11.1 R     7.9    -8.3    -1.2
94996 201203  2.402  -96.8541   40.6954    20.5     5.5    13.0    12.9    24.4    15.6 R    27.4     3.3    12.9
94996 201204  2.412  -96.8541   40.6954    20.5     6.5    13.5    13.8    79.4    19.1 R    30.7     3.0    14.0
94996 201205  2.412  -96.8541   40.6954    26.2    12.0    19.1    19.6    76.1    22.9 C    37.0     9.1    20.4
94996 201206  2.412  -96.8541   40.6954    30.0    17.0    23.5    23.9    87.5    24.9 C    42.1    14.9    25.6
94996 201207  2.412  -96.8541   40.6954    35.4    20.8    28.1    28.1    18.4    25.8 C    51.7    19.0    31.6
94996 201208  2.412  -96.8541   40.6954    31.3    15.5    23.4    23.5     8.3    21.1 C    46.8    13.1    26.2
94996 201209  2.412  -96.8541   40.6954    27.1     9.5    18.3    18.5    42.4    17.5 C    41.0     6.8    19.7
94996 201210  2.412  -96.8541   40.6954    17.1     3.8    10.5    10.4    33.7    10.7 C    25.2     0.9    10.4
94996 201211  2.412  -96.8541   40.6954    13.5    -1.2     6.1     6.1     2.5     8.9 C    19.8    -4.6     5.2
94996 201212  2.412  -96.8541   40.6954     4.1    -7.3    -1.6    -1.3    50.6     6.2 C     6.8   -10.5    -2.5
94996 201301  2.412  -96.8541   40.6954     2.2    -8.6    -3.2    -3.2    22.8     7.4 C     5.3   -11.2    -4.1
94996 201302  2.412  -96.8541   40.6954     4.6    -6.5    -1.0    -1.1    15.9     9.6 C    10.1    -9.3    -1.3
94996 201303  2.412  -96.8541   40.6954     8.0    -4.2     1.9     1.7    52.1    13.9 C    17.0    -7.0     2.3
94996 201304  2.412  -96.8541   40.6954    14.5     1.0     7.8     7.9    98.8    15.3 C    24.5    -1.3     8.7
94996 201305  2.422  -96.8541   40.6954    22.2    10.1    16.2    16.0   182.1    19.4 C    32.7     8.3    17.4
94996 201306  2.422  -96.8541   40.6954    27.1    15.7    21.4    21.6    72.9    22.6 C    34.9    14.3    22.4
94996 201307  2.422  -96.8541   40.6954    29.6    17.6    23.6    23.6    41.0    23.6 C    39.0    16.2    25.1
94996 201308  2.422  -96.8541   40.6954    29.7    18.2    24.0    23.6    42.0    20.9 C    37.5    17.1    24.8
94996 201309  2.422  -96.8541   40.6954    28.2    14.2    21.2    21.0    56.9    17.1 C    34.7    12.9    21.6
94996 201310  2.422  -96.8541   40.6954    18.1     4.3    11.2    11.1    99.4    12.3 C    21.8     2.5    10.8
94996 201311  2.422  -96.8541   40.6954    10.0    -3.5     3.2     3.2    32.7     9.2 C    13.5    -5.4     2.5
94996 201312  2.422  -96.8541   40.6954     1.6   -11.0    -4.7    -5.1 -9999.0     7.0 C     4.8   -13.2    -5.4
94996 201401  2.422  -96.8541   40.6954     2.0   -12.3    -5.1    -4.6 -9999.0     7.9 C     5.4   -14.0    -4.7
94996 201402  2.422  -96.8541   40.6954     1.0   -10.8    -4.9    -5.0 -9999.0    10.2 C     4.7   -13.7    -5.2
94996 201403  2.422  -96.8541   40.6954    10.5    -5.1     2.7     2.5     2.6    15.8 C    18.1    -7.4     3.1
94996 201404  2.422  -96.8541   40.6954    17.8     4.0    10.9    10.8    99.6    17.3 C    23.3     1.1    10.7
94996 201405  2.422  -96.8541   40.6954    24.3    10.3    17.3    17.4    95.7    22.8 C    30.2     8.2    17.6
94996 201406  2.422  -96.8541   40.6954    27.6    15.9    21.8    22.0   169.2    22.0 C    35.4    14.6    22.9
94996 201407  2.422  -96.8541   40.6954    29.1    15.5    22.3    22.4    22.7    24.6 C    40.8    13.9    24.5
94996 201408  2.422  -96.8541   40.6954    29.3    17.5    23.4    23.0   113.1    18.5 C    39.1    16.4    24.7
94996 201409  2.422  -96.8541   40.6954    24.8    12.1    18.4    18.3   193.2    15.9 C    31.7    10.4    18.8
94996 201410  2.422  -96.8541   40.6954    20.0     6.2    13.1    12.6    41.3    13.1 C    24.4     3.5    11.6
94996 201411  2.422  -96.8541   40.6954     7.8    -5.4     1.2     1.0    13.4     9.1 C    11.7    -7.5     0.5
94996 201412  2.422  -96.8541   40.6954     3.2    -4.4    -0.6    -0.8    29.7     4.6 C     6.6    -5.7    -0.7
94996 201501  2.422  -96.8541   40.6954     5.0    -8.5    -1.8    -2.2    25.6     8.1 C     9.7   -11.3    -3.0
94996 201502  2.422  -96.8541   40.6954     0.5   -11.8    -5.6    -5.5    23.8    10.6 C     3.5   -13.7    -6.1
94996 201503  2.422  -96.8541   40.6954    14.9    -1.3     6.8     6.7    25.6    17.2 C    25.2    -4.7     6.8
94996 201504  2.422  -96.8541   40.6954    18.2     5.8    12.0    12.1    76.4    17.9 C    27.0     3.5    12.7
94996 201505  2.422  -96.8541   40.6954    21.2    10.4    15.8    15.6   278.6    16.4 C    27.1     9.7    16.3
94996 201506  2.422  -96.8541   40.6954    27.9    16.3    22.1    22.2   274.4    21.8 C    36.4    15.5    23.5
94996 201507  2.422  -96.8541   40.6954    29.6    18.1    23.9    24.0    77.0    23.1 C    34.9    16.7    24.3
94996 201508  2.422  -96.8541   40.6954    28.1    16.3    22.2    22.0    59.0    21.0 C    33.3    14.8    22.3
94996 201509  2.422  -96.8541   40.6954    27.8    15.6    21.7    21.1    66.2    17.0 C    33.0    14.0    21.1
94996 201510  2.422  -96.8541   40.6954    20.5     6.9    13.7    13.6    15.6    13.4 C    26.3     4.5    13.3
94996 201511  2.422  -96.8541   40.6954    12.9     1.3     7.1     6.9    50.2     8.0 C    15.6    -0.5     6.3
94996 201512  2.422  -96.8541   40.6954     5.3    -3.6     0.8     0.9   107.0     6.0 C     7.1    -6.0     0.2
94996 201601  2.422  -96.8541   40.6954     1.2    -7.6    -3.2    -3.4    24.6     7.3 C     2.7    -9.9    -4.2
94996 201602  2.422  -96.8541   40.6954     7.1    -3.9     1.6     1.7    23.8    11.9 C    10.1    -7.1     0.6
94996 201603  2.422  -96.8541   40.6954    15.9     1.2     8.5     8.4    23.5    14.9 C    22.7    -1.8     8.1
94996 201604  2.422  -96.8541   40.6954    18.6     6.2    12.4    12.4   115.4    18.3 C    24.6     4.4    12.6
94996 201605  2.422  -96.8541   40.6954    22.2     9.8    16.0    16.2   179.2    22.0 C    28.1     8.2    16.4
94996 201606  2.422  -96.8541   40.6954    30.9    17.9    24.4    24.7    45.2    27.1 C    39.8    16.0    25.5
94996 201607  2.422  -96.8541   40.6954    29.8    18.8    24.3    24.3    85.4    21.3 C    37.9    17.1    25.1
94996 201608  2.422  -96.8541   40.6954    29.0    17.6    23.3    23.0   149.2    19.6 C    35.7    15.8    23.4
94996 201609  2.422  -96.8541   40.6954    26.9    14.5    20.7    20.4    54.4    16.0 C    32.9    12.4    20.1
94996 201610  2.422  -96.8541   40.6954    21.4     7.4    14.4    14.2    73.3    11.8 C    26.5     4.9    13.4
94996 201611  2.422  -96.8541   40.6954    14.7     2.2     8.5     8.1    14.6     7.8 C    18.5    -1.2     6.7
94996 201612  2.422  -96.8541   40.6954     2.4    -8.5    -3.0    -3.1    34.9     6.1 C     5.9   -11.7    -4.0
94996 201701  2.422  -96.8541   40.6954     1.8    -6.8    -2.5    -2.6    28.9     6.7 C     5.2    -9.8    -3.2
94996 201702  2.422  -96.8541   40.6954    10.8    -3.1     3.8     3.6    15.2    10.9 C    17.3    -7.3     2.9
94996 201703  2.422  -96.8541   40.6954    12.7    -0.2     6.3     6.0    41.1    11.1 C    19.4    -2.8     6.1
94996 201704  2.422  -96.8541   40.6954    17.5     5.7    11.6    11.5    91.0    14.3 C    24.9     3.7    11.9
94996 201705  2.422  -96.8541   40.6954    23.0     9.8    16.4    16.5   140.7    22.6 C    34.7     7.3    17.8
94996 201706  2.422  -96.8541   40.6954    29.4    16.0    22.7    23.0   109.7    25.4 C    44.0    13.8    25.3
94996 201707  2.422  -96.8541   40.6954    31.2    19.0    25.1    25.1    85.5    22.5 C    41.3    17.6    26.6
