37201 201105  2.003  128.9158   71.5855    -2.5    -9.1    -5.8    -5.5 -9999.0    18.6 R     4.3    -8.5    -2.4
37201 201106  2.003  128.9158   71.5855     5.3     0.6     2.9     2.6    31.6    17.6 R    17.1     1.8     7.3
37201 201107  2.003  128.9158   71.5855 -9999.0 -9999.0 -9999.0 -9999.0 -9999.0    14.9 R    22.3     6.7    12.9
37201 201108  2.003  128.9158   71.5855 -9999.0 -9999.0 -9999.0 -9999.0 -9999.0 -9999.0 U -9999.0 -9999.0 -9999.0
37201 201109  2.003  128.9158   71.5855     3.8    -1.3     1.3     1.5    35.5     4.2 R     5.4    -1.8     1.3
37201 201110  2.003  128.9158   71.5855    -5.2   -12.2    -8.7    -8.3    12.2     1.5 R    -5.9   -13.3    -9.2
37201 201111  2.003  128.9158   71.5855   -18.2   -23.8   -21.0   -20.7     2.5     0.1 R   -19.5   -24.8   -21.9
37201 201112  2.003  128.9158   71.5855 -9999.0 -9999.0 -9999.0 -9999.0     4.5     0.0 R   -23.3   -29.8   -26.6
37201 201201  2.003  128.9158   71.5855 -9999.0 -9999.0 -9999.0 -9999.0     1.7     0.0 R   -27.4   -33.4   -30.7
37201 201202  2.003  128.9158   71.5855 -9999.0 -9999.0 -9999.0 -9999.0     8.8     0.7 R   -25.6   -32.2   -29.1
37201 201203  2.003  128.9158   71.5855 -9999.0 -9999.0 -9999.0 -9999.0 -9999.0     5.7 R   -25.6   -36.8   -31.7
37201 201204  2.003  128.9158   71.5855   -17.0   -25.5   -21.3   -20.9    15.6    13.3 R   -14.0   -25.7   -20.0
37201 201205  2.003  128.9158   71.5855 -9999.0 -9999.0 -9999.0 -9999.0 -9999.0 -9999.0 U -9999.0 -9999.0 -9999.0
37201 201206  2.003  128.9158   71.5855    10.4     1.6     6.0     5.7    12.3    18.9 R    21.9     2.7    10.4
37201 201207  2.003  128.9158   71.5855    16.1     6.7    11.4    11.4    29.8    15.0 R    24.9     7.0    13.9
37201 201208  2.003  128.9158   71.5855    12.4     6.1     9.2     9.5    41.5     8.1 R    16.0     5.8    10.1
37201 201209  2.003  128.9158   71.5855     5.7     0.4     3.1     3.4    14.7     5.1 R     8.6    -0.3     3.4
37201 201210  2.003  128.9158   71.5855    -8.3   -15.1   -11.7   -11.1     5.8     1.5 R    -7.8   -16.0   -11.6
37201 201211  2.003  128.9158   71.5855   -16.5   -23.6   -20.0   -20.1     6.6     0.0 R   -17.6   -24.3   -21.0
37201 201212  2.003  128.9158   71.5855 -9999.0 -9999.0 -9999.0 -9999.0 -9999.0     0.0 R   -26.3   -32.3   -29.5
37201 201301  2.003  128.9158   71.5855 -9999.0 -9999.0 -9999.0 -9999.0 -9999.0     0.0 R   -32.5   -38.7   -35.8
37201 201302  2.003  128.9158   71.5855 -9999.0 -9999.0 -9999.0 -9999.0 -9999.0 -9999.0 U -9999.0 -9999.0 -9999.0
37201 201303  2.003  128.9158   71.5855 -9999.0 -9999.0 -9999.0 -9999.0 -9999.0 -9999.0 U -9999.0 -9999.0 -9999.0
37201 201304  2.003  128.9158   71.5855   -11.5   -22.9   -17.2   -16.1    16.1    14.0 R    -7.6   -22.9   -15.1
37201 201305  2.003  128.9158   71.5855     0.7    -7.3    -3.3    -3.2    13.1    18.0 R     5.5    -6.1    -0.8
37201 201306  2.003  128.9158   71.5855     7.5     0.2     3.9     3.5    27.6    15.7 R    13.5     1.0     5.9
37201 201307  2.003  128.9158   71.5855     9.8     3.0     6.4     6.4    47.2    16.1 R    19.4     4.0    10.2
37201 201308  2.003  128.9158   71.5855    10.9     4.5     7.7     7.9    58.9     8.5 R    16.4     4.2     9.2
37201 201309  2.003  128.9158   71.5855     4.0    -0.5     1.7     2.1    19.8     4.1 R     5.3    -0.9     2.0
37201 201310  2.003  128.9158   71.5855    -5.5   -10.7    -8.1    -8.0     6.8     1.6 R    -5.9   -11.6    -8.6
37201 201311  2.003  128.9158   71.5855   -15.7   -21.7   -18.7   -18.6    11.8     0.0 R   -16.8   -22.6   -19.6
37201 201312  2.003  128.9158   71.5855   -18.6   -26.7   -22.7   -22.4     6.3     0.0 R   -19.9   -27.4   -23.6
37201 201401  2.003  128.9158   71.5855 -9999.0 -9999.0 -9999.0 -9999.0     5.0     0.0 R   -32.5   -38.5   -35.6
37201 201402  2.003  128.9158   71.5855 -9999.0 -9999.0 -9999.0 -9999.0     0.3     0.7 R   -32.2   -39.8   -35.8
37201 201403  2.003  128.9158   71.5855   -15.2   -24.8   -20.0   -19.1     6.2     4.8 R   -15.0   -25.4   -19.8
37201 201404  2.003  128.9158   71.5855    -4.7   -13.8    -9.3    -8.9     5.9    13.0 R    -3.2   -13.9    -8.4
37201 201405  2.003  128.9158   71.5855    -1.1    -8.0    -4.5    -4.1     4.4    17.8 R     2.9    -7.5    -2.3
37201 201406  2.003  128.9158   71.5855     9.1     1.0     5.1     4.7    40.5    18.7 R    17.3     1.9     8.1
37201 201407  2.003  128.9158   71.5855    12.3     5.0     8.6     8.6    55.0    15.6 R    19.4     5.4    11.2
37201 201408  2.003  128.9158   71.5855    13.8     6.6    10.2    10.1    51.8     8.3 R    16.5     6.2    10.6
37201 201409  2.003  128.9158   71.5855     6.0     0.6     3.3     3.5    21.5     4.8 R     7.8     0.0     3.2
37201 201410  2.003  128.9158   71.5855    -4.9   -10.4    -7.7    -7.3     1.6     1.3 R    -4.9   -10.9    -7.6
37201 201411  2.003  128.9158   71.5855   -20.4   -27.8   -24.1   -24.0     2.7     0.1 R   -21.8   -28.6   -25.2
37201 201412  2.003  128.9158   71.5855   -26.1   -33.6   -29.8   -30.0     1.1     0.0 R   -27.6   -34.4   -31.3
37201 201501  2.003  128.9158   71.5855   -24.3   -31.5   -27.9   -27.9     0.0     0.0 R   -25.7   -32.2   -29.1
37201 201502  2.003  128.9158   71.5855 -9999.0 -9999.0 -9999.0 -9999.0     2.9     0.8 R   -22.6   -30.2   -26.1
37201 201503  2.003  128.9158   71.5855   -14.2   -21.4   -17.8   -17.4     5.0     4.3 R   -14.0   -23.2   -18.8
37201 201504  2.003  128.9158   71.5855   -16.3   -24.9   -20.6   -19.8     0.0    13.7 R    -9.4   -24.5   -17.1
37201 201505  2.003  128.9158   71.5855    -5.1   -11.7    -8.4    -8.1     3.7    19.9 R    -0.1   -10.7    -5.6
37201 201506  2.003  128.9158   71.5855     7.8     0.7     4.3     3.9 -9999.0    18.5 R    16.1     1.6     7.2
37201 201507  2.003  128.9158   71.5855    11.0     4.2     7.6     7.5 -9999.0    11.8 R    16.4     5.4     9.7
37201 201508  2.003  128.9158   71.5855    11.8     5.5     8.6     8.8 -9999.0     8.1 R    14.6     5.2     9.2
37201 201509  2.003  128.9158   71.5855     6.1    -0.1     3.0     3.3 -9999.0     4.5 R     7.8    -0.2     3.4
37201 201510  2.003  128.9158   71.5855    -6.5   -12.6    -9.6    -9.0    10.6     1.6 R    -6.6   -13.2    -9.3
37201 201511  2.003  128.9158   71.5855   -15.3   -21.2   -18.2   -17.9     8.4     0.0 R   -16.2   -21.7   -18.7
37201 201512  2.003  128.9158   71.5855   -24.3   -32.7   -28.5   -28.5    43.6     0.0 R   -25.8   -33.5   -29.6
37201 201601  2.003  128.9158   71.5855   -22.2   -29.9   -26.0   -25.9    40.2     0.0 R   -22.7   -30.1   -26.3
37201 201602  2.003  128.9158   71.5855   -28.6   -36.7   -32.6   -32.5     3.3     0.8 R   -29.4   -37.1   -33.4
37201 201603  2.003  128.9158   71.5855   -19.8   -28.9   -24.3   -23.7     9.5     5.2 R   -18.0   -29.4   -23.8
37201 201604  2.003  128.9158   71.5855   -14.1   -24.1   -19.1   -18.4    10.6    13.5 R    -8.3   -24.3   -16.7
37201 201605  2.003  128.9158   71.5855    -4.6   -10.8    -7.7    -7.2    21.2    20.0 R     2.5    -9.5    -3.9
37201 201606  2.003  128.9158   71.5855     9.6     1.0     5.3     4.9    24.0    20.3 R    18.0     1.9     8.4
37201 201607  2.003  128.9158   71.5855    11.2     3.8     7.5     7.4    33.3    16.1 R    19.0     4.3    10.3
37201 201608  2.003  128.9158   71.5855    11.1     4.2     7.7     7.6    35.6     8.9 R    14.7     4.0     8.3
37201 201609  2.003  128.9158   71.5855     6.8     0.1     3.5     3.9    27.5     5.2 R     9.2    -0.1     4.3
37201 201610  2.003  128.9158   71.5855    -5.4   -10.1    -7.8    -7.3    16.6     1.2 R    -5.5   -10.5    -7.6
37201 201611  2.003  128.9158   71.5855 -9999.0 -9999.0 -9999.0 -9999.0 -9999.0 -9999.0 U -9999.0 -9999.0 -9999.0
37201 201612  2.003  128.9158   71.5855   -28.0   -34.9   -31.4   -31.5     1.5     0.0 R   -28.9   -35.5   -32.3
37201 201701  2.003  128.9158   71.5855   -25.1   -32.0   -28.6   -28.3     4.2     0.0 R   -26.3   -32.4   -29.2
37201 201702  2.003  128.9158   71.5855   -24.7   -32.3   -28.5   -28.4     0.7     0.8 R   -25.2   -32.8   -29.2
37201 201703  2.003  128.9158   71.5855   -10.0   -18.1   -14.0   -13.8     5.6     4.4 R   -10.4   -18.7   -14.2
37201 201704  2.003  128.9158   71.5855    -8.6   -18.5   -13.5   -12.6     3.4    13.6 R    -4.7   -18.6   -11.6
37201 201705  2.003  128.9158   71.5855    -6.7   -12.4    -9.6    -8.9    19.5    20.4 R    -1.9   -12.3    -7.0
37201 201706  2.003  128.9158   71.5855     8.7    -0.3     4.2     4.1    47.8    21.3 R    15.0     1.0     7.1
37201 201707  2.003  128.9158   71.5855    11.6     3.6     7.6     7.3    23.0    13.4 R    16.5     3.7     8.9
