96407 201508  2.515 -159.0036   66.5620 -9999.0 -9999.0 -9999.0 -9999.0 -9999.0 -9999.0 U -9999.0 -9999.0 -9999.0
96407 201509  2.515 -159.0036   66.5620     7.3    -1.5     2.9     2.9    31.0     7.4 C    10.1    -5.4     2.0
96407 201510  2.515 -159.0036   66.5620     1.8    -3.8    -1.0    -0.9 -9999.0     2.4 C     1.7    -6.5    -2.2
96407 201511  2.515 -159.0036   66.5620 -9999.0 -9999.0 -9999.0 -9999.0 -9999.0 -9999.0 U -9999.0 -9999.0 -9999.0
96407 201512  2.515 -159.0036   66.5620 -9999.0 -9999.0 -9999.0 -9999.0 -9999.0 -9999.0 U -9999.0 -9999.0 -9999.0
96407 201601  2.515 -159.0036   66.5620 -9999.0 -9999.0 -9999.0 -9999.0 -9999.0 -9999.0 U -9999.0 -9999.0 -9999.0
96407 201602  2.515 -159.0036   66.5620 -9999.0 -9999.0 -9999.0 -9999.0 -9999.0 -9999.0 U -9999.0 -9999.0 -9999.0
96407 201603  2.515 -159.0036   66.5620 -9999.0 -9999.0 -9999.0 -9999.0     8.3     8.2 C   -14.4   -27.6   -20.5
96407 201604  2.515 -159.0036   66.5620     1.8    -7.2    -2.7    -2.6     7.0    16.6 C     1.2    -9.8    -4.0
96407 201605  2.515 -159.0036   66.5620    12.8     1.6     7.2     7.3    39.8    18.3 C    20.1    -0.9     8.7
96407 201606  2.515 -159.0036   66.5620    18.1     7.6    12.8    12.9    18.9    23.7 C    28.1     3.7    15.0
96407 201607  2.515 -159.0036   66.5620    19.9    10.7    15.3    15.3    49.1    18.7 C    27.8     7.0    16.3
96407 201608  2.515 -159.0036   66.5620    18.2     8.9    13.6    13.4   116.3    11.6 C    23.6     5.7    13.4
96407 201609  2.515 -159.0036   66.5620    10.3     1.1     5.7     5.6    52.5     7.3 C    13.2    -2.8     4.5
96407 201610  2.515 -159.0036   66.5620     3.2    -5.2    -1.0    -1.2    13.1     3.0 C     2.2    -8.9    -3.4
96407 201611  2.515 -159.0036   66.5620   -10.5   -17.0   -13.8   -13.9 -9999.0     0.3 C   -11.5   -20.1   -15.7
96407 201612  2.515 -159.0036   66.5620 -9999.0 -9999.0 -9999.0 -9999.0 -9999.0 -9999.0 U -9999.0 -9999.0 -9999.0
96407 201701  2.515 -159.0036   66.5620 -9999.0 -9999.0 -9999.0 -9999.0 -9999.0 -9999.0 U -9999.0 -9999.0 -9999.0
96407 201702  2.515 -159.0036   66.5620   -16.5   -25.6   -21.1   -21.2    11.0     2.1 C   -17.3   -28.4   -23.1
96407 201703  2.515 -159.0036   66.5620   -19.4   -30.2   -24.8   -24.3     1.7     8.6 C   -20.1   -35.3   -27.3
96407 201704  2.515 -159.0036   66.5620     0.7    -9.6    -4.5    -4.1     2.8    16.6 C    -0.8   -13.6    -6.8
96407 201705  2.515 -159.0036   66.5620    10.2    -1.4     4.4     4.4    17.0    19.1 C    18.6    -3.2     6.2
96407 201706  2.515 -159.0036   66.5620    19.0     7.5    13.2    13.3     6.1    18.8 C    27.9     4.3    14.7
96407 201707  2.515 -159.0036   66.5620    20.9    12.4    16.7    16.5    61.2    15.6 C    27.7     9.0    17.2
