23909 200705  1.302  -91.7226   37.6344 -9999.0 -9999.0 -9999.0 -9999.0 -9999.0 -9999.0 U -9999.0 -9999.0 -9999.0
23909 200706  1.302  -91.7226   37.6344    28.1    15.1    21.6    21.7   121.4    23.1 R    43.7    14.9    24.8
23909 200707  1.302  -91.7226   37.6344    29.5    15.7    22.6    22.8    30.2    24.3 R    42.7    15.5    25.4
23909 200708  1.302  -91.7226   37.6344    34.2    17.9    26.0    25.8    95.5    21.0 R    47.7    17.5    28.0
23909 200709  1.302  -91.7226   37.6344    27.4    13.1    20.3    20.0    36.9    16.8 R    36.3    12.6    21.1
23909 200710  1.302  -91.7226   37.6344    22.0     7.0    14.5    14.6    21.0    13.0 R    30.0     5.5    14.8
23909 200711  1.302  -91.7226   37.6344    14.0    -0.9     6.6     6.7    43.6     9.2 R    20.5    -1.9     6.8
23909 200712  1.302  -91.7226   37.6344     7.7    -3.8     2.0     2.1    85.4     5.6 R    10.9    -4.4     1.8
23909 200801  1.302  -91.7226   37.6344     6.3    -7.3    -0.5    -0.4    70.5     8.2 R    12.6    -8.6    -0.1
23909 200802  1.302  -91.7226   37.6344     5.8    -5.0     0.4     0.4   117.2     8.9 R    10.1    -5.3     0.9
23909 200803  1.302  -91.7226   37.6344    13.5    -0.8     6.4     6.6   295.8    12.9 R    23.4    -2.0     7.4
23909 200804  1.302  -91.7226   37.6344    18.0     5.1    11.6    11.7   108.3    16.8 R    32.9     3.9    12.9
23909 200805  1.302  -91.7226   37.6344    22.7     9.8    16.3    16.8   118.6    18.6 R    36.3     9.0    18.2
23909 200806  1.302  -91.7226   37.6344    27.3    16.2    21.8    21.9   112.7    22.2 R    34.8    15.5    22.1
23909 200807  1.302  -91.7226   37.6344    29.5    17.4    23.4    23.6    99.7    22.4 R    35.3    16.9    23.7
23909 200808  1.302  -91.7226   37.6344    28.8    15.6    22.2    22.0   110.2    20.3 R    34.4    15.0    22.4
23909 200809  1.302  -91.7226   37.6344    25.2    11.9    18.5    18.2   200.6    15.2 R    30.5    11.5    18.5
23909 200810  1.302  -91.7226   37.6344    20.3     5.3    12.8    12.5 -9999.0    13.6 R    27.1     4.9    12.9
23909 200811  1.302  -91.7226   37.6344    12.4    -0.2     6.1     6.2 -9999.0     9.0 R    18.8    -0.8     6.1
23909 200812  1.302  -91.7226   37.6344     6.0    -6.8    -0.4     0.1    86.0     6.2 R    13.7    -6.6     0.3
23909 200901  1.302  -91.7226   37.6344     4.8    -8.1    -1.7    -2.0    39.0     8.4 R    10.9    -8.3    -1.9
23909 200902  1.302  -91.7226   37.6344    10.5    -2.9     3.8     3.7 -9999.0    10.5 R    16.2    -3.9     3.4
23909 200903  1.302  -91.7226   37.6344    15.6     1.0     8.3     8.9 -9999.0    15.3 R    27.1    -0.2     9.5
23909 200904  1.302  -91.7226   37.6344    17.5     5.7    11.6    12.1   154.8    15.3 R    27.4     4.7    12.9
23909 200905  1.302  -91.7226   37.6344    22.8    10.5    16.7    17.0   182.8    19.5 R    33.1    10.1    18.1
23909 200906  2.402  -91.7226   37.6344    28.2    16.5    22.4    22.6   198.8    23.0 R    36.8    16.0    23.5
23909 200907  2.402  -91.7226   37.6344    27.3    15.5    21.4    21.5    89.2    19.5 R    44.0    15.2    24.6
23909 200908  2.402  -91.7226   37.6344    28.3    14.5    21.4    21.5    61.0    20.3 R    38.4    14.3    23.0
23909 200909  2.402  -91.7226   37.6344    24.4    12.4    18.4    18.2   194.5    14.9 R    31.3    12.3    19.2
23909 200910  2.402  -91.7226   37.6344    16.0     5.6    10.8    10.5   251.7     9.0 R    22.8     5.5    11.3
23909 200911  2.402  -91.7226   37.6344    16.6     2.8     9.7     9.7    82.4     9.3 R    23.2     2.4     9.7
23909 200912  2.402  -91.7226   37.6344     5.0    -5.1    -0.1    -0.3    47.2     5.7 R    13.0    -5.3     0.2
23909 201001  2.402  -91.7226   37.6344     4.2    -6.9    -1.4    -1.5 -9999.0     7.4 R    11.2    -8.1    -1.8
23909 201002  2.402  -91.7226   37.6344     4.0    -7.0    -1.5    -1.3 -9999.0    10.4 R    11.2    -7.3    -0.6
23909 201003  2.402  -91.7226   37.6344    14.0     0.9     7.4     7.4 -9999.0    12.6 R    22.1     0.3     8.0
23909 201004  2.402  -91.7226   37.6344    22.9     7.4    15.2    15.5   124.4    19.3 R    30.3     6.6    16.2
23909 201005  2.402  -91.7226   37.6344    23.8    10.6    17.2    17.7   132.0    19.4 R    29.7    10.4    18.6
23909 201006  2.402  -91.7226   37.6344    30.2    17.4    23.8    24.1    92.8    24.2 R    35.0    17.3    25.1
23909 201007  2.402  -91.7226   37.6344    32.0    18.8    25.4    25.1   143.4    21.6 R    37.8    18.7    26.3
23909 201008  2.402  -91.7226   37.6344    32.7    16.9    24.8    24.7    39.6    21.2 R    39.7    16.8    26.0
23909 201009  2.402  -91.7226   37.6344    26.1    12.0    19.1    19.1   198.2    16.1 R    31.3    12.0    20.0
23909 201010  2.402  -91.7226   37.6344    22.8     4.2    13.5    13.5    10.6    14.8 R    28.2     3.7    14.0
23909 201011  2.402  -91.7226   37.6344    15.3     0.4     7.9     7.9   105.7     9.0 R    19.1    -0.2     8.1
23909 201012  2.402  -91.7226   37.6344     4.2    -6.8    -1.3    -1.0    36.0     6.3 R     6.9    -6.8    -0.6
23909 201101  2.402  -91.7226   37.6344     4.0    -8.1    -2.1    -1.9    13.3     7.8 R     7.5    -8.1    -1.4
23909 201102  2.402  -91.7226   37.6344     8.0    -5.6     1.2     1.9    90.9     9.6 R    11.3    -6.1     2.2
23909 201103  2.402  -91.7226   37.6344    13.4     1.1     7.3     7.2   127.7    10.8 R    19.6     1.1     7.9
23909 201104  2.402  -91.7226   37.6344    21.7     8.0    14.8    14.9 -9999.0    15.5 R    28.3     7.6    15.6
23909 201105  2.402  -91.7226   37.6344    22.0    11.5    16.7    16.7   190.9    17.7 R    27.3    11.4    17.7
23909 201106  2.402  -91.7226   37.6344    29.4    17.0    23.2    23.5   112.3    22.7 R    33.9    16.6    24.2
23909 201107  2.402  -91.7226   37.6344    33.5    19.7    26.6    26.3    49.0    23.1 R    40.0    19.3    27.5
23909 201108  2.402  -91.7226   37.6344    30.0    18.3    24.2    24.0   176.3    19.3 R    35.2    18.0    24.9
23909 201109  2.402  -91.7226   37.6344    23.5     9.5    16.5    16.4    70.5    15.9 R    28.7     9.1    17.1
23909 201110  2.402  -91.7226   37.6344    21.1     5.1    13.1    12.7    47.4    14.1 R    26.5     4.6    13.1
23909 201111  2.402  -91.7226   37.6344    14.2     3.3     8.8     8.6    99.8     7.2 R    17.2     3.0     8.7
23909 201112  2.402  -91.7226   37.6344     9.2    -3.1     3.0     3.1    96.7     6.5 R    12.1    -3.1     3.2
23909 201201  2.402  -91.7226   37.6344     9.5    -4.7     2.4     2.6    44.0     8.3 R    12.9    -4.9     2.6
23909 201202  2.402  -91.7226   37.6344    10.1    -2.6     3.7     4.1    65.1    10.4 R    14.9    -2.7     4.6
23909 201203  2.402  -91.7226   37.6344    22.3     6.7    14.5    14.6    60.6    15.2 R    27.3     6.1    14.9
23909 201204  2.412  -91.7226   37.6344    21.6     6.8    14.2    14.7    66.2    18.1 R    30.1     5.6    15.1
23909 201205  2.412  -91.7226   37.6344    27.7    11.0    19.3    19.8    29.6    24.7 C    37.0     9.6    21.0
23909 201206  2.412  -91.7226   37.6344    31.1    12.9    22.0    22.8    37.0    26.0 C    41.6    11.9    24.4
23909 201207  2.412  -91.7226   37.6344    36.2    18.4    27.3    27.2    32.7    23.0 C    48.5    17.4    29.1
23909 201208  2.412  -91.7226   37.6344    31.1    14.8    22.9    23.0   166.7    19.6 C    40.7    14.1    24.2
23909 201209  2.412  -91.7226   37.6344    24.7    11.5    18.1    18.0   109.6    16.1 C    30.3    11.0    18.6
23909 201210  2.412  -91.7226   37.6344    18.2     4.8    11.5    11.6   107.4    12.7 C    23.4     3.9    11.8
23909 201211  2.412  -91.7226   37.6344    14.3    -1.2     6.6     6.4    47.9    10.5 C    18.8    -2.1     6.0
23909 201212  2.412  -91.7226   37.6344    10.3    -2.4     3.9     3.9    30.4     6.6 C    12.7    -3.3     3.4
23909 201301  2.412  -91.7226   37.6344     8.0    -5.2     1.4     1.4    97.6     7.9 C    11.8    -6.0     1.1
23909 201302  2.412  -91.7226   37.6344     7.3    -4.0     1.7     1.7   101.6    10.6 C    11.6    -5.2     1.5
23909 201303  2.412  -91.7226   37.6344     9.9    -2.8     3.5     3.8   142.4    12.3 C    16.1    -4.0     4.0
23909 201304  2.412  -91.7226   37.6344    18.8     4.0    11.4    11.8   130.6    17.0 C    25.2     2.6    12.2
23909 201305  2.422  -91.7226   37.6344    22.9    10.5    16.7    16.8   147.3    19.3 C    29.6     8.9    17.2
23909 201306  2.422  -91.7226   37.6344    27.3    15.1    21.2    21.4    73.8    23.1 C    31.3    13.7    21.2
23909 201307  2.422  -91.7226   37.6344    29.3    14.8    22.0    22.0   105.2    22.5 C    35.4    13.7    22.6
23909 201308  2.422  -91.7226   37.6344    28.5    15.5    22.0    21.9   177.3    19.6 C    33.0    14.8    22.1
23909 201309  2.422  -91.7226   37.6344    27.7    11.9    19.8    19.5    59.3    17.4 C    33.2    10.8    19.6
23909 201310  2.422  -91.7226   37.6344    19.8     5.0    12.4    12.3    81.2    12.9 C    23.6     4.1    12.2
23909 201311  2.422  -91.7226   37.6344    12.0    -1.5     5.2     5.2    53.9     8.7 C    14.2    -2.3     4.7
23909 201312  2.422  -91.7226   37.6344     6.4    -6.6    -0.1     0.1    60.8     7.0 C     7.0    -7.5    -0.9
23909 201401  2.422  -91.7226   37.6344     4.0   -11.2    -3.6    -2.8    39.8     9.0 C     5.9   -11.9    -3.4
23909 201402  2.422  -91.7226   37.6344     4.7    -9.2    -2.3    -1.8    14.8    10.8 C     9.0   -10.2    -1.8
23909 201403  2.422  -91.7226   37.6344    12.6    -4.5     4.0     4.5    66.2    16.6 C    18.7    -6.4     4.4
23909 201404  2.422  -91.7226   37.6344    20.2     5.2    12.7    12.8    77.6    17.7 C    28.2     2.9    12.9
23909 201405  2.422  -91.7226   37.6344    25.0    11.0    18.0    18.3   116.4    20.8 C    32.9     9.4    18.9
23909 201406  2.422  -91.7226   37.6344    27.2    16.5    21.9    22.1    92.5    19.9 C    31.7    15.3    22.2
23909 201407  2.422  -91.7226   37.6344    28.6    13.4    21.0    21.5    34.6    23.4 C    34.8    12.2    21.9
23909 201408  2.422  -91.7226   37.6344    32.0    16.3    24.2    23.8    89.1    19.9 C    39.2    15.2    24.2
23909 201409  2.422  -91.7226   37.6344    26.1    10.3    18.2    18.2    43.3    15.4 C    31.0     9.5    18.3
23909 201410  2.422  -91.7226   37.6344    20.9     5.8    13.3    13.3   131.3    12.1 C    24.7     5.0    12.9
23909 201411  2.422  -91.7226   37.6344     9.5    -3.8     2.9     3.3    65.4     8.8 C    13.1    -4.5     3.1
23909 201412  2.422  -91.7226   37.6344 -9999.0 -9999.0 -9999.0 -9999.0    72.6     4.0 C     8.3    -1.0     2.9
23909 201501  2.422  -91.7226   37.6344     6.1    -7.0    -0.4    -0.2    32.6     8.1 C     8.6    -7.5    -0.7
23909 201502  2.422  -91.7226   37.6344     2.9    -9.9    -3.5    -3.2    72.7    10.6 C     6.7   -10.6    -2.8
23909 201503  2.422  -91.7226   37.6344    13.9    -0.8     6.6     6.8    79.3    13.2 C    20.1    -3.0     6.4
23909 201504  2.422  -91.7226   37.6344    20.6     7.2    13.9    14.1    52.9    16.6 C    31.1     4.1    14.3
23909 201505  2.422  -91.7226   37.6344    23.5    12.1    17.8    18.0   161.2    19.1 C    31.4     9.9    18.5
23909 201506  2.422  -91.7226   37.6344    27.5    17.2    22.4    22.6   141.7    19.8 C    31.6    15.9    22.4
23909 201507  2.422  -91.7226   37.6344    29.8    19.5    24.7    24.4   240.5    19.9 C    33.5    18.2    24.3
23909 201508  2.422  -91.7226   37.6344    28.2    15.2    21.7    21.5   130.8    19.7 C    31.8    13.8    21.2
23909 201509  2.422  -91.7226   37.6344    27.5    13.0    20.3    19.9    42.2    16.4 C    31.5    11.5    19.5
23909 201510  2.422  -91.7226   37.6344    20.9     6.0    13.5    13.5    37.7    11.3 C    24.1     4.5    12.9
23909 201511  2.422  -91.7226   37.6344    15.6     1.7     8.6     8.5   246.3     7.5 C    18.1     0.8     8.1
23909 201512  2.422  -91.7226   37.6344    12.1    -0.2     6.0     5.8   249.5     6.0 C    14.5    -1.8     5.0
23909 201601  2.422  -91.7226   37.6344     6.1    -6.5    -0.2     0.0    29.2     8.0 C    10.3    -8.4    -0.3
23909 201602  2.422  -91.7226   37.6344    10.3    -3.2     3.6     3.6    42.0    10.2 C    14.7    -5.8     2.9
23909 201603  2.422  -91.7226   37.6344    17.3     2.9    10.1    10.2    66.3    12.8 C    23.7     0.4     9.9
23909 201604  2.422  -91.7226   37.6344    21.2     6.6    13.9    14.2    72.5    18.1 C    29.0     3.2    14.0
23909 201605  2.422  -91.7226   37.6344    22.7     9.0    15.9    16.3   184.4    20.2 C    30.9     7.2    17.0
23909 201606  2.422  -91.7226   37.6344    30.0    15.9    22.9    23.3    48.7    23.7 C    34.7    14.3    23.3
23909 201607  2.422  -91.7226   37.6344    30.5    18.7    24.6    24.4   194.4    19.2 C    34.7    17.5    24.3
23909 201608  2.422  -91.7226   37.6344    29.6    18.3    23.9    23.6    67.2    17.9 C    34.7    17.2    23.8
23909 201609  2.422  -91.7226   37.6344    28.0    13.2    20.6    20.3   170.3    17.3 C    33.0    11.9    20.3
23909 201610  2.422  -91.7226   37.6344    23.9     9.3    16.6    16.0   112.7    12.0 C    28.3     7.5    15.2
23909 201611  2.422  -91.7226   37.6344    17.0     1.6     9.3     9.1    19.7     9.1 C    20.2    -0.6     7.7
23909 201612  2.422  -91.7226   37.6344     6.8    -5.3     0.7     0.7    36.1     6.0 C     9.0    -7.1    -0.2
23909 201701  2.422  -91.7226   37.6344     8.0    -3.7     2.1     2.6    62.0     6.0 C    10.7    -5.3     1.9
23909 201702  2.422  -91.7226   37.6344    15.2    -0.4     7.4     7.8    35.2    10.7 C    20.3    -3.3     6.9
23909 201703  2.422  -91.7226   37.6344    15.9     2.8     9.4     9.3   120.0    12.3 C    22.3     0.4     9.1
23909 201704  2.422  -91.7226   37.6344    21.6     8.2    14.9    15.1   333.7    15.4 C    29.2     5.5    14.9
23909 201705  2.422  -91.7226   37.6344    23.8    10.1    16.9    17.2   207.1    21.2 C    37.4     7.7    19.0
23909 201706  2.422  -91.7226   37.6344    28.3    14.1    21.2    21.5   157.2    25.2 C    47.2    12.9    25.5
23909 201707  2.422  -91.7226   37.6344    31.8    16.9    24.4    24.9    36.1    24.3 C    48.0    15.7    28.2
