53182 201106  2.402 -101.6097   36.5682 -9999.0 -9999.0 -9999.0 -9999.0 -9999.0 -9999.0 U -9999.0 -9999.0 -9999.0
53182 201107  2.402 -101.6097   36.5682    38.5    20.7    29.6    29.7     6.3    18.9 R    63.9    20.6    36.2
53182 201108  2.402 -101.6097   36.5682    36.8    20.2    28.5    27.9    34.3    16.6 R    57.0    19.6    32.4
53182 201109  2.402 -101.6097   36.5682    28.4    12.8    20.6    20.4    31.7    14.6 R    45.0    11.7    23.7
53182 201110  2.402 -101.6097   36.5682    23.2     6.8    15.0    14.4    10.7    11.7 R    34.9     5.1    15.7
53182 201111  2.402 -101.6097   36.5682    15.5    -0.1     7.7     7.1    10.7     7.7 R    20.4    -1.0     7.5
53182 201112  2.402 -101.6097   36.5682     4.5    -5.7    -0.6    -0.6    27.6     5.6 R     7.0    -6.1    -0.4
53182 201201  2.402 -101.6097   36.5682    12.5    -4.0     4.3     3.6     0.5     8.0 R    15.4    -4.1     3.8
53182 201202  2.402 -101.6097   36.5682    10.1    -4.0     3.0     3.0     4.4     8.4 R    15.3    -4.1     4.0
53182 201203  2.412 -101.6097   36.5682    22.0     4.2    13.1    13.0    39.6    18.6 C    36.4     2.0    14.9
53182 201204  2.412 -101.6097   36.5682    23.5     7.7    15.6    15.5    42.4    21.1 C    35.9     5.7    17.4
53182 201205  2.412 -101.6097   36.5682    28.8    11.7    20.2    20.6    22.7    25.2 C    46.7    10.4    24.7
53182 201206  2.412 -101.6097   36.5682    34.4    17.9    26.2    26.0    51.5    26.9 C    52.0    16.6    30.1
53182 201207  2.412 -101.6097   36.5682    35.9    20.0    28.0    28.2    68.9    27.3 C    55.8    19.1    33.3
53182 201208  2.412 -101.6097   36.5682    34.3    17.1    25.7    25.4    18.4    23.8 C    55.3    16.3    30.8
53182 201209  2.412 -101.6097   36.5682    29.3    12.1    20.7    20.5    76.8    19.6 C    44.4    11.2    23.2
53182 201210  2.412 -101.6097   36.5682    21.3     4.6    12.9    12.6     7.1    15.8 C    32.7     3.2    14.1
53182 201211  2.412 -101.6097   36.5682    18.9     0.5     9.7     9.3     0.0    12.6 C    28.1    -2.1     8.6
53182 201212  2.412 -101.6097   36.5682    10.5    -5.1     2.7     2.1    19.0     9.3 C    14.4    -7.6     0.6
53182 201301  2.412 -101.6097   36.5682     8.8    -5.5     1.7     1.0     9.5    11.2 C    12.7    -7.4    -0.2
53182 201302  2.412 -101.6097   36.5682     9.1    -5.2     2.0     2.0    39.3    14.7 C    15.7    -7.7     1.7
53182 201303  2.412 -101.6097   36.5682    16.2    -1.2     7.5     7.4     8.1    19.2 C    30.7    -2.7     9.4
53182 201304  2.422 -101.6097   36.5682    18.7     1.1     9.9     9.8     3.6    20.4 C    36.7    -0.1    14.2
53182 201305  2.422 -101.6097   36.5682    28.1     9.3    18.7    18.8    10.1    24.6 C    50.1     7.6    23.8
53182 201306  2.422 -101.6097   36.5682    33.9    17.3    25.6    25.4    43.4    25.8 C    53.1    15.6    30.1
53182 201307  2.422 -101.6097   36.5682    33.1    18.4    25.8    25.6    35.4    23.5 C    52.0    16.9    29.8
53182 201308  2.422 -101.6097   36.5682    32.5    18.3    25.4    24.9   102.7    22.5 C    48.3    17.2    28.7
53182 201309  2.422 -101.6097   36.5682    30.1    15.3    22.7    22.3    44.5    19.0 C    44.0    14.0    24.8
53182 201310  2.422 -101.6097   36.5682    22.1     4.7    13.4    13.1    21.3    16.3 C    33.0     3.0    14.3
53182 201311  2.422 -101.6097   36.5682    13.7    -1.1     6.3     5.8    13.1    11.2 C    18.3    -3.0     5.1
53182 201312  2.422 -101.6097   36.5682     7.8    -6.6     0.6    -0.1     6.0     9.6 C    12.3    -9.1    -1.7
53182 201401  2.422 -101.6097   36.5682     9.9    -6.7     1.6     1.2     4.8    11.2 C    17.1    -9.5    -0.1
53182 201402  2.422 -101.6097   36.5682     9.4    -7.4     1.0     0.7     4.0    13.5 C    21.8    -9.1     2.6
53182 201403  2.422 -101.6097   36.5682    16.0    -2.1     7.0     6.9     4.7    18.2 C    33.8    -4.7     9.7
53182 201404  2.422 -101.6097   36.5682    21.7     4.0    12.8    12.9    13.1    22.3 C    41.7     1.4    16.6
53182 201405  2.422 -101.6097   36.5682    28.0    10.2    19.1    19.2    78.6    25.3 C    48.5     8.1    23.7
53182 201406  2.422 -101.6097   36.5682    31.2    16.4    23.8    23.7    76.7    26.0 C    45.9    15.4    27.2
53182 201407  2.422 -101.6097   36.5682    32.3    18.0    25.2    24.9    93.4    23.0 C    47.2    17.1    28.3
53182 201408  2.422 -101.6097   36.5682    34.2    17.7    26.0    25.6    20.1    24.2 C    51.2    16.7    29.3
53182 201409  2.422 -101.6097   36.5682    28.2    14.0    21.1    20.5    43.1    18.6 C    39.5    13.4    22.9
53182 201410  2.422 -101.6097   36.5682    24.2     7.1    15.7    15.2    38.9    15.2 C    33.1     6.0    15.8
53182 201411  2.422 -101.6097   36.5682    14.2    -2.6     5.8     5.2     4.2    11.3 C    20.3    -4.1     4.7
53182 201412  2.422 -101.6097   36.5682     9.0    -3.5     2.8     2.1    20.2     8.2 C    11.3    -4.5     1.4
53182 201501  2.422 -101.6097   36.5682     8.5    -4.4     2.1     1.5    28.4     8.8 C     8.0    -5.5     0.0
53182 201502  2.422 -101.6097   36.5682    11.3    -5.2     3.1     2.6    21.8    13.0 C    17.9    -5.8     2.9
53182 201503  2.422 -101.6097   36.5682    18.2     1.0     9.6     9.3    22.0    17.9 C    29.4     0.1    10.9
53182 201504  2.422 -101.6097   36.5682    23.0     5.6    14.3    14.1    44.3    20.8 C    40.5     4.3    17.7
53182 201505  2.422 -101.6097   36.5682    22.8     9.5    16.2    15.8   154.6    20.4 C    32.2     8.8    17.7
53182 201506  2.422 -101.6097   36.5682    32.0    17.1    24.5    24.4    30.7    25.5 C    45.6    16.4    27.9
53182 201507  2.422 -101.6097   36.5682    34.2    18.6    26.4    26.1   109.8    23.3 C    48.9    18.4    30.0
53182 201508  2.422 -101.6097   36.5682    31.7    17.4    24.5    24.1    81.0    22.4 C    39.8    17.2    26.1
53182 201509  2.422 -101.6097   36.5682    31.8    15.3    23.6    23.0    30.6    18.3 C    42.0    14.6    24.9
53182 201510  2.422 -101.6097   36.5682    22.8     8.6    15.7    15.0   124.3    12.8 C    27.8     8.2    15.3
53182 201511  2.422 -101.6097   36.5682    15.5    -0.4     7.6     6.7    39.5    10.7 C    17.3    -0.5     6.0
53182 201512  2.422 -101.6097   36.5682    10.3    -3.5     3.4     2.8    23.9     7.9 C    10.5    -4.3     1.2
53182 201601  2.422 -101.6097   36.5682    10.5    -6.2     2.1     1.4     6.9     9.5 C    13.1    -7.1     0.2
53182 201602  2.422 -101.6097   36.5682    16.4    -2.7     6.9     6.3    10.0    14.2 C    24.8    -4.8     6.1
53182 201603  2.422 -101.6097   36.5682    19.7     0.3    10.0     9.7     8.8    18.4 C    34.2    -1.9    11.4
53182 201604  2.422 -101.6097   36.5682    21.9     5.4    13.6    13.3    94.2    19.9 C    33.3     4.0    15.3
53182 201605  2.422 -101.6097   36.5682    24.4     8.8    16.6    16.4    35.0    22.1 C    34.0     8.1    18.2
53182 201606  2.422 -101.6097   36.5682    33.4    16.6    25.0    24.9    61.4    26.8 C    45.3    16.0    28.0
53182 201607  2.422 -101.6097   36.5682    36.7    18.8    27.7    27.6    54.6    25.4 C    48.9    18.2    30.8
53182 201608  2.422 -101.6097   36.5682    31.4    17.0    24.2    23.6    86.7    20.1 C    42.7    16.7    26.2
53182 201609  2.422 -101.6097   36.5682    30.4    14.0    22.2    21.6     1.7    18.6 C    41.2    13.3    23.7
53182 201610  2.422 -101.6097   36.5682    27.5     8.2    17.8    17.1    13.7    15.6 C    36.6     6.7    17.8
53182 201611  2.422 -101.6097   36.5682    18.8     1.1     9.9     9.5     1.2    10.5 C    25.6    -0.3     9.3
53182 201612  2.422 -101.6097   36.5682     9.0    -7.4     0.8     0.5    10.7     8.5 C    12.9    -8.9    -0.4
53182 201701  2.422 -101.6097   36.5682     9.4    -5.7     1.8     1.4    49.1     9.3 C    12.9    -7.1     0.7
53182 201702  2.422 -101.6097   36.5682    17.7    -2.5     7.6     7.4     0.0    13.6 C    26.5    -4.2     7.5
53182 201703  2.422 -101.6097   36.5682    20.0     1.3    10.6    10.4    46.7    16.4 C    31.1    -0.6    11.8
53182 201704  2.422 -101.6097   36.5682    20.7     6.2    13.4    13.0   123.7    18.4 C    30.2     4.9    14.3
53182 201705  2.422 -101.6097   36.5682    25.4     8.1    16.7    16.8    68.1    24.2 C    36.6     6.9    18.7
53182 201706  2.422 -101.6097   36.5682    32.8    15.8    24.3    24.5    26.8    25.8 C    46.6    14.7    28.0
53182 201707  2.422 -101.6097   36.5682    35.4    18.4    26.9    26.8    30.1    23.5 C    55.4    18.0    32.4
