03095 201005  6.101 -104.3552   36.0609 -9999.0 -9999.0 -9999.0 -9999.0 -9999.0 -9999.0 U -9999.0 -9999.0 -9999.0
03095 201006  6.101 -104.3552   36.0609    30.4    14.8    22.6    22.8    46.6 -9999.0 U -9999.0 -9999.0 -9999.0
03095 201007  6.101 -104.3552   36.0609    29.0    15.9    22.5    21.9   155.4 -9999.0 U -9999.0 -9999.0 -9999.0
03095 201008  6.101 -104.3552   36.0609    30.1    15.3    22.7    22.5    23.4 -9999.0 U -9999.0 -9999.0 -9999.0
03095 201009  6.101 -104.3552   36.0609    28.0    12.2    20.1    20.3   102.2 -9999.0 U -9999.0 -9999.0 -9999.0
03095 201010  6.101 -104.3552   36.0609    20.0     5.4    12.7    12.8    26.2 -9999.0 U -9999.0 -9999.0 -9999.0
03095 201011  6.101 -104.3552   36.0609    13.0    -3.2     4.9     4.9     0.0 -9999.0 U -9999.0 -9999.0 -9999.0
03095 201012  6.101 -104.3552   36.0609    10.5    -3.8     3.4     3.6     4.3 -9999.0 U -9999.0 -9999.0 -9999.0
03095 201101  6.101 -104.3552   36.0609     9.1    -9.2    -0.1    -0.2     3.1 -9999.0 U -9999.0 -9999.0 -9999.0
03095 201102  6.101 -104.3552   36.0609     7.2    -9.0    -0.9    -0.5     7.2 -9999.0 U -9999.0 -9999.0 -9999.0
03095 201103  6.101 -104.3552   36.0609    17.2    -0.6     8.3     8.5     3.2 -9999.0 U -9999.0 -9999.0 -9999.0
03095 201104  6.101 -104.3552   36.0609    20.6     3.2    11.9    12.8     1.0 -9999.0 U -9999.0 -9999.0 -9999.0
03095 201105  6.101 -104.3552   36.0609    23.1     7.3    15.2    15.8     2.9 -9999.0 U -9999.0 -9999.0 -9999.0
03095 201106  6.101 -104.3552   36.0609    31.9    14.9    23.4    24.0     9.6 -9999.0 U -9999.0 -9999.0 -9999.0
03095 201107  6.101 -104.3552   36.0609    32.9    17.7    25.3    24.9    41.1 -9999.0 U -9999.0 -9999.0 -9999.0
03095 201108  6.101 -104.3552   36.0609    31.9    16.6    24.2    23.4    57.0 -9999.0 U -9999.0 -9999.0 -9999.0
03095 201109  6.101 -104.3552   36.0609    24.5    10.4    17.5    17.3    49.7 -9999.0 U -9999.0 -9999.0 -9999.0
03095 201110  6.101 -104.3552   36.0609    20.2     3.6    11.9    11.9     5.0 -9999.0 U -9999.0 -9999.0 -9999.0
03095 201111  6.101 -104.3552   36.0609    14.0    -2.3     5.9     5.7     0.6 -9999.0 U -9999.0 -9999.0 -9999.0
03095 201112  6.101 -104.3552   36.0609     1.5   -10.1    -4.3    -4.4    41.4 -9999.0 U -9999.0 -9999.0 -9999.0
03095 201201  6.101 -104.3552   36.0609    10.5    -4.0     3.2     3.0     0.0 -9999.0 U -9999.0 -9999.0 -9999.0
03095 201202  6.101 -104.3552   36.0609     8.9    -5.1     1.9     1.8     2.6 -9999.0 U -9999.0 -9999.0 -9999.0
03095 201203  6.101 -104.3552   36.0609    17.6     0.3     8.9     9.5     6.4 -9999.0 U -9999.0 -9999.0 -9999.0
03095 201204  6.101 -104.3552   36.0609    20.7     4.6    12.7    13.0    41.0 -9999.0 U -9999.0 -9999.0 -9999.0
03095 201205  6.101 -104.3552   36.0609    24.5     8.9    16.7    17.3    42.5 -9999.0 U -9999.0 -9999.0 -9999.0
03095 201206  6.101 -104.3552   36.0609    30.9    15.1    23.0    23.2    20.5 -9999.0 U -9999.0 -9999.0 -9999.0
03095 201207  6.101 -104.3552   36.0609    31.5    16.6    24.1    23.9    26.9 -9999.0 U -9999.0 -9999.0 -9999.0
03095 201208  6.101 -104.3552   36.0609    30.6    14.4    22.5    22.2    14.3 -9999.0 U -9999.0 -9999.0 -9999.0
03095 201209  6.101 -104.3552   36.0609    26.4    10.4    18.4    18.2    15.8 -9999.0 U -9999.0 -9999.0 -9999.0
03095 201210  6.101 -104.3552   36.0609    19.7     3.3    11.5    11.8     3.8 -9999.0 U -9999.0 -9999.0 -9999.0
03095 201211  6.101 -104.3552   36.0609    16.5    -2.0     7.2     7.6     0.0 -9999.0 U -9999.0 -9999.0 -9999.0
03095 201212  6.101 -104.3552   36.0609     8.8    -6.9     1.0     1.1    13.1 -9999.0 U -9999.0 -9999.0 -9999.0
03095 201301  6.101 -104.3552   36.0609     6.0    -9.8    -1.9    -1.9     1.8 -9999.0 U -9999.0 -9999.0 -9999.0
03095 201302  6.101 -104.3552   36.0609     8.7    -6.5     1.1     0.8    11.3 -9999.0 U -9999.0 -9999.0 -9999.0
03095 201303  6.101 -104.3552   36.0609    15.3    -2.9     6.2     6.6     0.6 -9999.0 U -9999.0 -9999.0 -9999.0
03095 201304  6.101 -104.3552   36.0609    17.9     0.0     9.0     9.5     7.2 -9999.0 U -9999.0 -9999.0 -9999.0
03095 201305  6.101 -104.3552   36.0609    23.8     7.4    15.6    16.0    15.8 -9999.0 U -9999.0 -9999.0 -9999.0
03095 201306  6.101 -104.3552   36.0609    31.1    14.6    22.8    22.9    52.3 -9999.0 U -9999.0 -9999.0 -9999.0
03095 201307  6.101 -104.3552   36.0609    28.9    16.0    22.4    21.9 -9999.0 -9999.0 U -9999.0 -9999.0 -9999.0
03095 201308  6.101 -104.3552   36.0609 -9999.0 -9999.0 -9999.0 -9999.0 -9999.0 -9999.0 U -9999.0 -9999.0 -9999.0
03095 201309  6.101 -104.3552   36.0609    24.4    12.3    18.3    18.3   152.7 -9999.0 U -9999.0 -9999.0 -9999.0
03095 201310  6.101 -104.3552   36.0609 -9999.0 -9999.0 -9999.0 -9999.0     3.2 -9999.0 U -9999.0 -9999.0 -9999.0
03095 201311  6.101 -104.3552   36.0609 -9999.0 -9999.0 -9999.0 -9999.0    12.9 -9999.0 U -9999.0 -9999.0 -9999.0
03095 201312  6.101 -104.3552   36.0609     6.8    -8.8    -1.0    -1.3     3.6 -9999.0 U -9999.0 -9999.0 -9999.0
03095 201401  6.101 -104.3552   36.0609     9.9    -8.1     0.9     1.0     0.4 -9999.0 U -9999.0 -9999.0 -9999.0
03095 201402  6.101 -104.3552   36.0609    10.5    -5.2     2.7     2.8     3.7 -9999.0 U -9999.0 -9999.0 -9999.0
03095 201403  6.101 -104.3552   36.0609    15.1    -2.6     6.3     6.7     2.0 -9999.0 U -9999.0 -9999.0 -9999.0
03095 201404  6.101 -104.3552   36.0609    18.2     1.7     9.9    10.5     8.6 -9999.0 U -9999.0 -9999.0 -9999.0
03095 201405  6.101 -104.3552   36.0609    22.8     7.0    14.9    15.4    27.4 -9999.0 U -9999.0 -9999.0 -9999.0
03095 201406  6.101 -104.3552   36.0609 -9999.0 -9999.0 -9999.0 -9999.0 -9999.0 -9999.0 U -9999.0 -9999.0 -9999.0
