53022 201106  6.101 -103.8431   33.8076 -9999.0 -9999.0 -9999.0 -9999.0 -9999.0 -9999.0 U -9999.0 -9999.0 -9999.0
53022 201107  6.101 -103.8431   33.8076    35.8    19.8    27.8    28.0    20.0 -9999.0 U -9999.0 -9999.0 -9999.0
53022 201108  6.101 -103.8431   33.8076    36.4    19.8    28.1    27.9    31.6 -9999.0 U -9999.0 -9999.0 -9999.0
53022 201109  6.101 -103.8431   33.8076    28.9    12.5    20.7    20.6    46.5 -9999.0 U -9999.0 -9999.0 -9999.0
53022 201110  6.101 -103.8431   33.8076    24.0     5.8    14.9    15.0    18.5 -9999.0 U -9999.0 -9999.0 -9999.0
53022 201111  6.101 -103.8431   33.8076    16.8    -1.9     7.5     7.8     4.0 -9999.0 U -9999.0 -9999.0 -9999.0
53022 201112  6.101 -103.8431   33.8076     5.8    -4.8     0.5     0.3    37.7 -9999.0 U -9999.0 -9999.0 -9999.0
53022 201201  6.101 -103.8431   33.8076    14.3    -4.8     4.7     4.8     0.0 -9999.0 U -9999.0 -9999.0 -9999.0
53022 201202  6.101 -103.8431   33.8076    13.0    -3.5     4.8     4.8     4.1 -9999.0 U -9999.0 -9999.0 -9999.0
53022 201203  6.101 -103.8431   33.8076    22.0     1.2    11.6    12.2     6.5 -9999.0 U -9999.0 -9999.0 -9999.0
53022 201204  6.101 -103.8431   33.8076    26.8     6.7    16.7    17.3     0.0 -9999.0 U -9999.0 -9999.0 -9999.0
53022 201205  6.101 -103.8431   33.8076    28.8     9.8    19.3    20.2    27.1 -9999.0 U -9999.0 -9999.0 -9999.0
53022 201206  6.101 -103.8431   33.8076    35.5    17.1    26.3    26.5     7.7 -9999.0 U -9999.0 -9999.0 -9999.0
53022 201207  6.101 -103.8431   33.8076    33.3    18.0    25.6    25.7    62.9 -9999.0 U -9999.0 -9999.0 -9999.0
53022 201208  6.101 -103.8431   33.8076    33.8    17.1    25.5    25.6    36.2 -9999.0 U -9999.0 -9999.0 -9999.0
53022 201209  6.101 -103.8431   33.8076    28.9    12.6    20.8    20.8    30.1 -9999.0 U -9999.0 -9999.0 -9999.0
53022 201210  6.101 -103.8431   33.8076    23.5     5.3    14.4    14.5    14.3 -9999.0 U -9999.0 -9999.0 -9999.0
53022 201211  6.101 -103.8431   33.8076    19.7    -0.1     9.8     9.7     1.4 -9999.0 U -9999.0 -9999.0 -9999.0
53022 201212  6.101 -103.8431   33.8076    13.1    -6.1     3.5     3.4     3.9 -9999.0 U -9999.0 -9999.0 -9999.0
53022 201301  6.101 -103.8431   33.8076    10.6    -5.2     2.7     2.6     9.5 -9999.0 U -9999.0 -9999.0 -9999.0
53022 201302  6.101 -103.8431   33.8076    13.4    -4.0     4.7     4.9     4.5 -9999.0 U -9999.0 -9999.0 -9999.0
53022 201303  6.101 -103.8431   33.8076    19.9    -0.2     9.9    10.4     1.0 -9999.0 U -9999.0 -9999.0 -9999.0
53022 201304  6.101 -103.8431   33.8076    23.5     2.8    13.1    14.1     0.0 -9999.0 U -9999.0 -9999.0 -9999.0
53022 201305  6.101 -103.8431   33.8076    28.3     9.4    18.9    19.8     0.5 -9999.0 U -9999.0 -9999.0 -9999.0
53022 201306  6.101 -103.8431   33.8076    33.9    17.0    25.5    25.3    69.5 -9999.0 U -9999.0 -9999.0 -9999.0
53022 201307  6.101 -103.8431   33.8076    31.6    17.9    24.7    24.6    29.6 -9999.0 U -9999.0 -9999.0 -9999.0
53022 201308  6.101 -103.8431   33.8076    32.4    17.3    24.8    24.8   100.5 -9999.0 U -9999.0 -9999.0 -9999.0
53022 201309  6.101 -103.8431   33.8076    28.0    13.9    21.0    21.0    59.8 -9999.0 U -9999.0 -9999.0 -9999.0
53022 201310  6.101 -103.8431   33.8076    22.4     4.2    13.3    13.6     5.4 -9999.0 U -9999.0 -9999.0 -9999.0
53022 201311  6.101 -103.8431   33.8076    14.7    -1.4     6.6     6.6    15.8 -9999.0 U -9999.0 -9999.0 -9999.0
53022 201312  6.101 -103.8431   33.8076    10.1    -5.8     2.1     1.6    11.5 -9999.0 U -9999.0 -9999.0 -9999.0
53022 201401  6.101 -103.8431   33.8076    12.5    -7.0     2.7     2.6     0.0 -9999.0 U -9999.0 -9999.0 -9999.0
53022 201402  6.101 -103.8431   33.8076    14.5    -4.1     5.2     5.3     1.1 -9999.0 U -9999.0 -9999.0 -9999.0
53022 201403  6.101 -103.8431   33.8076    18.5    -1.4     8.5     9.1     9.0 -9999.0 U -9999.0 -9999.0 -9999.0
53022 201404  6.101 -103.8431   33.8076    22.9     3.8    13.4    14.3     4.0 -9999.0 U -9999.0 -9999.0 -9999.0
53022 201405  6.101 -103.8431   33.8076    27.6     8.3    17.9    18.7   147.6 -9999.0 U -9999.0 -9999.0 -9999.0
53022 201406  6.101 -103.8431   33.8076 -9999.0 -9999.0 -9999.0 -9999.0 -9999.0 -9999.0 U -9999.0 -9999.0 -9999.0
