03087 201005  6.101 -106.3178   35.8245 -9999.0 -9999.0 -9999.0 -9999.0 -9999.0 -9999.0 U -9999.0 -9999.0 -9999.0
03087 201006  6.101 -106.3178   35.8245    27.9    13.1    20.5    20.4    42.4 -9999.0 U -9999.0 -9999.0 -9999.0
03087 201007  6.101 -106.3178   35.8245    26.6    13.9    20.2    19.8   102.0 -9999.0 U -9999.0 -9999.0 -9999.0
03087 201008  6.101 -106.3178   35.8245    26.6    12.6    19.6    19.0    56.8 -9999.0 U -9999.0 -9999.0 -9999.0
03087 201009  6.101 -106.3178   35.8245    25.8    10.9    18.3    18.2    48.8 -9999.0 U -9999.0 -9999.0 -9999.0
03087 201010  6.101 -106.3178   35.8245    17.2     4.5    10.8    10.5    49.3 -9999.0 U -9999.0 -9999.0 -9999.0
03087 201011  6.101 -106.3178   35.8245     9.0    -3.7     2.7     2.8     1.2 -9999.0 U -9999.0 -9999.0 -9999.0
03087 201012  6.101 -106.3178   35.8245     6.6    -3.2     1.7     1.7    39.6 -9999.0 U -9999.0 -9999.0 -9999.0
03087 201101  6.101 -106.3178   35.8245     4.0    -7.4    -1.7    -1.9     0.5 -9999.0 U -9999.0 -9999.0 -9999.0
03087 201102  6.101 -106.3178   35.8245     4.7    -7.7    -1.5    -1.3     5.0 -9999.0 U -9999.0 -9999.0 -9999.0
03087 201103  6.101 -106.3178   35.8245    14.3     0.5     7.4     7.3     2.9 -9999.0 U -9999.0 -9999.0 -9999.0
03087 201104  6.101 -106.3178   35.8245    16.9     2.3     9.6     9.9     5.9 -9999.0 U -9999.0 -9999.0 -9999.0
03087 201105  6.101 -106.3178   35.8245    19.8     4.8    12.3    12.7     2.7 -9999.0 U -9999.0 -9999.0 -9999.0
03087 201106  6.101 -106.3178   35.8245    28.9    13.4    21.1    21.8     0.0 -9999.0 U -9999.0 -9999.0 -9999.0
03087 201107  6.101 -106.3178   35.8245    29.6    15.3    22.5    22.1    41.3 -9999.0 U -9999.0 -9999.0 -9999.0
03087 201108  6.101 -106.3178   35.8245    28.3    14.7    21.5    20.9    86.3 -9999.0 U -9999.0 -9999.0 -9999.0
03087 201109  6.101 -106.3178   35.8245    21.9     9.8    15.9    15.4    77.4 -9999.0 U -9999.0 -9999.0 -9999.0
03087 201110  6.101 -106.3178   35.8245    16.4     4.0    10.2    10.1    42.6 -9999.0 U -9999.0 -9999.0 -9999.0
03087 201111  6.101 -106.3178   35.8245     9.2    -1.8     3.7     3.4     7.2 -9999.0 U -9999.0 -9999.0 -9999.0
03087 201112  6.101 -106.3178   35.8245     1.5    -7.8    -3.1    -3.0    59.5 -9999.0 U -9999.0 -9999.0 -9999.0
03087 201201  6.101 -106.3178   35.8245     5.8    -4.4     0.7     0.6     6.9 -9999.0 U -9999.0 -9999.0 -9999.0
03087 201202  6.101 -106.3178   35.8245     5.8    -5.3     0.3     0.0    12.1 -9999.0 U -9999.0 -9999.0 -9999.0
03087 201203  6.101 -106.3178   35.8245    14.1     0.1     7.1     7.0     9.9 -9999.0 U -9999.0 -9999.0 -9999.0
03087 201204  6.101 -106.3178   35.8245    18.2     4.3    11.2    11.2    23.7 -9999.0 U -9999.0 -9999.0 -9999.0
03087 201205  6.101 -106.3178   35.8245    22.5     8.4    15.4    15.6    31.4 -9999.0 U -9999.0 -9999.0 -9999.0
03087 201206  6.101 -106.3178   35.8245    30.1    14.4    22.3    22.5     0.0 -9999.0 U -9999.0 -9999.0 -9999.0
03087 201207  6.101 -106.3178   35.8245    28.5    14.3    21.4    20.9    46.7 -9999.0 U -9999.0 -9999.0 -9999.0
03087 201208  6.101 -106.3178   35.8245    28.2    13.4    20.8    20.4    28.2 -9999.0 U -9999.0 -9999.0 -9999.0
03087 201209  6.101 -106.3178   35.8245    23.6    10.0    16.8    16.6    37.1 -9999.0 U -9999.0 -9999.0 -9999.0
03087 201210  6.101 -106.3178   35.8245    18.9     4.6    11.8    11.8     9.8 -9999.0 U -9999.0 -9999.0 -9999.0
03087 201211  6.101 -106.3178   35.8245    12.4    -0.2     6.1     6.0     5.6 -9999.0 U -9999.0 -9999.0 -9999.0
03087 201212  6.101 -106.3178   35.8245     4.1    -6.7    -1.3    -1.1    20.7 -9999.0 U -9999.0 -9999.0 -9999.0
03087 201301  6.101 -106.3178   35.8245     2.1    -9.0    -3.4    -3.3    15.2 -9999.0 U -9999.0 -9999.0 -9999.0
03087 201302  6.101 -106.3178   35.8245     5.4    -6.1    -0.3    -0.6     8.9 -9999.0 U -9999.0 -9999.0 -9999.0
03087 201303  6.101 -106.3178   35.8245    13.1    -0.6     6.2     6.2     3.4 -9999.0 U -9999.0 -9999.0 -9999.0
03087 201304  6.101 -106.3178   35.8245    16.6     2.0     9.3     9.4    15.8 -9999.0 U -9999.0 -9999.0 -9999.0
03087 201305  6.101 -106.3178   35.8245    21.3     6.8    14.0    14.3     4.4 -9999.0 U -9999.0 -9999.0 -9999.0
03087 201306  6.101 -106.3178   35.8245    29.5    13.7    21.6    21.5     8.1 -9999.0 U -9999.0 -9999.0 -9999.0
03087 201307  6.101 -106.3178   35.8245    27.2    13.6    20.4    19.5    63.8 -9999.0 U -9999.0 -9999.0 -9999.0
03087 201308  6.101 -106.3178   35.8245    26.8    13.3    20.1    19.7    27.2 -9999.0 U -9999.0 -9999.0 -9999.0
03087 201309  6.101 -106.3178   35.8245    22.0    10.4    16.2    16.0   219.4 -9999.0 U -9999.0 -9999.0 -9999.0
03087 201310  6.101 -106.3178   35.8245    15.1     2.4     8.8     8.6    27.8 -9999.0 U -9999.0 -9999.0 -9999.0
03087 201311  6.101 -106.3178   35.8245     7.9    -2.2     2.9     2.8    57.7 -9999.0 U -9999.0 -9999.0 -9999.0
03087 201312  6.101 -106.3178   35.8245     3.5    -6.5    -1.5    -1.6     6.8 -9999.0 U -9999.0 -9999.0 -9999.0
03087 201401  6.101 -106.3178   35.8245     6.2    -5.9     0.1     0.2     1.1 -9999.0 U -9999.0 -9999.0 -9999.0
03087 201402  6.101 -106.3178   35.8245     9.4    -2.8     3.3     3.3     5.0 -9999.0 U -9999.0 -9999.0 -9999.0
03087 201403  6.101 -106.3178   35.8245    11.6    -1.2     5.2     5.3    23.3 -9999.0 U -9999.0 -9999.0 -9999.0
03087 201404  6.101 -106.3178   35.8245    15.5     1.3     8.4     8.5     4.5 -9999.0 U -9999.0 -9999.0 -9999.0
03087 201405  6.101 -106.3178   35.8245    20.2     6.0    13.1    13.3    27.9 -9999.0 U -9999.0 -9999.0 -9999.0
03087 201406  6.101 -106.3178   35.8245 -9999.0 -9999.0 -9999.0 -9999.0 -9999.0 -9999.0 U -9999.0 -9999.0 -9999.0
