94074 200307  1.100 -104.7552   40.8066 -9999.0 -9999.0 -9999.0 -9999.0 -9999.0 -9999.0 U -9999.0 -9999.0 -9999.0
94074 200308  1.100 -104.7552   40.8066    30.2    12.4    21.3    21.6    46.2    22.0 R -9999.0 -9999.0    26.4
94074 200309  1.100 -104.7552   40.8066    22.5     4.8    13.6    13.7    11.5    20.1 R -9999.0 -9999.0    17.2
94074 200310  1.100 -104.7552   40.8066    20.9     1.4    11.2    11.1     4.7    14.9 R -9999.0 -9999.0    12.6
94074 200311  1.100 -104.7552   40.8066     7.7    -6.4     0.6     0.8     8.2     9.2 R -9999.0 -9999.0     0.9
94074 200312  1.100 -104.7552   40.8066     6.4    -9.3    -1.5    -1.6    12.5     8.0 R -9999.0 -9999.0    -2.6
94074 200401  1.100 -104.7552   40.8066     5.8    -9.3    -1.8    -1.8    14.9     9.2 R -9999.0 -9999.0    -2.5
94074 200402  1.100 -104.7552   40.8066     4.8    -9.9    -2.6    -2.1    16.6    12.4 R -9999.0 -9999.0    -1.4
94074 200403  1.100 -104.7552   40.8066    15.3    -3.4     6.0     6.4     5.2    18.7 R -9999.0 -9999.0     9.2
94074 200404  1.100 -104.7552   40.8066    15.6    -0.1     7.7     7.8    33.0    18.4 R -9999.0 -9999.0    11.0
94074 200405  1.100 -104.7552   40.8066    22.4     5.2    13.8    14.2    28.5    22.3 R -9999.0 -9999.0    17.6
94074 200406  1.100 -104.7552   40.8066    23.8     8.4    16.1    16.2    53.4    20.9 R -9999.0 -9999.0    20.4
94074 200407  1.201 -104.7552   40.8066    28.6    11.4    20.0    20.2    23.1    20.9 R -9999.0 -9999.0    24.3
94074 200408  1.201 -104.7552   40.8066    27.5     9.7    18.6    18.6    22.8    19.7 R -9999.0 -9999.0    22.5
94074 200409  1.201 -104.7552   40.8066    24.1     7.1    15.6    15.3    56.2    16.8 R -9999.0 -9999.0    17.4
94074 200410  1.201 -104.7552   40.8066    16.6     1.5     9.1     8.8    14.8    12.0 R -9999.0 -9999.0     9.7
94074 200411  1.201 -104.7552   40.8066     8.0    -5.9     1.0     1.0    19.7     8.2 R -9999.0 -9999.0     1.0
94074 200412  1.201 -104.7552   40.8066     6.2    -7.8    -0.8    -0.9     2.0     7.6 R -9999.0 -9999.0    -2.8
94074 200501  1.201 -104.7552   40.8066     6.0    -8.5    -1.3    -1.5     7.0     8.3 R -9999.0 -9999.0    -1.5
94074 200502  1.201 -104.7552   40.8066     8.7    -7.0     0.9     0.5     4.5    11.9 R -9999.0 -9999.0     1.6
94074 200503  1.201 -104.7552   40.8066    10.6    -5.1     2.7     3.0    36.3    15.4 R -9999.0 -9999.0     4.4
94074 200504  1.201 -104.7552   40.8066    14.9    -0.8     7.0     7.0    49.0    18.4 R -9999.0 -9999.0     9.7
94074 200505  1.201 -104.7552   40.8066    20.1     3.9    12.0    12.5    52.3    22.4 R -9999.0 -9999.0    17.1
94074 200506  1.201 -104.7552   40.8066 -9999.0 -9999.0 -9999.0 -9999.0   101.7    24.6 R -9999.0 -9999.0    20.4
94074 200507  1.201 -104.7552   40.8066    32.6    12.0    22.3    22.7    29.0    25.1 R -9999.0 -9999.0    26.5
94074 200508  1.201 -104.7552   40.8066    28.9    10.7    19.8    19.4    30.0    20.8 R -9999.0 -9999.0    22.5
94074 200509  1.201 -104.7552   40.8066    26.5     7.3    16.9    16.9     5.1    18.9 R -9999.0 -9999.0    19.9
94074 200510  1.201 -104.7552   40.8066    17.3     1.3     9.3     9.0    48.0    13.3 R -9999.0 -9999.0    10.2
94074 200511  1.201 -104.7552   40.8066    12.1    -3.8     4.1     3.8     7.9    10.5 R -9999.0 -9999.0     3.4
94074 200512  1.301 -104.7552   40.8066     5.3   -10.4    -2.6    -2.5     6.5     7.4 R -9999.0 -9999.0    -3.8
94074 200601  1.301 -104.7552   40.8066     9.8    -7.3     1.3     1.6     0.0     8.8 R    18.3    -9.8     0.6
94074 200602  1.301 -104.7552   40.8066     5.6   -11.3    -2.9    -2.5     7.5    13.2 R    15.1   -13.2    -2.4
94074 200603  1.301 -104.7552   40.8066     8.4    -6.5     1.0     1.1    29.6    16.6 R    21.5    -7.3     3.2
94074 200604  1.301 -104.7552   40.8066    18.6    -1.0     8.8     9.3     4.1    21.7 R    41.1    -2.2    13.3
94074 200605  1.301 -104.7552   40.8066    22.8     4.3    13.5    14.0    32.9    23.1 R    46.7     3.6    18.8
94074 200606  1.301 -104.7552   40.8066    30.8    10.3    20.5    21.1    19.4    26.2 R    60.6     9.4    27.4
94074 200607  1.301 -104.7552   40.8066    31.4    13.8    22.6    22.7    64.3    22.3 R    54.1    13.8    26.9
94074 200608  1.301 -104.7552   40.8066    29.2    12.3    20.8    20.6    69.0    21.3 R    50.4    12.3    25.0
94074 200609  1.301 -104.7552   40.8066    21.3     4.5    12.9    12.7    38.8    18.4 R    36.3     4.2    15.5
94074 200610  1.301 -104.7552   40.8066    15.7    -0.6     7.5     7.4    12.7    13.5 R    22.1    -0.6     8.5
94074 200611  1.301 -104.7552   40.8066    11.0    -6.6     2.2     2.4     3.8    10.4 R    16.0    -6.8     2.9
94074 200612  1.301 -104.7552   40.8066     4.5    -9.3    -2.4    -1.9    25.6     8.9 R     8.0    -9.5    -1.7
94074 200701  1.301 -104.7552   40.8066    -0.2   -13.5    -6.9    -6.5     8.4     9.7 R     3.5   -14.2    -6.3
94074 200702  1.301 -104.7552   40.8066     5.8    -8.3    -1.3    -1.6     1.8    12.4 R     7.8    -8.4    -1.1
94074 200703  1.301 -104.7552   40.8066    14.2    -2.3     6.0     6.1    31.5    16.9 R    20.3    -2.3     7.3
94074 200704  1.301 -104.7552   40.8066    14.3    -0.8     6.7     6.8    15.9    19.1 R    19.9    -0.8     8.3
94074 200705  1.301 -104.7552   40.8066    21.2     4.0    12.6    12.7    43.7    22.2 R    29.2     4.1    14.9
94074 200706  1.301 -104.7552   40.8066    28.9     8.6    18.7    19.3     8.5    26.1 R    38.5     8.9    22.4
94074 200707  1.302 -104.7552   40.8066    31.6    14.2    22.9    23.0   113.3    25.9 R    42.6    14.5    26.4
94074 200708  1.302 -104.7552   40.8066    29.8    13.4    21.6    21.2    59.0    21.8 R    48.0    13.8    24.4
94074 200709  1.302 -104.7552   40.8066    24.4     7.3    15.8    15.6    32.5    18.4 R    45.9     7.6    18.6
94074 200710  1.302 -104.7552   40.8066    18.3     1.0     9.6     9.4    30.1    15.0 R    37.1     1.1    11.0
94074 200711  1.302 -104.7552   40.8066    11.6    -6.2     2.7     2.8     4.8    11.3 R    28.4    -6.4     3.3
94074 200712  1.302 -104.7552   40.8066     0.6   -12.3    -5.9    -5.6    18.5     8.6 R    12.8   -13.7    -6.3
94074 200801  1.302 -104.7552   40.8066     2.0   -11.9    -5.0    -4.9     0.0    10.4 R    14.7   -12.1    -5.1
94074 200802  1.302 -104.7552   40.8066     7.0    -9.1    -1.1    -1.0     1.8    13.3 R    24.1    -9.1     0.2
94074 200803  1.302 -104.7552   40.8066    10.3    -5.9     2.2     2.3    14.4    18.4 R    30.5    -6.2     4.7
94074 200804  1.302 -104.7552   40.8066    14.5    -3.0     5.7     6.3    35.9    23.3 R    30.3    -3.0     9.1
94074 200805  1.302 -104.7552   40.8066    19.9     2.6    11.2    11.6    27.1    21.5 R    34.2     2.4    14.8
94074 200806  1.302 -104.7552   40.8066    26.3     8.0    17.2    17.6    30.4    26.0 R    41.4     8.2    21.6
94074 200807  1.302 -104.7552   40.8066    32.8    12.5    22.6    23.0    13.4    23.6 R    50.3    12.6    27.2
94074 200808  1.302 -104.7552   40.8066    27.8    11.3    19.5    19.2   124.1    21.4 R    44.2    11.7    23.2
94074 200809  1.302 -104.7552   40.8066    22.3     6.1    14.2    14.0    34.5    18.5 R    37.9     6.2    17.5
94074 200810  1.302 -104.7552   40.8066    17.3     0.1     8.7     8.4    14.5    13.4 R    29.2    -0.4    10.0
94074 200811  1.302 -104.7552   40.8066    12.8    -4.0     4.4     4.4     1.8     9.3 R    22.1    -5.2     4.6
94074 200812  1.302 -104.7552   40.8066     3.3   -12.7    -4.7    -4.3     7.3     7.8 R     8.1   -13.1    -4.6
94074 200901  1.302 -104.7552   40.8066     7.3    -8.5    -0.6    -0.6     7.9     9.1 R    12.2   -10.6    -1.8
94074 200902  1.302 -104.7552   40.8066     9.2    -7.7     0.7     1.1     1.2    12.6 R    21.7    -8.8     2.0
94074 200903  1.302 -104.7552   40.8066    12.0    -6.1     2.9     2.9     8.8    17.9 R    27.5    -7.2     5.2
94074 200904  1.302 -104.7552   40.8066    13.8    -1.5     6.2     6.0    74.1    18.3 R    26.9    -1.6     8.3
94074 200905  1.302 -104.7552   40.8066    19.9     5.7    12.8    13.0    54.0    21.9 R    34.8     6.0    16.5
94074 200906  1.302 -104.7552   40.8066    22.8     8.8    15.8    15.5   108.7    23.0 R    35.0     9.2    19.0
94074 200907  1.302 -104.7552   40.8066    28.0    10.9    19.4    19.1    37.1    24.0 R    46.1    11.3    23.7
94074 200908  1.302 -104.7552   40.8066    28.9     9.6    19.3    19.2    24.3    22.3 R    49.9     9.7    23.5
94074 200909  1.302 -104.7552   40.8066    24.8     5.8    15.3    15.4     1.5    17.7 R    43.7     5.8    19.2
94074 200910  1.302 -104.7552   40.8066    11.0    -2.9     4.0     3.9    27.6    11.1 R    22.0    -3.2     5.0
94074 200911  1.302 -104.7552   40.8066    11.9    -4.8     3.6     3.0     8.2     9.9 R    19.2    -5.6     2.7
94074 200912  1.302 -104.7552   40.8066    -0.1   -13.0    -6.6    -6.2    21.3     8.0 R     3.7   -14.7    -7.4
94074 201001  1.302 -104.7552   40.8066     5.0    -9.7    -2.3    -2.6     0.5     8.2 R     8.5    -9.8    -3.0
94074 201002  1.302 -104.7552   40.8066     3.1   -10.8    -3.8    -3.4    12.2    11.3 R     9.9   -10.7    -2.8
94074 201003  1.302 -104.7552   40.8066    11.1    -4.3     3.4     3.3    19.8    16.3 R    22.1    -4.9     4.8
94074 201004  1.302 -104.7552   40.8066    14.5    -0.8     6.9     6.8    80.7    19.8 R    29.4    -1.0    10.0
94074 201005  1.302 -104.7552   40.8066    18.3     2.9    10.6    10.6    77.2    24.1 R    34.0     3.1    14.4
94074 201006  1.302 -104.7552   40.8066    26.0     9.4    17.7    18.0    44.1    24.9 R    43.1     9.8    22.5
94074 201007  1.302 -104.7552   40.8066    30.4    11.6    21.0    20.9    33.4    23.8 R    47.4    11.8    24.6
94074 201008  1.302 -104.7552   40.8066    30.9    11.6    21.3    21.4     9.3    21.7 R    51.7    11.8    25.6
94074 201009  1.302 -104.7552   40.8066    27.6     5.7    16.7    17.0     2.4    20.8 R    46.8     5.6    21.3
94074 201010  2.404 -104.7552   40.8066    18.8     1.4    10.1    10.1    11.9    13.1 R    27.3     1.4    11.8
94074 201011  2.404 -104.7552   40.8066     8.1    -7.3     0.4     0.4    17.8     8.9 R    13.5    -7.0     1.3
94074 201012  2.404 -104.7552   40.8066     6.9    -8.8    -0.9    -1.2     4.3     6.5 R    10.9    -8.5    -0.7
94074 201101  2.404 -104.7552   40.8066     5.2   -11.5    -3.1    -2.7     1.6     8.3 R     9.3   -11.5    -2.2
94074 201102  2.404 -104.7552   40.8066     4.9   -13.1    -4.1    -3.8    14.0    12.1 R    10.8   -12.9    -2.6
94074 201103  2.404 -104.7552   40.8066    12.2    -4.4     3.9     4.0    11.1    15.8 R    19.9    -4.1     5.6
94074 201104  2.402 -104.7552   40.8066    14.5    -1.0     6.8     6.4    41.7    19.2 R    23.3    -0.7     8.6
94074 201105  2.402 -104.7552   40.8066    17.0     2.8     9.9     9.9    87.8    18.2 R    26.8     3.1    12.4
94074 201106  2.402 -104.7552   40.8066    26.7     8.3    17.5    17.8    32.7    25.8 R    38.8     9.1    21.7
94074 201107  2.402 -104.7552   40.8066    32.2    13.1    22.7    22.5    56.3    25.1 R    47.9    13.7    26.8
94074 201108  2.402 -104.7552   40.8066    32.7    12.7    22.7    22.5    15.4    21.7 R    48.3    13.2    26.4
94074 201109  2.402 -104.7552   40.8066    24.7     6.8    15.7    15.6    33.4    18.3 R    35.6     7.1    18.5
94074 201110  2.402 -104.7552   40.8066    17.5    -0.5     8.5     8.5    45.8    14.4 R    25.1    -0.3    10.0
94074 201111  2.402 -104.7552   40.8066    10.7    -6.3     2.2     1.8     5.7    10.3 R    16.3    -6.3     2.5
94074 201112  2.402 -104.7552   40.8066     5.2   -11.6    -3.2    -3.4     2.2     8.1 R    10.1   -11.8    -2.8
94074 201201  2.402 -104.7552   40.8066     9.4    -9.9    -0.2     0.3     1.3     8.8 R    14.6   -10.0     0.5
94074 201202  2.402 -104.7552   40.8066     4.7    -9.5    -2.4    -2.4    12.9    11.6 R    11.2    -9.2    -1.1
94074 201203  2.402 -104.7552   40.8066    17.7    -3.3     7.2     7.4     0.0    18.6 R    29.4    -3.3     9.7
94074 201204  2.412 -104.7552   40.8066    19.5     1.4    10.4    10.6    11.4    20.6 R    35.3     1.3    14.2
94074 201205  2.412 -104.7552   40.8066    23.0     4.2    13.6    14.0    27.6    22.7 C    38.1     4.4    18.3
94074 201206  2.412 -104.7552   40.8066    31.3    11.0    21.1    22.0    22.5    25.1 C    48.0    10.8    26.1
94074 201207  2.412 -104.7552   40.8066    32.4    14.6    23.5    23.6    54.8    24.5 C    47.9    14.9    28.1
94074 201208  2.412 -104.7552   40.8066    31.4    11.8    21.6    21.8     4.9    21.3 C    48.4    12.0    26.1
94074 201209  2.412 -104.7552   40.8066    25.9     7.9    16.9    16.8    54.2    18.2 C    38.7     8.0    19.9
94074 201210  2.412 -104.7552   40.8066    15.1    -0.3     7.4     7.3    17.6    12.6 C    22.3    -0.3     8.7
94074 201211  2.412 -104.7552   40.8066    12.6    -4.5     4.1     3.8 -9999.0     8.9 C    16.9    -4.7     3.7
94074 201212  2.412 -104.7552   40.8066     4.9   -11.1    -3.1    -2.9     6.2     7.5 C     9.2   -11.5    -3.2
94074 201301  2.412 -104.7552   40.8066     5.9   -11.3    -2.7    -2.8     1.5     9.3 C    10.5   -12.1    -3.0
94074 201302  2.412 -104.7552   40.8066     5.3   -10.6    -2.6    -2.5     8.8    12.2 C    12.3   -11.4    -1.8
94074 201303  2.412 -104.7552   40.8066    10.5    -6.4     2.0     2.0     6.3    15.8 C    18.8    -6.4     3.5
94074 201304  2.412 -104.7552   40.8066    10.5    -4.3     3.1     3.5    69.9    19.2 C    18.8    -4.6     5.5
94074 201305  2.422 -104.7552   40.8066    20.2     4.7    12.4    12.4    37.1    23.1 C    34.1     4.0    15.4
94074 201306  2.422 -104.7552   40.8066    29.7     9.4    19.5    20.0     7.2    27.6 C    52.3     9.4    26.5
94074 201307  2.422 -104.7552   40.8066    30.0    12.6    21.3    21.1    36.2    23.2 C    51.7    13.0    26.8
94074 201308  2.422 -104.7552   40.8066    31.1    11.7    21.4    21.3    26.5    20.1 C    52.6    11.6    26.0
94074 201309  2.422 -104.7552   40.8066    24.5    10.0    17.2    16.8   121.5    15.0 C    36.1     9.8    19.1
94074 201310  2.422 -104.7552   40.8066    13.9     0.2     7.0     6.6    40.3    13.0 C    21.1    -0.4     7.5
94074 201311  2.422 -104.7552   40.8066    10.5    -5.9     2.3     2.0     0.9     9.8 C    16.2    -6.9     1.8
94074 201312  2.422 -104.7552   40.8066     3.0   -11.2    -4.1    -4.0     3.8     7.8 C     5.4   -13.4    -5.5
94074 201401  2.422 -104.7552   40.8066     5.2   -11.2    -3.0    -2.3    22.2     8.7 C     8.2   -13.0    -3.6
94074 201402  2.422 -104.7552   40.8066     1.8   -12.3    -5.2    -5.6    10.5    12.2 C     2.6   -14.1    -6.4
94074 201403  2.422 -104.7552   40.8066    11.0    -5.4     2.8     2.5    14.2    16.0 C    20.4    -6.0     3.7
94074 201404  2.422 -104.7552   40.8066    15.8    -1.0     7.4     7.4     4.9    19.3 C    28.0    -2.4     9.4
94074 201405  2.422 -104.7552   40.8066    19.6     4.4    12.0    12.1    71.9    21.4 C    31.4     3.9    14.5
94074 201406  2.422 -104.7552   40.8066    26.0     7.3    16.6    16.7    91.9    22.3 C    43.3     7.8    20.9
94074 201407  2.422 -104.7552   40.8066    29.1    12.1    20.6    20.6    69.8    21.2 C    46.6    12.3    24.7
94074 201408  2.422 -104.7552   40.8066    28.1    10.9    19.5    19.4    33.7    21.1 C    43.1    10.8    22.4
94074 201409  2.422 -104.7552   40.8066    25.2     7.0    16.1    15.8    25.0    17.5 C    40.4     6.3    18.8
94074 201410  2.422 -104.7552   40.8066    19.8     1.1    10.5    10.2    20.4    14.0 C    30.0    -0.1    11.0
94074 201411  2.422 -104.7552   40.8066     8.7    -8.5     0.1     0.3    18.6     9.1 C    14.4    -9.8    -0.1
94074 201412  2.422 -104.7552   40.8066     4.9   -10.6    -2.9    -3.1     8.5     7.1 C    10.0   -13.4    -4.3
94074 201501  2.422 -104.7552   40.8066     6.6    -7.9    -0.7    -0.6     3.8     7.9 C     6.9    -9.6    -2.5
94074 201502  2.422 -104.7552   40.8066     7.5    -8.2    -0.3    -0.3    11.2    11.8 C    15.1    -9.9    -0.2
94074 201503  2.422 -104.7552   40.8066    15.2    -3.3     5.9     5.9     2.6    18.0 C    29.5    -5.0     7.9
94074 201504  2.422 -104.7552   40.8066    15.5    -1.1     7.2     7.4    40.0    19.5 C    30.9    -1.8    10.6
94074 201505  2.422 -104.7552   40.8066    16.0     4.0    10.0     9.8   154.0    15.7 C    28.0     4.0    12.2
94074 201506  2.422 -104.7552   40.8066    26.3    11.1    18.7    18.7    49.1    24.7 C    41.3    11.1    22.4
94074 201507  2.422 -104.7552   40.8066    29.2    11.5    20.3    20.1    33.2    23.9 C    47.1    11.7    24.3
94074 201508  2.422 -104.7552   40.8066    31.4    10.0    20.7    20.8    19.1    21.5 C    50.6     9.9    25.0
94074 201509  2.422 -104.7552   40.8066    28.4     8.0    18.2    18.2     0.5    18.4 C    50.0     6.7    22.4
94074 201510  2.422 -104.7552   40.8066    19.5     3.2    11.3    11.0    51.6    11.5 C    30.5     2.7    12.4
94074 201511  2.422 -104.7552   40.8066     9.5    -6.7     1.4     0.7    23.1     9.4 C    16.2    -8.4     0.5
94074 201512  2.422 -104.7552   40.8066     3.9   -11.2    -3.7    -3.4    18.7     7.2 C     5.6   -13.2    -5.2
94074 201601  2.422 -104.7552   40.8066     5.6    -9.4    -1.9    -2.3     8.9     8.8 C     8.0   -10.7    -3.6
94074 201602  2.422 -104.7552   40.8066    10.2    -7.0     1.6     1.9    12.4    12.7 C    16.5    -8.5     1.1
94074 201603  2.422 -104.7552   40.8066    11.6    -4.4     3.6     3.6    58.9    15.8 C    24.0    -6.1     4.7
94074 201604  2.422 -104.7552   40.8066    14.7    -0.2     7.2     7.3    51.3    17.5 C    29.0    -1.2     9.7
94074 201605  2.422 -104.7552   40.8066    18.3     2.6    10.5    10.6    38.6    20.3 C    35.6     2.5    14.3
94074 201606  2.422 -104.7552   40.8066    29.9     9.8    19.8    20.2    30.0    26.0 C    53.3    10.2    26.3
94074 201607  2.422 -104.7552   40.8066    32.2    12.2    22.2    22.2    47.6    23.3 C    55.0    12.5    27.8
94074 201608  2.422 -104.7552   40.8066    28.9    10.0    19.5    19.4    12.5    19.9 C    46.9    10.2    23.2
94074 201609  2.422 -104.7552   40.8066    26.1     6.2    16.1    16.1    10.2    16.3 C    43.7     5.9    19.6
94074 201610  2.422 -104.7552   40.8066    21.0     1.5    11.3    11.0    12.4    12.3 C    33.0     0.4    12.2
94074 201611  2.422 -104.7552   40.8066    14.0    -4.3     4.9     4.5     7.1     9.2 C    22.1    -5.9     4.4
94074 201612  2.422 -104.7552   40.8066     3.5   -13.6    -5.0    -4.6     7.2     6.8 C     7.2   -15.4    -5.4
94074 201701  2.422 -104.7552   40.8066     3.7   -10.9    -3.6    -3.4    19.3     7.9 C     5.7   -12.3    -4.5
94074 201702  2.422 -104.7552   40.8066     9.9    -7.3     1.3     1.9     8.0    10.9 C    18.1    -8.3     2.0
94074 201703  2.422 -104.7552   40.8066    15.9    -3.5     6.2     6.4    21.0    14.1 C    28.3    -4.3     7.9
94074 201704  2.422 -104.7552   40.8066    16.2    -1.0     7.6     7.9    69.6    18.3 C    30.5    -1.4    10.9
94074 201705  2.422 -104.7552   40.8066    19.3     3.3    11.3    11.3   104.2    20.5 C    32.1     3.1    14.2
94074 201706  2.422 -104.7552   40.8066    27.3     8.8    18.1    18.5    11.0    24.6 C    43.8     8.6    22.8
94074 201707  2.422 -104.7552   40.8066    31.7    12.5    22.1    22.1    34.0    21.5 C    47.8    12.4    25.5
