23904 200612  1.302  -91.7812   35.8201 -9999.0 -9999.0 -9999.0 -9999.0 -9999.0 -9999.0 U -9999.0 -9999.0 -9999.0
23904 200701  1.302  -91.7812   35.8201     8.3    -2.4     2.9     2.9   181.7     7.7 R     9.9    -1.2     3.0
23904 200702  1.302  -91.7812   35.8201     9.6    -3.6     3.0     3.3    65.0    12.3 R    12.7    -2.8     3.2
23904 200703  1.302  -91.7812   35.8201    20.6     5.7    13.2    13.5    39.4    14.9 R    25.4     5.8    13.4
23904 200704  1.302  -91.7812   35.8201    19.7     5.1    12.4    12.7    84.4    20.6 R    24.2     5.3    13.3
23904 200705  1.302  -91.7812   35.8201    27.5    13.1    20.3    20.2    30.7    21.5 R    38.7    14.3    23.4
23904 200706  1.302  -91.7812   35.8201    30.4    17.6    24.0    23.6   229.1    21.3 R    40.9    18.6    26.5
23904 200707  1.302  -91.7812   35.8201    30.4    17.8    24.1    24.0    67.2    21.9 R    39.5    18.5    26.6
23904 200708  1.302  -91.7812   35.8201    36.1    19.8    28.0    27.9     7.6    22.0 R    53.1    21.2    32.6
23904 200709  1.302  -91.7812   35.8201    28.4    16.0    22.2    21.8   115.3    16.3 R    38.7    16.8    24.3
23904 200710  1.302  -91.7812   35.8201    22.5     9.3    15.9    15.5   131.0    13.3 R    27.4    10.4    16.7
23904 200711  1.302  -91.7812   35.8201    16.2     2.3     9.2     9.5    50.5    10.3 R    18.9     2.6     9.5
23904 200712  1.302  -91.7812   35.8201     9.7    -1.9     3.9     4.0   184.8     6.2 R    11.7    -0.9     4.5
23904 200801  1.302  -91.7812   35.8201     8.4    -4.9     1.7     2.0    22.8     9.0 R    11.0    -4.5     2.2
23904 200802  1.302  -91.7812   35.8201     9.9    -1.6     4.1     4.2   106.3    10.3 R    13.9    -1.4     4.3
23904 200803  1.302  -91.7812   35.8201    15.8     3.2     9.5     9.6   344.5    13.4 R    19.3     2.6     9.2
23904 200804  1.302  -91.7812   35.8201    19.4     6.5    13.0    13.3   199.7    18.4 R    25.7     6.6    14.2
23904 200805  1.302  -91.7812   35.8201    24.6    11.9    18.2    18.6    62.4    20.4 R    32.0    12.7    20.4
23904 200806  1.302  -91.7812   35.8201    30.4    18.5    24.4    24.3    79.2    23.8 R    43.6    19.1    27.7
23904 200807  1.302  -91.7812   35.8201    32.0    19.3    25.6    25.4   119.6    22.7 R    40.2    19.8    27.5
23904 200808  1.302  -91.7812   35.8201    30.1    18.3    24.2    23.9   196.7    19.1 R    37.3    18.5    25.6
23904 200809  1.302  -91.7812   35.8201    26.3    14.6    20.4    20.1   173.4    15.8 R    32.8    14.6    21.5
23904 200810  1.302  -91.7812   35.8201    21.8     6.6    14.2    13.7   122.6    14.9 R    29.1     6.3    14.9
23904 200811  1.302  -91.7812   35.8201    14.3     0.7     7.5     7.4    49.2     9.8 R    19.4     0.2     7.7
23904 200812  1.302  -91.7812   35.8201     9.4    -3.3     3.1     3.2    94.8     7.0 R    12.9    -3.6     3.4
23904 200901  1.302  -91.7812   35.8201     8.5    -5.3     1.6     1.5    79.8     8.7 R    12.5    -5.7     1.8
23904 200902  1.302  -91.7812   35.8201    12.9     0.2     6.6     6.9    67.9    11.5 R    17.8    -0.7     7.1
23904 200903  1.302  -91.7812   35.8201    16.7     4.3    10.5    10.9    97.7    14.5 R    21.5     3.9    11.4
23904 200904  1.302  -91.7812   35.8201    20.2     7.2    13.7    13.8   174.7    17.4 R    24.0     6.8    14.0
23904 200905  1.302  -91.7812   35.8201    24.0    13.0    18.5    18.6   217.0    19.1 R    31.8    12.6    20.2
23904 200906  2.402  -91.7812   35.8201    31.2    18.3    24.7    24.7    74.6    24.8 R    41.5    18.2    27.4
23904 200907  2.402  -91.7812   35.8201    30.0    17.7    23.9    23.9   148.9    20.1 R    40.6    17.9    26.3
23904 200908  2.402  -91.7812   35.8201    29.6    17.1    23.4    23.1    78.0    21.0 R    36.8    17.6    24.7
23904 200909  2.402  -91.7812   35.8201    25.7    15.4    20.6    20.3   206.2    13.4 R    30.4    15.7    21.3
23904 200910  2.402  -91.7812   35.8201    18.1     7.6    12.9    13.0   329.5     8.3 R    22.1     7.7    13.6
23904 200911  2.402  -91.7812   35.8201    18.0     3.9    10.9    10.8    26.6    10.3 R    24.6     3.2    11.0
23904 200912  2.402  -91.7812   35.8201     7.1    -3.3     1.9     1.9   180.9     7.0 R    12.7    -4.1     2.3
23904 201001  2.402  -91.7812   35.8201     5.9    -4.8     0.5     0.6   106.9     8.0 R    11.0    -5.9     0.6
23904 201002  2.402  -91.7812   35.8201     6.3    -5.2     0.6     0.8    58.7    11.1 R    13.5    -6.1     1.3
23904 201003  2.402  -91.7812   35.8201    16.0     2.0     9.0     9.1   121.5    14.8 R    25.6     1.4    10.1
23904 201004  2.402  -91.7812   35.8201    23.5     8.4    15.9    16.3   183.2    20.2 R    29.3     7.9    16.8
23904 201005  2.402  -91.7812   35.8201    26.1    14.0    20.0    20.1   148.5    20.4 R    34.6    13.6    21.6
23904 201006  2.402  -91.7812   35.8201    33.2    19.9    26.6    26.5     0.5    24.0 R    43.1    19.6    28.6
23904 201007  2.402  -91.7812   35.8201    33.4    21.2    27.3    26.9   186.8    22.1 R    50.7    21.1    30.6
23904 201008  2.402  -91.7812   35.8201    35.0    20.3    27.6    27.2    22.9    21.0 R    48.8    20.2    30.2
23904 201009  2.402  -91.7812   35.8201    29.0    14.7    21.8    21.5    99.6    16.8 R    35.1    14.5    22.6
23904 201010  2.402  -91.7812   35.8201    25.3     5.3    15.3    14.7     8.2    16.0 R    30.8     4.8    15.3
23904 201011  2.402  -91.7812   35.8201    17.2     1.7     9.4     9.5    60.4     9.6 R    24.2     0.6     9.7
23904 201012  2.402  -91.7812   35.8201     8.3    -4.1     2.1     2.2    40.1     7.6 R    16.0    -5.1     2.8
23904 201101  2.402  -91.7812   35.8201     7.2    -5.8     0.7     1.1    17.6     8.9 R    14.6    -6.7     1.6
23904 201102  2.402  -91.7812   35.8201    11.2    -1.4     4.9     5.3   184.0     9.7 R    17.8    -2.5     5.5
23904 201103  2.402  -91.7812   35.8201    15.3     3.6     9.5     9.5    91.2    12.3 R    23.3     3.4    10.6
23904 201104  2.402  -91.7812   35.8201    23.2     9.3    16.3    16.6   299.0    17.1 R    27.5     8.9    17.2
23904 201105  2.402  -91.7812   35.8201    24.1    12.9    18.5    18.5   305.1    19.4 R    29.9    12.6    19.7
23904 201106  2.402  -91.7812   35.8201    32.8    19.0    25.9    25.9    17.8    24.3 R    42.1    19.1    28.4
23904 201107  2.402  -91.7812   35.8201    34.6    21.1    27.9    27.5    74.3    23.1 R    49.9    21.7    31.5
23904 201108  2.402  -91.7812   35.8201    34.1    20.5    27.3    26.4    97.4    20.0 R    45.3    21.3    29.4
23904 201109  2.402  -91.7812   35.8201    27.4    11.8    19.6    19.2    73.7    17.1 R    34.1    12.4    20.9
23904 201110  2.402  -91.7812   35.8201    22.7     5.4    14.0    13.6    91.0    15.2 R    29.3     5.8    14.9
23904 201111  2.402  -91.7812   35.8201    16.0     6.2    11.1    11.2   337.2     8.2 R    20.1     5.9    11.4
23904 201112  2.402  -91.7812   35.8201    11.5    -1.0     5.3     5.1   158.9     7.2 R    15.0    -0.6     5.6
23904 201201  2.402  -91.7812   35.8201    12.1    -1.2     5.4     5.6    65.3     8.4 R    15.1    -1.3     5.6
23904 201202  2.402  -91.7812   35.8201    12.5     0.4     6.4     6.9    69.5    10.4 R    17.5     0.4     7.5
23904 201203  2.402  -91.7812   35.8201    22.7     7.9    15.3    15.6   179.6    15.8 R    27.1     7.9    15.9
23904 201204  2.402  -91.7812   35.8201    23.2     9.2    16.2    16.4    37.3    19.4 R    30.4     9.1    17.7
23904 201205  2.402  -91.7812   35.8201    28.9    13.7    21.3    21.6    26.5    23.2 R    37.2    13.3    23.4
23904 201206  2.402  -91.7812   35.8201    32.5    15.6    24.0    24.4    58.2    23.9 R    47.1    15.8    28.0
23904 201207  2.402  -91.7812   35.8201    36.4    21.7    29.0    28.8    61.2    21.4 R    50.1    22.0    32.0
23904 201208  2.402  -91.7812   35.8201    33.6    18.1    25.8    25.6   105.9    18.8 R    44.3    18.7    28.1
23904 201209  2.402  -91.7812   35.8201    28.1    15.4    21.8    21.3   142.0    16.3 R    34.1    15.8    22.8
23904 201210  2.402  -91.7812   35.8201    20.5     7.3    13.9    13.8   107.4    13.0 R    25.4     7.7    14.9
23904 201211  2.412  -91.7812   35.8201    15.5    -0.3     7.6     7.3    53.6    11.2 R    20.3     0.0     8.0
23904 201212  2.412  -91.7812   35.8201    12.6    -0.5     6.1     6.1    97.0     7.2 C    14.3    -0.8     6.0
23904 201301  2.412  -91.7812   35.8201     9.9    -2.4     3.8     3.6   190.7     8.3 C    13.1    -2.6     3.9
23904 201302  2.412  -91.7812   35.8201    10.3    -2.2     4.1     4.2   104.6    11.1 C    15.4    -2.4     4.9
23904 201303  2.412  -91.7812   35.8201    12.6    -0.1     6.2     6.5    61.8    14.3 C    18.4    -0.3     7.4
23904 201304  2.412  -91.7812   35.8201    20.2     5.9    13.0    13.6   114.9    18.0 C    25.4     5.7    14.6
23904 201305  2.412  -91.7812   35.8201    24.4    12.5    18.4    18.7   128.8    20.1 C    32.0    12.2    20.5
23904 201306  2.412  -91.7812   35.8201    30.1    17.2    23.6    23.8    49.3    24.8 C    41.0    17.4    27.2
23904 201307  2.412  -91.7812   35.8201    31.3    17.0    24.1    23.9    61.6    22.1 C    40.6    17.4    26.8
23904 201308  2.412  -91.7812   35.8201    29.9    18.3    24.1    23.8   166.7    19.0 C    37.6    18.9    26.3
23904 201309  2.412  -91.7812   35.8201    29.5    14.4    21.9    21.5    19.5    17.9 C    37.2    14.7    23.7
23904 201310  2.412  -91.7812   35.8201    21.3     7.8    14.5    14.7    82.9    12.9 C    27.2     8.2    16.1
23904 201311  2.412  -91.7812   35.8201    13.6    -0.1     6.7     6.7    53.7     9.2 C    17.5     0.1     7.4
23904 201312  2.412  -91.7812   35.8201     8.9    -3.1     2.9     2.6   143.7     7.7 C    11.9    -3.5     2.9
23904 201401  2.412  -91.7812   35.8201     8.2    -8.5    -0.1     0.4    57.5    10.3 C    10.9    -8.5     0.6
23904 201402  2.412  -91.7812   35.8201     8.1    -6.2     1.0     1.4    46.0    12.5 C    12.5    -6.8     2.0
23904 201403  2.412  -91.7812   35.8201    14.2    -1.7     6.2     6.7   104.7    16.8 C    19.8    -2.0     7.6
23904 201404  2.422  -91.7812   35.8201    21.2     6.8    14.0    14.5   176.2    18.7 C    27.7     6.7    15.4
23904 201405  2.422  -91.7812   35.8201    25.0    13.2    19.1    19.4   137.8    19.2 C    32.8    12.6    20.3
23904 201406  2.422  -91.7812   35.8201    28.9    18.5    23.7    23.5   140.7    19.8 C    37.2    18.2    25.0
23904 201407  2.422  -91.7812   35.8201    28.8    16.7    22.8    22.9    85.1    21.9 C    36.7    16.4    24.4
23904 201408  2.422  -91.7812   35.8201    33.0    18.5    25.7    25.4    16.7    21.4 C    45.6    19.1    28.6
23904 201409  2.422  -91.7812   35.8201    28.3    13.8    21.1    20.7    17.4    16.1 C    41.0    14.6    23.8
23904 201410  2.422  -91.7812   35.8201    23.3     8.5    15.9    15.7    97.1    12.8 C    30.6     9.5    17.0
23904 201411  2.422  -91.7812   35.8201    12.3    -1.3     5.5     5.9    46.7     9.9 C    15.1    -0.4     5.9
23904 201412  2.422  -91.7812   35.8201     9.1     0.7     4.9     5.0    65.6     4.6 C    11.1     1.4     5.5
23904 201501  2.422  -91.7812   35.8201     9.0    -4.7     2.1     2.4    89.6     8.9 C    11.0    -3.4     2.2
23904 201502  2.422  -91.7812   35.8201     6.0    -5.6     0.2     0.2    69.8    11.0 C    10.0    -4.6     0.8
23904 201503  2.422  -91.7812   35.8201    14.8     1.5     8.2     8.5   205.1    12.1 C    17.0     1.7     8.5
23904 201504  2.422  -91.7812   35.8201    21.0     8.7    14.9    15.1   113.6    14.6 C    26.3     9.1    15.9
23904 201505  2.422  -91.7812   35.8201    25.2    13.7    19.4    19.2   271.5    18.0 C    32.6    14.9    21.3
23904 201506  2.422  -91.7812   35.8201    30.7    19.2    25.0    24.8    89.3    22.1 C    38.2    20.1    27.1
23904 201507  2.422  -91.7812   35.8201    32.3    21.4    26.8    26.6   211.1    21.7 C    40.8    22.3    29.2
23904 201508  2.422  -91.7812   35.8201    30.5    17.1    23.8    23.4    68.3    20.5 C    41.2    18.6    26.9
23904 201509  2.422  -91.7812   35.8201    29.5    14.4    21.9    21.4    30.9    17.0 C    39.3    15.8    24.2
23904 201510  2.422  -91.7812   35.8201    23.2     8.1    15.6    15.3    54.3    12.2 C    28.8     9.4    16.6
23904 201511  2.422  -91.7812   35.8201    16.7     4.3    10.5    10.4   253.6     7.2 C    17.6     4.5    10.0
23904 201512  2.422  -91.7812   35.8201    14.8     1.7     8.3     8.2 -9999.0     7.9 C    15.9     1.2     7.5
23904 201601  2.422  -91.7812   35.8201     9.2    -3.7     2.7     2.6 -9999.0     9.5 C    12.0    -4.1     2.2
23904 201602  2.422  -91.7812   35.8201    13.2    -0.7     6.2     6.3    42.1    12.1 C    16.8    -1.7     5.7
23904 201603  2.422  -91.7812   35.8201    18.4     4.9    11.7    11.8   178.1    14.5 C    20.6     3.7    11.1
23904 201604  2.422  -91.7812   35.8201    21.6     8.1    14.9    15.2   104.4    17.1 C    28.8     7.9    16.0
23904 201605  2.422  -91.7812   35.8201    24.7    11.9    18.3    18.3   108.8    19.5 C    36.0    13.1    21.4
23904 201606  2.422  -91.7812   35.8201    31.2    19.3    25.3    25.0    46.6    23.1 C    43.9    20.6    29.3
23904 201607  2.422  -91.7812   35.8201    33.1    21.4    27.2    26.6    95.1    19.8 C    39.3    21.5    27.8
23904 201608  2.422  -91.7812   35.8201    31.0    21.2    26.1    25.5   247.8    16.4 C    38.4    21.7    27.4
23904 201609  2.422  -91.7812   35.8201    30.3    15.9    23.1    22.5    29.4    18.1 C    44.6    16.4    26.1
23904 201610  2.422  -91.7812   35.8201    26.3    10.9    18.6    17.9    60.3    13.7 C    34.4    11.6    19.5
23904 201611  2.422  -91.7812   35.8201    18.5     3.0    10.7    10.5    65.8     9.2 C    22.7     3.5    10.9
23904 201612  2.422  -91.7812   35.8201     9.9    -2.0     3.9     4.1    32.7     6.6 C    12.0    -1.5     4.1
23904 201701  2.422  -91.7812   35.8201    11.1    -0.5     5.3     5.7    42.3     6.8 C    12.7    -0.4     5.3
23904 201702  2.422  -91.7812   35.8201    16.6     2.2     9.4    10.0    55.8    11.0 C    19.8     2.1     9.6
23904 201703  2.422  -91.7812   35.8201    17.5     3.5    10.5    11.1   171.2    13.9 C    21.0     3.8    11.4
23904 201704  2.422  -91.7812   35.8201    22.6     8.7    15.7    16.2   256.6    16.1 C    27.4     9.4    16.9
23904 201705  2.422  -91.7812   35.8201    25.4    11.7    18.5    18.6   221.7    20.9 C    29.0    12.2    19.3
23904 201706  2.422  -91.7812   35.8201    28.8    17.0    22.9    22.8   187.4    21.3 C    32.3    16.7    23.1
23904 201707  2.422  -91.7812   35.8201    32.0    19.6    25.8    25.7   108.0    22.6 C    46.0    20.4    29.8
