94084 200610  1.301 -102.1702   48.9676 -9999.0 -9999.0 -9999.0 -9999.0 -9999.0 -9999.0 U -9999.0 -9999.0 -9999.0
94084 200611  1.301 -102.1702   48.9676     1.4   -11.5    -5.0    -4.6    12.2     5.1 R     3.2   -11.7    -4.9
94084 200612  1.301 -102.1702   48.9676    -3.0   -14.4    -8.7    -8.0    14.5     4.1 R    -4.4   -16.0    -9.5
94084 200701  1.301 -102.1702   48.9676    -5.9   -17.4   -11.7   -11.2     1.9     5.7 R    -7.2   -19.6   -12.6
94084 200702  1.301 -102.1702   48.9676   -10.4   -21.1   -15.8   -15.1     7.2     8.5 R    -9.6   -22.4   -15.4
94084 200703  1.301 -102.1702   48.9676     4.6    -7.1    -1.2    -1.1    28.5    12.8 R     6.6    -6.8    -0.9
94084 200704  1.301 -102.1702   48.9676    12.4    -4.3     4.1     4.6     6.6    19.3 R    24.1    -4.1     6.9
94084 200705  1.301 -102.1702   48.9676    18.1     5.1    11.6    11.8   112.4    17.2 R    27.7     4.9    13.9
94084 200706  1.301 -102.1702   48.9676    23.5     9.8    16.6    16.9    70.9    21.9 R    32.4     9.9    18.9
94084 200707  1.302 -102.1702   48.9676    28.7    13.3    21.0    21.4    40.6    24.0 R    43.1    13.7    25.2
94084 200708  1.302 -102.1702   48.9676    25.2     8.9    17.1    17.1    13.7    18.6 R    36.8     9.1    19.8
94084 200709  1.302 -102.1702   48.9676    21.5     3.6    12.6    12.8     6.2    14.3 R    31.2     3.4    14.4
94084 200710  1.302 -102.1702   48.9676    13.2    -0.2     6.5     6.3    32.6     8.4 R    16.9    -0.3     6.5
94084 200711  1.302 -102.1702   48.9676     2.4    -9.7    -3.7    -3.2     8.4     4.8 R     4.1   -10.0    -3.5
94084 200712  1.302 -102.1702   48.9676    -6.9   -18.6   -12.8   -12.1     1.5     3.7 R    -6.9   -20.5   -12.9
94084 200801  1.302 -102.1702   48.9676    -7.0   -20.4   -13.7   -13.3     2.2     5.1 R    -7.0   -21.7   -14.1
94084 200802  1.302 -102.1702   48.9676    -6.7   -20.7   -13.7   -13.6     6.8     8.7 R    -6.1   -21.0   -13.2
94084 200803  1.302 -102.1702   48.9676     2.0   -10.6    -4.3    -4.2     8.6    12.7 R     6.9   -10.0    -3.0
94084 200804  1.302 -102.1702   48.9676    12.4    -4.5     3.9     4.1     5.7    19.4 R    25.3    -4.9     6.8
94084 200805  1.302 -102.1702   48.9676    17.6     2.0     9.8    10.2    56.2    21.3 R    31.1     1.6    13.1
94084 200806  1.302 -102.1702   48.9676    21.2     7.1    14.2    14.6    67.6    21.8 R    29.3     7.2    16.3
94084 200807  1.302 -102.1702   48.9676    26.3    10.2    18.2    18.7    77.0    24.3 R    40.3    10.5    22.1
94084 200808  1.302 -102.1702   48.9676    26.3    10.4    18.3    18.6    88.4    20.8 R    33.3    10.7    20.0
94084 200809  1.302 -102.1702   48.9676    19.4     4.7    12.0    11.6    52.6    13.8 R    23.9     4.7    12.3
94084 200810  1.302 -102.1702   48.9676    12.7    -2.4     5.2     5.1    34.8     9.5 R    15.9    -2.5     4.9
94084 200811  1.302 -102.1702   48.9676     3.5    -8.0    -2.2    -2.2     7.7     4.7 R     4.9    -7.8    -2.2
94084 200812  1.302 -102.1702   48.9676 -9999.0 -9999.0 -9999.0 -9999.0    24.0     4.1 R   -11.3   -24.8   -17.4
94084 200901  1.302 -102.1702   48.9676 -9999.0 -9999.0 -9999.0 -9999.0    16.1     6.0 R   -11.9   -24.3   -17.6
94084 200902  1.302 -102.1702   48.9676   -10.1   -20.2   -15.1   -14.4    13.1     9.5 R    -9.8   -21.7   -14.9
94084 200903  1.302 -102.1702   48.9676    -4.0   -15.3    -9.6    -9.0     1.2    15.0 R    -3.7   -16.4    -9.4
94084 200904  1.302 -102.1702   48.9676     9.1    -2.8     3.2     3.2    29.3    17.6 R    13.3    -3.8     3.4
94084 200905  1.302 -102.1702   48.9676    17.8     0.7     9.3    10.0    11.9    21.7 R    29.0     0.2    12.1
94084 200906  1.302 -102.1702   48.9676    22.0     7.1    14.5    15.1    41.4    23.4 R    36.7     6.9    18.6
94084 200907  1.302 -102.1702   48.9676    23.4     8.9    16.1    16.5   123.3    23.4 R    38.8     9.1    20.1
94084 200908  1.302 -102.1702   48.9676    24.1     9.0    16.5    16.7    34.1    18.5 R    36.2     8.7    19.0
94084 200909  1.302 -102.1702   48.9676    25.3     7.6    16.4    16.3    16.2    15.8 R    33.6     6.8    17.3
94084 200910  1.302 -102.1702   48.9676     6.8    -1.8     2.5     2.6    43.8     5.9 R    10.7    -2.0     3.0
94084 200911  1.302 -102.1702   48.9676     9.1    -6.5     1.3     0.6     0.7     6.0 R    10.4    -7.4    -0.6
94084 200912  1.302 -102.1702   48.9676   -12.1   -21.5   -16.8   -16.0    11.9     3.8 R   -11.8   -23.2   -16.7
94084 201001  1.302 -102.1702   48.9676    -8.4   -17.9   -13.1   -12.7    15.9     5.2 R    -8.6   -19.7   -13.8
94084 201002  1.302 -102.1702   48.9676    -9.7   -20.5   -15.1   -14.3     4.8     8.8 R    -8.5   -21.7   -14.4
94084 201003  1.302 -102.1702   48.9676     3.2    -6.0    -1.4    -1.2     4.2    12.2 R     7.8    -6.1    -0.4
94084 201004  1.302 -102.1702   48.9676    14.8    -1.5     6.6     7.0    27.9    17.4 R    24.4    -2.4     8.1
94084 201005  2.402 -102.1702   48.9676    16.0     3.7     9.9    10.0    87.7    17.7 R    25.1     3.3    11.6
94084 201006  2.402 -102.1702   48.9676    21.6    10.0    15.8    16.0   128.3    19.4 R    28.4    10.2    17.6
94084 201007  2.402 -102.1702   48.9676    24.9    11.6    18.2    18.6    35.9    21.9 R    37.9    11.4    21.8
94084 201008  2.402 -102.1702   48.9676    24.9    11.5    18.2    18.1    56.5    17.5 R    35.3    11.3    20.3
94084 201009  2.402 -102.1702   48.9676    17.3     5.2    11.2    11.3    67.3    11.2 R    21.2     5.0    11.8
94084 201010  2.402 -102.1702   48.9676    14.5    -1.0     6.8     6.5    19.6     9.5 R    17.3    -1.8     6.3
94084 201011  2.402 -102.1702   48.9676     0.6    -9.9    -4.6    -4.6    16.1     5.0 R     1.8   -10.6    -4.6
94084 201012  2.402 -102.1702   48.9676    -9.7   -17.3   -13.5   -12.8    18.2     3.4 R    -9.0   -18.4   -12.8
94084 201101  2.402 -102.1702   48.9676   -10.6   -19.5   -15.0   -14.7    16.5     4.7 R   -10.0   -20.4   -14.7
94084 201102  2.402 -102.1702   48.9676    -8.3   -18.9   -13.6   -13.1     9.6     9.3 R    -7.7   -20.1   -13.5
94084 201103  2.402 -102.1702   48.9676    -4.5   -14.0    -9.2    -8.8     7.2    12.7 R    -2.9   -14.9    -8.6
94084 201104  2.402 -102.1702   48.9676     7.8    -2.3     2.7     2.8    44.8    14.8 R    14.0    -3.4     3.5
94084 201105  2.402 -102.1702   48.9676    15.6     4.5    10.1    10.1   121.0    17.1 R    23.2     3.8    11.3
94084 201106  2.402 -102.1702   48.9676    21.5    10.4    16.0    16.1    65.1    21.1 R    24.0     9.3    16.2
94084 201107  2.402 -102.1702   48.9676    26.0    13.4    19.7    20.2    96.8    24.4 R    31.5    12.2    20.9
94084 201108  2.402 -102.1702   48.9676    27.1    12.2    19.6    19.5    55.9    21.0 R    38.2    10.7    21.2
94084 201109  2.402 -102.1702   48.9676    22.1     5.5    13.8    13.8    21.2    16.4 R    28.7     4.0    14.1
94084 201110  2.402 -102.1702   48.9676    14.4     0.8     7.6     7.3    40.1     9.4 R    18.0    -0.5     7.1
94084 201111  2.402 -102.1702   48.9676     2.6    -8.7    -3.1    -2.7     9.1     5.8 R     3.6   -10.5    -3.5
94084 201112  2.402 -102.1702   48.9676    -0.7   -10.2    -5.5    -5.0    12.7     3.8 R    -0.4   -11.7    -5.5
94084 201201  2.402 -102.1702   48.9676    -2.8   -13.6    -8.2    -7.9    16.0     5.3 R    -2.3   -15.2    -8.7
94084 201202  2.402 -102.1702   48.9676    -2.6   -14.3    -8.5    -8.0     6.7     8.4 R     0.2   -16.0    -8.3
94084 201203  2.402 -102.1702   48.9676     9.3    -3.8     2.8     2.6    11.1    13.0 R    14.6    -5.6     2.8
94084 201204  2.402 -102.1702   48.9676    12.4    -0.7     5.9     5.9    58.3    15.5 R    20.5    -2.2     6.9
94084 201205  2.402 -102.1702   48.9676    17.3     4.4    10.8    11.1    56.0    19.1 R    25.3     3.3    12.2
94084 201206  2.412 -102.1702   48.9676    23.3    10.8    17.0    17.1   117.5    22.5 R    32.0     9.8    18.7
94084 201207  2.412 -102.1702   48.9676    28.0    14.7    21.3    21.3    54.4    23.8 C    40.1    13.9    24.5
94084 201208  2.412 -102.1702   48.9676    26.3     9.6    18.0    18.3    19.3    19.1 C    36.8     8.6    20.4
94084 201209  2.412 -102.1702   48.9676    22.5     3.5    13.0    13.1     3.0    15.8 C    30.8     2.2    14.3
94084 201210  2.412 -102.1702   48.9676     8.5    -2.9     2.8     3.1    25.9     6.8 C    12.7    -3.5     3.5
94084 201211  2.412 -102.1702   48.9676    -0.8   -10.2    -5.5    -5.3    29.0     4.3 C    -0.8   -11.0    -5.6
94084 201212  2.412 -102.1702   48.9676    -9.0   -19.6   -14.3   -14.0    14.6     3.4 C    -8.8   -20.4   -13.9
94084 201301  2.412 -102.1702   48.9676    -7.8   -19.7   -13.7   -13.4     7.0     5.1 C    -7.5   -20.3   -13.5
94084 201302  2.412 -102.1702   48.9676    -5.3   -15.5   -10.4    -9.9    15.5     8.3 C    -4.7   -16.5   -10.1
94084 201303  2.412 -102.1702   48.9676    -7.1   -18.6   -12.9   -12.2    66.1    15.5 C    -5.4   -19.5   -11.8
94084 201304  2.412 -102.1702   48.9676     0.4    -9.4    -4.5    -3.8    40.5    20.3 C     1.7   -10.5    -4.0
94084 201305  2.412 -102.1702   48.9676    17.4     4.5    10.9    11.3 -9999.0    18.7 C    24.9     3.1    12.6
94084 201306  2.412 -102.1702   48.9676    22.3    10.5    16.4    16.6    87.3    21.9 C    28.5    10.2    18.2
94084 201307  2.422 -102.1702   48.9676    24.6    11.9    18.2    18.2    62.4    21.4 C    31.4    11.5    20.1
94084 201308  2.422 -102.1702   48.9676    25.8    11.6    18.7    18.7    30.9    18.6 C    34.4    10.4    19.8
94084 201309  2.422 -102.1702   48.9676    21.7     8.3    15.0    14.8    69.7    13.2 C    26.2     7.4    15.0
94084 201310  2.422 -102.1702   48.9676     9.6    -1.9     3.9     3.8    39.9     8.2 C    12.8    -2.8     3.7
94084 201311  2.422 -102.1702   48.9676     0.6   -10.3    -4.9    -4.7     7.3     5.1 C     1.5   -11.8    -5.1
94084 201312  2.422 -102.1702   48.9676   -12.3   -21.6   -17.0   -16.9     7.9     3.9 C   -11.9   -23.8   -17.8
94084 201401  2.422 -102.1702   48.9676    -6.4   -20.2   -13.3   -13.6     7.6     5.2 C    -7.3   -22.4   -14.7
94084 201402  2.422 -102.1702   48.9676   -12.1   -23.1   -17.6   -17.2     3.8     9.8 C   -10.6   -25.2   -17.6
94084 201403  2.422 -102.1702   48.9676    -1.6   -12.2    -6.9    -6.8     6.9    12.4 C     2.6   -13.1    -6.1
94084 201404  2.422 -102.1702   48.9676     8.7    -3.9     2.4     2.2    41.3    15.4 C    14.8    -5.3     2.9
94084 201405  2.422 -102.1702   48.9676    18.6     3.3    10.9    11.3    36.0    20.6 C    28.1     1.0    12.5
94084 201406  2.422 -102.1702   48.9676    20.9     9.4    15.1    15.1   116.6    17.3 C    28.1     8.6    16.2
94084 201407  2.422 -102.1702   48.9676    24.3    10.9    17.6    17.9    22.2    23.2 C    32.1    10.1    19.3
94084 201408  2.422 -102.1702   48.9676    25.1    11.7    18.4    18.2   145.8    17.6 C    33.7    11.1    19.9
94084 201409  2.422 -102.1702   48.9676    19.9     5.8    12.8    12.4    45.8    13.7 C    23.8     5.0    12.5
94084 201410  2.422 -102.1702   48.9676    13.2    -0.7     6.2     6.2     6.9     7.6 C    14.9    -2.0     5.4
94084 201411  2.422 -102.1702   48.9676    -3.0   -14.4    -8.7    -8.0    25.5     4.4 C    -1.3   -15.8    -8.3
94084 201412  2.422 -102.1702   48.9676    -4.4   -14.2    -9.3    -8.9     1.4     3.5 C    -4.9   -15.7    -9.9
94084 201501  2.422 -102.1702   48.9676    -5.4   -15.3   -10.3   -10.1    17.4     4.4 C    -5.8   -17.1   -11.0
94084 201502  2.422 -102.1702   48.9676    -9.9   -21.9   -15.9   -15.4    20.7     8.5 C    -9.3   -24.2   -16.1
94084 201503  2.422 -102.1702   48.9676     5.6    -7.1    -0.8    -1.1    20.7    13.0 C     7.9    -8.8    -1.4
94084 201504  2.422 -102.1702   48.9676    13.3    -2.7     5.3     5.7     7.8    17.5 C    20.2    -4.7     6.2
94084 201505  2.422 -102.1702   48.9676    17.4     2.8    10.1    10.6    51.2    19.9 C    26.2     1.1    11.9
94084 201506  2.422 -102.1702   48.9676    24.1    10.3    17.2    17.4   108.8    23.8 C    36.2     8.4    19.7
94084 201507  2.422 -102.1702   48.9676    26.5    12.6    19.6    19.4    33.9    22.7 C    38.7    11.4    22.2
94084 201508  2.422 -102.1702   48.9676    26.9     9.6    18.2    18.3    64.2    20.3 C    38.0     8.2    20.2
94084 201509  2.422 -102.1702   48.9676    21.5     6.0    13.7    13.7    72.9    14.4 C    26.1     4.7    13.7
94084 201510  2.422 -102.1702   48.9676    14.0     0.3     7.2     6.9    15.2     8.3 C    16.6    -0.9     6.5
94084 201511  2.422 -102.1702   48.9676     3.8    -7.4    -1.8    -1.8    16.0     5.0 C     4.9    -8.4    -2.3
94084 201512  2.422 -102.1702   48.9676    -2.4   -11.4    -6.9    -6.8     8.4     3.5 C    -1.7   -13.3    -7.4
94084 201601  2.422 -102.1702   48.9676    -5.7   -15.0   -10.3    -9.9    13.2     4.8 C    -5.6   -17.0   -10.7
94084 201602  2.422 -102.1702   48.9676     0.1    -8.8    -4.3    -4.5    10.5     6.9 C     2.4    -9.1    -4.0
94084 201603  2.422 -102.1702   48.9676     7.7    -6.8     0.4     0.4     7.2    11.4 C    12.3    -8.3     0.4
94084 201604  2.422 -102.1702   48.9676    12.4    -2.3     5.1     4.7    30.7    16.6 C    19.3    -3.5     5.9
94084 201605  2.422 -102.1702   48.9676    20.7     5.2    13.0    13.5    90.6    19.5 C    28.9     3.3    14.5
94084 201606  2.422 -102.1702   48.9676    23.5    10.4    17.0    17.4   180.8    25.5 C    32.5     9.3    19.1
94084 201607  2.422 -102.1702   48.9676    25.3    12.4    18.8    19.0    34.7    23.1 C    35.0    11.3    20.9
94084 201608  2.422 -102.1702   48.9676    26.2    11.0    18.6    18.3    63.2    20.6 C    39.9     9.9    21.0
94084 201609  2.422 -102.1702   48.9676    19.4     6.3    12.8    12.8    58.3    11.8 C    24.7     5.4    13.1
94084 201610  2.422 -102.1702   48.9676    10.8     0.6     5.7     5.6   100.1     6.5 C    14.0    -0.1     5.7
94084 201611  2.422 -102.1702   48.9676     8.8    -3.0     2.9     2.7    19.2     4.8 C     9.3    -4.1     1.7
94084 201612  2.422 -102.1702   48.9676    -9.7   -18.8   -14.2   -14.0    39.8     4.0 C   -10.2   -21.0   -15.4
94084 201701  2.422 -102.1702   48.9676    -8.7   -17.9   -13.3   -13.0    22.0     5.2 C    -9.7   -20.1   -14.6
94084 201702  2.422 -102.1702   48.9676    -4.8   -13.7    -9.3    -8.7    15.1     9.1 C    -5.9   -15.7   -10.2
94084 201703  2.422 -102.1702   48.9676    -1.2   -10.1    -5.6    -5.4    15.1    12.6 C    -1.3   -11.5    -6.2
94084 201704  2.422 -102.1702   48.9676    11.8    -1.6     5.1     5.1    11.7    16.4 C    19.3    -3.3     5.9
94084 201705  2.422 -102.1702   48.9676    19.5     4.5    12.0    12.2    37.3    21.7 C    28.3     3.2    13.4
94084 201706  2.422 -102.1702   48.9676    23.2     9.4    16.3    16.7    35.9    22.6 C    32.5     8.5    18.3
94084 201707  2.422 -102.1702   48.9676    28.3    11.7    20.0    20.5    13.5    23.8 C    43.5    10.2    24.1
