94078 200407  1.201 -108.6686   42.6754    28.3    12.8    20.6    20.9 -9999.0    24.2 R -9999.0 -9999.0    25.6
94078 200408  1.201 -108.6686   42.6754    26.2    11.5    18.8    19.0    46.7    22.8 R -9999.0 -9999.0    22.3
94078 200409  1.201 -108.6686   42.6754    21.8     7.9    14.9    15.0    28.0    17.6 R -9999.0 -9999.0    16.6
94078 200410  1.201 -108.6686   42.6754    14.6     2.3     8.4     8.3    44.7    12.1 R -9999.0 -9999.0     7.7
94078 200411  1.201 -108.6686   42.6754     5.9    -4.5     0.7     0.4    39.9     8.4 R -9999.0 -9999.0    -2.0
94078 200412  1.201 -108.6686   42.6754     3.8    -6.8    -1.5    -1.5    14.4     7.7 R -9999.0 -9999.0    -4.9
94078 200501  1.201 -108.6686   42.6754     2.5    -8.5    -3.0    -3.1    47.2     8.8 R -9999.0 -9999.0    -6.7
94078 200502  1.201 -108.6686   42.6754     5.1    -6.4    -0.6    -0.5    12.5    13.4 R -9999.0 -9999.0    -2.7
94078 200503  1.201 -108.6686   42.6754     8.7    -3.4     2.7     2.8    44.5    17.3 R -9999.0 -9999.0     3.5
94078 200504  1.201 -108.6686   42.6754    13.1     0.1     6.6     6.8    57.7    19.8 R -9999.0 -9999.0     9.3
94078 200505  1.201 -108.6686   42.6754    18.1     3.9    11.0    11.2   103.4    23.7 R -9999.0 -9999.0    14.4
94078 200506  1.201 -108.6686   42.6754    24.3     8.6    16.5    17.1    34.9    28.1 R -9999.0 -9999.0    21.0
94078 200507  1.201 -108.6686   42.6754    32.4    14.6    23.5    24.1    10.5    27.6 R -9999.0 -9999.0    29.6
94078 200508  1.201 -108.6686   42.6754    28.1    11.7    19.9    20.1    45.6    22.1 R -9999.0 -9999.0    23.8
94078 200509  1.201 -108.6686   42.6754    24.0     8.0    16.0    16.1    19.3    19.7 R -9999.0 -9999.0    18.5
94078 200510  1.201 -108.6686   42.6754    15.6     2.8     9.2     9.1    74.9    12.8 R -9999.0 -9999.0     9.4
94078 200511  1.201 -108.6686   42.6754     8.5    -4.0     2.3     2.6    57.3    10.1 R -9999.0 -9999.0     1.1
94078 200512  1.201 -108.6686   42.6754     0.9   -10.9    -5.0    -5.1    99.0     7.4 R -9999.0 -9999.0    -7.6
94078 200601  1.201 -108.6686   42.6754     5.6    -6.7    -0.6    -0.5    56.1     9.0 R -9999.0 -9999.0    -2.3
94078 200602  1.201 -108.6686   42.6754     2.4   -10.6    -4.1    -4.0    86.6    13.3 R -9999.0 -9999.0    -6.2
94078 200603  1.201 -108.6686   42.6754     7.0    -4.8     1.1     1.4    24.8    17.2 R -9999.0 -9999.0     2.3
94078 200604  1.201 -108.6686   42.6754    15.0     0.9     8.0     8.1    57.5    22.1 R -9999.0 -9999.0    10.0
94078 200605  1.201 -108.6686   42.6754    21.4     5.2    13.3    14.0    15.2    27.8 R -9999.0 -9999.0    19.2
94078 200606  1.201 -108.6686   42.6754    29.2    11.3    20.2    20.8    20.5    29.3 R -9999.0 -9999.0    27.4
94078 200607  1.301 -108.6686   42.6754    32.8    16.0    24.4    24.8    27.0    24.5 R -9999.0 -9999.0    30.3
94078 200608  1.301 -108.6686   42.6754    29.3    13.0    21.2    21.4    12.1    22.1 R    55.9     9.5    25.7
94078 200609  1.301 -108.6686   42.6754    21.1     6.6    13.9    13.8    29.4    17.2 R    40.1     3.4    16.0
94078 200610  1.301 -108.6686   42.6754    12.8     0.7     6.7     6.7    53.1    11.8 R    21.9    -1.4     6.6
94078 200611  1.301 -108.6686   42.6754 -9999.0 -9999.0 -9999.0 -9999.0 -9999.0     9.2 R    16.7    -6.8     1.5
94078 200612  1.301 -108.6686   42.6754     3.7    -8.7    -2.5    -2.5     9.8     6.7 R    11.8   -13.3    -4.5
94078 200701  1.301 -108.6686   42.6754    -3.2   -14.4    -8.8    -8.8    24.5     9.3 R    -1.6   -20.5   -12.4
94078 200702  1.301 -108.6686   42.6754     4.9    -7.2    -1.2    -0.6    10.2    11.8 R     3.9   -10.0    -3.3
94078 200703  1.301 -108.6686   42.6754    12.7    -1.4     5.7     5.8    50.5    17.2 R    27.4    -4.6     6.8
94078 200704  1.301 -108.6686   42.6754    13.7     0.3     7.0     7.2     2.6    20.7 R    33.4    -1.8    10.6
94078 200705  1.301 -108.6686   42.6754    19.9     4.7    12.3    12.7    51.2    23.1 R    40.3     2.6    16.2
94078 200706  1.301 -108.6686   42.6754    27.7    10.1    18.9    19.9    18.4    28.3 R    52.6     7.9    25.5
94078 200707  1.302 -108.6686   42.6754    32.2    15.8    24.0    24.3    94.3    23.6 R    56.5    13.5    29.1
94078 200708  1.302 -108.6686   42.6754    29.4    13.8    21.6    21.7    23.1    21.7 R    45.2    12.1    24.6
94078 200709  1.302 -108.6686   42.6754    22.7     7.7    15.2    15.5    28.3    17.0 R    35.5     5.6    17.1
94078 200710  1.302 -108.6686   42.6754    15.6     1.3     8.5     8.4    32.4    13.2 R    23.7    -0.5     8.9
94078 200711  1.302 -108.6686   42.6754     9.1    -4.7     2.2     2.3     5.0     8.8 R    14.4    -7.3     1.3
94078 200712  1.302 -108.6686   42.6754    -1.6   -12.5    -7.0    -6.7 -9999.0     6.7 R    -0.8   -16.1    -8.8
94078 200801  1.302 -108.6686   42.6754 -9999.0 -9999.0 -9999.0 -9999.0 -9999.0 -9999.0 U -9999.0 -9999.0 -9999.0
94078 200802  1.302 -108.6686   42.6754     2.5    -8.6    -3.0    -2.8    28.9    12.9 R     4.7   -11.7    -4.3
94078 200803  1.302 -108.6686   42.6754     5.9    -5.8     0.0     0.4    21.7    17.6 R    13.6    -7.1     1.4
94078 200804  1.302 -108.6686   42.6754    12.0    -3.0     4.5     4.8    30.6    22.6 R    27.3    -4.8     7.9
94078 200805  1.302 -108.6686   42.6754    16.4     3.6    10.0    10.0 -9999.0    22.1 R    27.3     3.0    12.4
94078 200806  1.302 -108.6686   42.6754    22.8     7.9    15.4    15.8    38.9    25.2 R    36.7     7.3    18.9
94078 200807  1.302 -108.6686   42.6754    31.3    13.5    22.4    23.0     0.8    26.8 R    42.1    13.6    26.7
94078 200808  1.302 -108.6686   42.6754    29.3    12.9    21.1    21.6    13.8    22.4 R    46.7    12.5    24.9
94078 200809  1.302 -108.6686   42.6754    21.1     6.4    13.7    13.6    24.0    17.0 R    48.7     4.4    16.1
94078 200810  1.302 -108.6686   42.6754    13.4     0.4     6.9     6.9    51.3    12.2 R    35.6    -1.9     6.8
94078 200811  1.302 -108.6686   42.6754     9.7    -2.3     3.7     3.6     8.8     8.0 R    29.8    -4.1     2.8
94078 200812  1.302 -108.6686   42.6754     1.0   -12.6    -5.8    -5.4    17.5     6.2 R    15.3   -15.3    -7.6
94078 200901  1.302 -108.6686   42.6754     4.4    -8.4    -2.0    -2.2    14.0     7.8 R    16.7   -11.7    -4.9
94078 200902  1.302 -108.6686   42.6754     6.1    -6.7    -0.3    -0.4     0.9    11.8 R    29.0    -8.6     0.2
94078 200903  1.302 -108.6686   42.6754     6.9    -5.9     0.5     0.7    70.0    17.0 R    27.7    -9.5     0.3
94078 200904  1.302 -108.6686   42.6754    10.1    -0.5     4.8     4.7   105.6    18.5 R    26.2    -2.5     4.8
94078 200905  1.302 -108.6686   42.6754    18.9     5.1    12.0    12.6    22.0    23.7 R    41.0     3.8    16.8
94078 200906  1.302 -108.6686   42.6754    20.0     7.6    13.8    14.0   111.0    21.0 R    30.5     7.5    16.6
94078 200907  1.302 -108.6686   42.6754    27.6    11.5    19.6    19.5    24.0    24.1 R    46.1    11.7    24.9
94078 200908  1.302 -108.6686   42.6754    27.5    11.1    19.3    19.3    27.1    20.9 R    41.7    10.5    23.0
94078 200909  1.302 -108.6686   42.6754    24.8     8.4    16.6    16.9    32.9    17.4 R    36.4     7.6    19.2
94078 200910  1.302 -108.6686   42.6754     7.0    -3.1     1.9     1.9    75.2    11.0 R    12.9    -4.9     1.7
94078 200911  1.302 -108.6686   42.6754     9.6    -4.4     2.6     2.5     0.0     8.8 R    16.2    -6.8     1.2
94078 200912  1.302 -108.6686   42.6754    -4.3   -15.0    -9.6    -9.4    27.6     5.8 R    -2.8   -19.5   -12.0
94078 201001  1.302 -108.6686   42.6754    -1.2   -12.1    -6.7    -7.0    10.6     7.9 R    -1.1   -17.4   -10.7
94078 201002  1.302 -108.6686   42.6754    -1.1    -9.7    -5.4    -5.3    24.8    11.1 R     0.6   -15.3    -7.9
94078 201003  1.302 -108.6686   42.6754     7.3    -3.2     2.0     2.2    71.6    14.7 R     7.9    -7.6    -0.4
94078 201004  1.302 -108.6686   42.6754    11.0    -0.9     5.0     5.2    81.9    19.3 R    18.2    -2.7     5.4
94078 201005  1.302 -108.6686   42.6754    13.8     1.3     7.5     7.8   113.2    21.2 R    27.2     0.0     9.9
94078 201006  1.302 -108.6686   42.6754    22.8     8.5    15.6    15.8    65.7    23.4 R    38.3     8.3    19.7
94078 201007  1.302 -108.6686   42.6754    28.9    12.6    20.7    21.3    11.1    25.1 R    46.9    12.4    26.4
94078 201008  1.302 -108.6686   42.6754    28.5    12.2    20.4    20.9     5.7    22.2 R    45.7    11.7    24.9
94078 201009  2.404 -108.6686   42.6754    25.6     7.1    16.3    16.7     1.8    19.3 R    40.3     5.8    19.6
94078 201010  2.404 -108.6686   42.6754    17.8     3.5    10.7    10.8    16.0    13.4 R    30.2     1.9    11.8
94078 201011  2.404 -108.6686   42.6754     6.2    -6.0     0.1     0.4    29.5     8.4 R    12.9    -7.3    -0.2
94078 201012  2.404 -108.6686   42.6754     2.6    -8.3    -2.8    -3.1    22.8     6.9 R     5.2   -10.7    -5.1
94078 201101  2.404 -108.6686   42.6754     1.9   -10.2    -4.1    -4.1    13.7     8.4 R     2.8   -14.6    -7.5
94078 201102  2.404 -108.6686   42.6754    -0.8   -13.0    -6.9    -6.6    47.3    12.5 R     2.0   -16.9    -9.2
94078 201103  2.404 -108.6686   42.6754     8.1    -3.8     2.2     2.5     9.3    16.2 R    18.7    -4.5     3.2
94078 201104  2.404 -108.6686   42.6754    11.9    -2.4     4.8     5.0    19.5    20.3 R    30.8    -3.4     8.5
94078 201105  2.404 -108.6686   42.6754    14.2     1.8     8.0     8.1   162.9    19.7 R    28.1     0.8    10.8
94078 201106  2.404 -108.6686   42.6754    23.5     7.5    15.5    16.0    10.6    26.9 R    42.0     6.4    20.0
94078 201107  2.403 -108.6686   42.6754    30.8    14.3    22.6    23.1     1.2    25.4 R    54.4    12.6    28.4
94078 201108  2.403 -108.6686   42.6754    31.1    13.2    22.2    22.5     3.0    21.7 R    55.3    11.6    27.4
94078 201109  2.403 -108.6686   42.6754    24.3     8.2    16.2    16.3     9.1    17.9 R    42.9     5.6    19.6
94078 201110  2.403 -108.6686   42.6754    16.0     2.7     9.3     9.3    49.6    12.1 R    26.1     0.9     9.9
94078 201111  2.403 -108.6686   42.6754     6.3    -6.5    -0.1     0.2    32.0     8.6 R    11.0    -8.6    -1.3
94078 201112  2.403 -108.6686   42.6754    -2.4   -13.2    -7.8    -7.7    26.9     7.1 R    -3.0   -18.7   -11.5
94078 201201  2.403 -108.6686   42.6754     4.2    -8.4    -2.1    -1.8    10.5     8.2 R     1.9   -11.8    -5.4
94078 201202  2.403 -108.6686   42.6754     1.7    -8.8    -3.6    -3.2    30.2    10.4 R     2.5   -12.9    -5.3
94078 201203  2.403 -108.6686   42.6754    13.5    -1.3     6.1     6.7     8.8    17.7 R    22.7    -3.2     6.9
94078 201204  2.403 -108.6686   42.6754    16.8     1.6     9.2     9.5    19.9    20.0 R    34.5     0.2    13.0
94078 201205  2.403 -108.6686   42.6754    19.9     4.7    12.3    12.7    19.7    23.0 R    42.0     3.5    18.2
94078 201206  2.413 -108.6686   42.6754    29.3    11.2    20.2    21.2     0.5    28.5 R    54.0     9.1    27.5
94078 201207  2.413 -108.6686   42.6754    32.5    16.0    24.2    24.8     8.6    22.8 C    52.7    14.4    29.5
94078 201208  2.413 -108.6686   42.6754    31.1    14.3    22.7    23.0     4.0    22.3 C    48.7    12.2    26.8
94078 201209  2.413 -108.6686   42.6754    25.5     9.6    17.6    17.6     6.6    17.9 C    40.8     6.8    19.7
94078 201210  2.413 -108.6686   42.6754    14.5     0.7     7.6     7.7    15.9    11.9 C    24.2    -1.8     8.0
94078 201211  2.413 -108.6686   42.6754    10.4    -2.6     3.9     3.9    17.4     8.6 C    16.1    -4.8     2.8
94078 201212  2.413 -108.6686   42.6754     1.4    -9.6    -4.1    -4.0    17.9     6.4 C     4.2   -12.8    -6.3
94078 201301  2.413 -108.6686   42.6754     0.5   -12.0    -5.7    -5.7    12.4     8.1 C    -1.3   -17.3    -9.9
94078 201302  2.413 -108.6686   42.6754     1.1    -9.4    -4.2    -3.9    42.4    12.2 C     1.2   -15.0    -7.2
94078 201303  2.413 -108.6686   42.6754     8.2    -4.6     1.8     2.2    17.5    16.9 C    13.2    -6.6     1.6
94078 201304  2.413 -108.6686   42.6754     9.4    -3.2     3.1     3.4    81.3    20.5 C    19.4    -5.2     4.8
94078 201305  2.413 -108.6686   42.6754    18.9     5.4    12.1    12.4    38.6    22.8 C    34.8     4.0    15.9
94078 201306  2.423 -108.6686   42.6754    27.8     9.4    18.6    19.3     5.1    27.5 C    48.7     7.9    25.1
94078 201307  2.423 -108.6686   42.6754    31.5    14.4    22.9    23.1     5.7    23.0 C    56.6    11.4    28.0
94078 201308  2.423 -108.6686   42.6754    31.2    14.3    22.7    22.9     2.0    20.5 C    54.5    10.4    26.1
94078 201309  2.423 -108.6686   42.6754    21.6     9.5    15.6    15.7    91.1    14.6 C    33.3     6.8    16.2
94078 201310  2.423 -108.6686   42.6754    10.3    -0.8     4.8     4.7    80.6    11.7 C    16.5    -3.7     3.8
94078 201311  2.423 -108.6686   42.6754     7.6    -5.8     0.9     0.8     5.3     9.7 C    13.8   -11.1    -2.3
94078 201312  2.423 -108.6686   42.6754     1.9   -10.5    -4.3    -4.6    20.5     7.4 C    -3.8   -20.1   -12.2
94078 201401  2.423 -108.6686   42.6754     3.6    -9.0    -2.7    -2.8    20.0     8.7 C    -0.8   -13.5    -7.0
94078 201402  2.423 -108.6686   42.6754     0.3   -12.0    -5.8    -5.7     5.6    11.8 C     2.7   -13.5    -6.8
94078 201403  2.423 -108.6686   42.6754     8.8    -4.8     2.0     1.8    40.8    17.0 C    13.7    -7.8     0.2
94078 201404  2.423 -108.6686   42.6754    13.5    -0.9     6.3     6.6    28.0    20.9 C    30.0    -4.7     8.2
94078 201405  2.423 -108.6686   42.6754    18.8     5.5    12.1    12.4    58.1    23.7 C    36.6     3.1    15.7
94078 201406  2.423 -108.6686   42.6754    23.6     7.0    15.3    15.8    13.3    25.8 C    47.6     4.9    21.6
94078 201407  2.423 -108.6686   42.6754    30.7    13.6    22.1    22.4    25.4    24.7 C    52.9    10.0    27.1
94078 201408  2.423 -108.6686   42.6754    26.6    11.7    19.2    19.2    39.6    19.9 C    46.2     8.7    22.4
94078 201409  2.423 -108.6686   42.6754    23.6     7.8    15.7    15.6    39.4    17.4 C    39.8     4.2    17.5
94078 201410  2.423 -108.6686   42.6754    17.8     2.6    10.2    10.5    18.4    14.0 C    29.0    -1.8     9.4
94078 201411  2.423 -108.6686   42.6754 -9999.0 -9999.0 -9999.0 -9999.0    14.1     8.7 C     8.1   -13.0    -4.2
94078 201412  2.423 -108.6686   42.6754     3.7    -8.0    -2.2    -2.3    45.3     6.9 C     3.3   -15.3    -7.7
94078 201501  2.423 -108.6686   42.6754     1.9    -8.8    -3.5    -3.3     1.3     8.3 C    -2.9   -14.6    -8.3
94078 201502  2.423 -108.6686   42.6754     5.2    -7.0    -0.9    -0.6    38.9    11.2 C     5.0   -12.8    -4.0
94078 201503  2.423 -108.6686   42.6754    11.8    -2.2     4.8     4.9    12.1    17.4 C    19.8    -7.1     3.7
94078 201504  2.423 -108.6686   42.6754    13.4     0.1     6.8     6.8    62.7    19.2 C    27.7    -2.2     9.0
94078 201505  2.423 -108.6686   42.6754    14.7     4.3     9.5     9.4   207.5    16.7 C    26.6     3.5    11.9
94078 201506  2.423 -108.6686   42.6754    26.9    11.5    19.2    19.5    16.8    26.7 C    50.2     9.7    25.3
94078 201507  2.423 -108.6686   42.6754    27.6    12.1    19.9    20.3    29.2    25.1 C    50.0    10.1    25.4
94078 201508  2.423 -108.6686   42.6754    29.1    12.4    20.8    20.9    12.6    21.0 C    51.2     9.7    25.2
94078 201509  2.423 -108.6686   42.6754    26.8     9.7    18.3    18.6     5.2    19.4 C    46.9     5.7    21.3
94078 201510  2.423 -108.6686   42.6754    18.0     4.5    11.2    11.5    22.3    11.8 C    30.4     0.7    11.6
94078 201511  2.423 -108.6686   42.6754     5.9    -6.8    -0.5    -0.6    32.3     7.7 C    11.4   -12.5    -2.8
94078 201512  2.423 -108.6686   42.6754     0.6   -10.6    -5.0    -4.9    13.1     6.8 C    -2.6   -16.9   -10.0
94078 201601  2.423 -108.6686   42.6754     0.9   -10.8    -5.0    -5.0    12.1     8.1 C    -1.7   -16.8    -9.7
94078 201602  2.423 -108.6686   42.6754     7.6    -5.2     1.2     1.1    16.1    11.7 C     8.7    -9.6    -2.5
94078 201603  2.423 -108.6686   42.6754     9.0    -2.8     3.1     3.2   117.9    15.4 C    19.9    -6.3     3.4
94078 201604  2.423 -108.6686   42.6754    12.1     1.1     6.6     6.8   120.2    17.8 C    21.6    -1.7     7.1
94078 201605  2.423 -108.6686   42.6754    16.3     4.1    10.2    10.2   124.5    20.0 C    31.7     2.1    13.4
94078 201606  2.423 -108.6686   42.6754    28.2    11.1    19.6    20.4     5.7    26.6 C    53.8     8.0    26.0
94078 201607  2.423 -108.6686   42.6754    31.0    13.1    22.0    22.6     0.4    25.6 C    57.0     9.9    28.4
94078 201608  2.423 -108.6686   42.6754    28.7    11.3    20.0    20.5     9.0    21.9 C    52.2     7.5    25.0
94078 201609  2.423 -108.6686   42.6754    22.0     7.7    14.8    15.0    49.4    16.3 C    37.6     4.8    17.1
94078 201610  2.423 -108.6686   42.6754    17.5     2.5    10.0    10.3    23.7    13.0 C    28.5    -0.7     9.6
94078 201611  2.423 -108.6686   42.6754     9.4    -2.6     3.4     3.4    35.6     9.5 C    13.4    -9.0    -0.2
94078 201612  2.423 -108.6686   42.6754     0.2   -12.6    -6.2    -6.2 -9999.0     7.0 C    -3.6   -19.3   -11.1
94078 201701  2.423 -108.6686   42.6754 -9999.0 -9999.0 -9999.0 -9999.0 -9999.0 -9999.0 U -9999.0 -9999.0 -9999.0
94078 201702  2.423 -108.6686   42.6754     4.8    -6.8    -1.0    -0.7    47.2    11.5 C     5.3   -10.6    -3.8
94078 201703  2.423 -108.6686   42.6754    11.8    -0.7     5.6     6.1   121.6    15.4 C    20.4    -3.9     5.0
94078 201704  2.423 -108.6686   42.6754    11.6    -0.4     5.6     5.7    96.0    19.6 C    24.1    -3.0     6.9
94078 201705  2.423 -108.6686   42.6754    17.9     4.4    11.1    11.3    62.8    22.5 C    34.8     2.0    14.5
94078 201706  2.423 -108.6686   42.6754    24.9     9.3    17.1    17.6    59.4    26.3 C    48.4     6.4    22.9
94078 201707  2.423 -108.6686   42.6754    30.9    14.2    22.6    23.0     4.0    22.7 C    54.9    10.9    27.5
