53154 200803  1.302 -114.1884   32.8350 -9999.0 -9999.0 -9999.0 -9999.0 -9999.0 -9999.0 U -9999.0 -9999.0 -9999.0
53154 200804  1.302 -114.1884   32.8350    30.5    12.3    21.4    22.6     0.0    28.0 R    53.1     8.7    26.5
53154 200805  1.302 -114.1884   32.8350    32.3    16.1    24.2    25.3     0.7    28.9 R    57.1    12.9    30.7
53154 200806  1.302 -114.1884   32.8350    41.1    22.6    31.8    33.2     0.0    31.1 R    65.9    19.4    39.1
53154 200807  1.302 -114.1884   32.8350    40.9    26.9    33.9    34.3     1.7    27.7 R    67.7    25.2    41.6
53154 200808  1.302 -114.1884   32.8350    39.7    26.7    33.2    33.5    51.3    25.3 R    63.7    25.0    39.5
53154 200809  1.302 -114.1884   32.8350    38.6    23.5    31.0    31.7    10.1    22.8 R    60.2    21.4    35.6
53154 200810  1.302 -114.1884   32.8350    33.0    15.5    24.2    24.6     0.0    20.0 R    49.8    12.3    26.2
53154 200811  1.302 -114.1884   32.8350    26.5    11.1    18.8    18.9    42.0    14.8 R    37.4     8.1    18.8
53154 200812  1.302 -114.1884   32.8350    18.0     6.1    12.0    12.2    17.8    11.5 R    25.8     3.2    11.7
53154 200901  1.302 -114.1884   32.8350    22.0     7.2    14.6    14.7     0.0    14.6 R    33.1     4.0    14.5
53154 200902  1.302 -114.1884   32.8350    21.8     7.1    14.4    14.7    25.9    16.4 R    35.4     4.4    15.9
53154 200903  1.302 -114.1884   32.8350    26.0     9.1    17.5    18.4     0.0    21.9 R    46.3     6.5    21.6
53154 200904  1.302 -114.1884   32.8350    28.6    11.1    19.8    21.1     3.8    26.1 R    52.3     8.7    25.8
53154 200905  1.302 -114.1884   32.8350    37.1    19.6    28.3    29.5     0.6    27.8 R    63.5    17.0    35.7
53154 200906  1.302 -114.1884   32.8350    36.4    21.3    28.9    29.7     0.0    27.8 R    62.7    19.2    36.5
53154 200907  1.302 -114.1884   32.8350    42.4    28.1    35.3    35.8    16.1    26.4 R    67.6    26.2    42.3
53154 200908  1.302 -114.1884   32.8350    41.3    25.4    33.3    34.2     0.4    26.3 R    67.3    23.1    40.3
53154 200909  1.302 -114.1884   32.8350    38.7    23.3    31.0    31.6    12.8    22.6 R    61.2    20.6    35.8
53154 200910  1.302 -114.1884   32.8350    29.9    13.5    21.7    22.2     0.0    18.9 R    47.9    10.4    24.3
53154 200911  1.302 -114.1884   32.8350    26.1     9.3    17.7    17.8     0.0    14.3 R    38.7     6.3    18.0
53154 200912  1.302 -114.1884   32.8350    18.4     4.3    11.4    11.5     2.0    11.2 R    28.3     1.4    11.0
53154 201001  1.302 -114.1884   32.8350    20.3     6.7    13.5    13.6    69.5    12.5 R    30.6     3.7    13.5
53154 201002  2.404 -114.1884   32.8350    20.8     8.3    14.6    14.8    40.7    16.3 R    33.3     5.9    15.9
53154 201003  2.404 -114.1884   32.8350    23.9     9.1    16.5    17.0    17.5    22.7 R    41.1     6.9    19.8
53154 201004  2.404 -114.1884   32.8350    27.1    11.3    19.2    20.0     0.0    26.8 R    51.6     9.3    25.5
53154 201005  2.404 -114.1884   32.8350    32.1    15.0    23.6    24.8     0.0    30.8 R    59.4    12.7    31.6
53154 201006  2.404 -114.1884   32.8350    39.1    20.5    29.8    31.3     0.0    31.4 R    67.1    18.4    38.7
53154 201007  2.404 -114.1884   32.8350    41.2    27.5    34.4    34.8     0.0    27.2 R    68.4    25.9    42.0
53154 201008  2.404 -114.1884   32.8350    40.8    26.0    33.4    33.9    12.3    26.0 R    66.0    24.3    40.0
53154 201009  2.404 -114.1884   32.8350    39.6    22.4    31.0    31.8     0.3    23.7 R    62.2    20.0    36.2
53154 201010  2.404 -114.1884   32.8350    30.5    16.1    23.3    23.6     4.1    18.0 R    48.8    13.9    26.3
53154 201011  2.404 -114.1884   32.8350    23.7     8.5    16.1    16.6     0.0    15.5 R    36.7     5.4    16.9
53154 201012  2.404 -114.1884   32.8350    21.0     6.9    13.9    14.1     7.2    11.1 R    30.1     4.5    13.9
53154 201101  2.404 -114.1884   32.8350    20.8     5.2    13.0    13.2     0.3    14.5 R    33.4     2.2    13.4
53154 201102  2.403 -114.1884   32.8350    19.4     4.2    11.8    12.4    11.9    17.4 R    35.5     1.2    13.8
53154 201103  2.403 -114.1884   32.8350    26.6    10.7    18.6    19.3     2.8    20.7 R    44.1     8.1    21.8
53154 201104  2.403 -114.1884   32.8350    29.6    13.8    21.7    22.4     4.1    25.5 R    50.6    11.3    26.6
53154 201105  2.403 -114.1884   32.8350    32.0    15.0    23.5    24.5     0.0    28.9 R    54.4    12.2    29.6
53154 201106  2.403 -114.1884   32.8350    39.1    20.7    29.9    31.3     0.0    29.8 R    61.8    18.5    37.0
53154 201107  2.403 -114.1884   32.8350    40.8    26.6    33.7    34.4     6.2    26.7 R    65.7    25.1    41.1
53154 201108  2.403 -114.1884   32.8350    42.6    27.8    35.2    35.8    44.0    25.5 R    66.6    25.8    41.9
53154 201109  2.403 -114.1884   32.8350    38.7    22.8    30.8    31.2    20.4    21.4 R    59.4    20.9    35.1
53154 201110  2.403 -114.1884   32.8350    32.9    16.3    24.6    25.1     0.0    18.4 R    50.0    13.8    27.2
53154 201111  2.403 -114.1884   32.8350    22.7     8.7    15.7    15.9    33.5    13.7 R    33.7     6.2    16.4
53154 201112  2.403 -114.1884   32.8350    17.2     3.2    10.2    10.1    18.7    11.7 R    25.8     0.9     9.9
53154 201201  2.403 -114.1884   32.8350    21.9     5.5    13.7    13.6     2.8    12.9 R    31.8     2.9    13.5
53154 201202  2.413 -114.1884   32.8350    22.3     6.5    14.4    14.8     0.0    16.0 R    37.4     2.9    15.5
53154 201203  2.413 -114.1884   32.8350    25.8     8.5    17.1    17.9     3.6    19.9 C    43.3     4.5    19.5
53154 201204  2.413 -114.1884   32.8350    30.6    13.5    22.0    22.9     2.5    23.4 C    50.1     9.5    26.1
53154 201205  2.413 -114.1884   32.8350    36.2    17.5    26.9    28.3     0.0    26.5 C    57.5    13.4    32.4
53154 201206  2.413 -114.1884   32.8350    40.2    22.4    31.3    32.5     0.0    27.5 C    61.7    18.3    37.1
53154 201207  2.413 -114.1884   32.8350    39.7    26.2    32.9    33.4    26.2    22.5 C    60.6    23.6    38.1
53154 201208  2.413 -114.1884   32.8350    40.4    27.7    34.1    34.5     5.0    20.9 C    62.5    25.6    39.5
53154 201209  2.413 -114.1884   32.8350    37.9    24.0    31.0    31.2     4.6    18.8 C    56.6    21.3    34.3
53154 201210  2.413 -114.1884   32.8350    32.6    16.5    24.6    24.9     0.0    16.8 C    48.7    12.3    26.0
53154 201211  2.413 -114.1884   32.8350    26.9    10.0    18.4    18.5     0.0    13.0 C    39.3     5.6    18.0
53154 201212  2.413 -114.1884   32.8350    19.5     6.0    12.8    12.8    19.5    11.0 C    28.6     1.3    11.4
53154 201301  2.413 -114.1884   32.8350    18.2     4.7    11.4    11.5    16.5    11.6 C    27.2    -0.1     9.9
53154 201302  2.423 -114.1884   32.8350    20.7     5.7    13.2    13.5     1.0    16.5 C    33.7     0.9    13.3
53154 201303  2.423 -114.1884   32.8350    28.4    11.3    19.8    20.6     4.2    20.9 C    45.3     6.8    21.9
53154 201304  2.423 -114.1884   32.8350    31.0    13.9    22.5    23.4     0.0    26.6 C    50.5     9.2    26.1
53154 201305  2.423 -114.1884   32.8350    34.7    18.1    26.4    27.5     0.0    28.3 C    56.2    13.9    31.8
53154 201306  2.423 -114.1884   32.8350    41.2    23.1    32.1    33.2     0.0    29.4 C    63.0    19.0    37.8
53154 201307  2.423 -114.1884   32.8350    40.5    27.9    34.2    34.5    23.5    25.0 C    61.6    25.6    39.6
53154 201308  2.423 -114.1884   32.8350    40.2    25.6    32.9    33.4     5.5    23.9 C    60.9    22.8    37.5
53154 201309  2.423 -114.1884   32.8350    37.2    22.6    29.9    30.1    26.3    22.2 C    56.0    19.1    33.0
53154 201310  2.423 -114.1884   32.8350    30.0    12.7    21.4    21.8     0.6    19.1 C    45.3     8.1    22.4
53154 201311  2.423 -114.1884   32.8350    24.4    10.2    17.3    17.3    51.6    13.0 C    34.5     6.2    16.5
53154 201312  2.423 -114.1884   32.8350    19.1     5.6    12.3    12.4    15.4    12.1 C    25.9     1.2    10.4
53154 201401  2.423 -114.1884   32.8350    23.1     6.5    14.8    14.8     0.0    13.2 C    32.3     2.4    13.5
53154 201402  2.423 -114.1884   32.8350    25.0     8.6    16.8    16.9     0.7    15.6 C    39.0     4.7    17.2
53154 201403  2.423 -114.1884   32.8350    27.6    11.1    19.4    20.0     3.0    21.6 C    44.2     6.9    21.3
53154 201404  2.423 -114.1884   32.8350    30.4    13.6    22.0    23.0     0.0    25.7 C    50.8     9.3    26.0
53154 201405  2.423 -114.1884   32.8350    34.8    17.2    26.0    27.4     0.0    28.6 C    56.0    13.0    31.4
53154 201406  2.423 -114.1884   32.8350    40.2    22.1    31.1    32.6     0.0    29.8 C    61.9    17.9    37.2
53154 201407  2.423 -114.1884   32.8350    41.3    27.3    34.3    34.8     2.2    26.9 C    64.2    24.7    40.6
53154 201408  2.423 -114.1884   32.8350    38.8    25.1    32.0    32.2    45.9    23.8 C    58.7    22.4    36.5
53154 201409  2.423 -114.1884   32.8350    37.7    23.8    30.7    31.1    55.5    21.2 C    56.8    21.0    34.5
53154 201410  2.423 -114.1884   32.8350    33.3    17.3    25.3    25.6     0.3    18.1 C    49.7    13.8    27.2
53154 201411  2.423 -114.1884   32.8350    25.6     9.7    17.6    17.8     0.0    15.3 C    36.8     5.3    17.0
53154 201412  2.423 -114.1884   32.8350    19.8     6.8    13.3    13.4     4.6    11.5 C    28.7     2.9    12.2
53154 201501  2.423 -114.1884   32.8350    21.0     7.2    14.1    14.1    13.5    12.7 C    30.1     2.9    12.8
53154 201502  2.423 -114.1884   32.8350    26.2    10.3    18.3    18.4     0.2    17.5 C    39.8     5.8    18.5
53154 201503  2.423 -114.1884   32.8350    29.5    13.3    21.4    22.0     9.2    21.2 C    46.2     8.8    23.1
53154 201504  2.423 -114.1884   32.8350    29.8    13.3    21.5    22.6     1.0    25.5 C    50.5     8.7    25.6
53154 201505  2.423 -114.1884   32.8350    31.1    16.0    23.5    24.3     5.5    27.1 C    53.1    12.0    28.9
53154 201506  2.423 -114.1884   32.8350    39.9    23.9    31.9    32.7     0.8    27.0 C    60.8    19.9    37.2
53154 201507  2.423 -114.1884   32.8350    39.9    25.2    32.6    33.2     3.8    26.0 C    61.4    22.2    38.1
53154 201508  2.423 -114.1884   32.8350    42.1    28.2    35.2    35.6     2.5    24.5 C    63.7    25.2    40.3
53154 201509  2.423 -114.1884   32.8350    38.2    25.1    31.7    31.8     1.7    19.4 C    56.8    22.2    35.1
53154 201510  2.423 -114.1884   32.8350    32.4    19.7    26.1    26.2     4.3    15.9 C    48.5    15.7    27.5
53154 201511  2.423 -114.1884   32.8350    23.4     9.2    16.3    16.4     7.8    13.6 C    34.5     3.8    15.1
53154 201512  2.423 -114.1884   32.8350    19.0     4.0    11.5    11.7     1.9    11.5 C    28.0    -0.8     9.8
53154 201601  2.423 -114.1884   32.8350    19.5     5.7    12.6    12.7    15.3    11.6 C    28.2     1.1    11.2
53154 201602  2.423 -114.1884   32.8350    26.8     9.1    18.0    18.3     0.0    16.8 C    39.9     3.7    17.5
53154 201603  2.423 -114.1884   32.8350    28.4    11.0    19.7    20.6     0.0    20.6 C    45.7     6.3    21.9
53154 201604  2.423 -114.1884   32.8350    29.9    14.6    22.3    23.0     8.8    24.2 C    48.6     9.8    25.3
53154 201605  2.423 -114.1884   32.8350    32.5    16.6    24.6    25.3     3.5    27.7 C    54.6    12.4    30.0
53154 201606  2.423 -114.1884   32.8350    41.2    25.0    33.1    33.9     0.2    27.6 C    62.4    20.6    38.2
53154 201607  2.423 -114.1884   32.8350    42.4    27.8    35.1    35.6     1.1    26.4 C    64.1    24.5    40.8
53154 201608  2.423 -114.1884   32.8350    41.0    27.7    34.4    34.5     4.9    24.0 C    62.3    24.8    39.3
53154 201609  2.423 -114.1884   32.8350    36.4    21.7    29.1    29.6     0.2    19.5 C    54.2    18.0    31.9
53154 201610  2.423 -114.1884   32.8350    33.7    17.8    25.8    26.3     0.0    17.3 C    49.6    13.7    27.3
53154 201611  2.423 -114.1884   32.8350    26.2    11.6    18.9    19.1     2.2    13.0 C    36.4     6.7    17.8
53154 201612  2.423 -114.1884   32.8350    20.0     7.8    13.9    13.8    20.4    10.2 C    27.5     3.6    12.3
53154 201701  2.423 -114.1884   32.8350    18.7     6.9    12.8    12.8    20.9    11.2 C    26.0     2.4    11.3
53154 201702  2.423 -114.1884   32.8350    22.8    10.1    16.5    16.4    31.2    14.3 C    33.6     6.3    16.3
53154 201703  2.423 -114.1884   32.8350    28.9    12.8    20.9    21.2     2.3    20.7 C    44.7     8.4    22.3
53154 201704  2.423 -114.1884   32.8350    31.4    14.4    22.9    24.1     0.0    25.2 C    51.5    10.1    26.8
53154 201705  2.423 -114.1884   32.8350    33.9    17.2    25.6    26.7     2.7    27.5 C    56.0    12.9    30.9
53154 201706  2.423 -114.1884   32.8350    41.3    22.4    31.8    33.1     0.0    29.3 C    63.1    18.2    37.8
53154 201707  2.423 -114.1884   32.8350    41.5    28.9    35.2    35.4     7.8    25.2 C    64.3    26.3    41.3
