94079 200409  1.201 -101.4450   42.0680 -9999.0 -9999.0 -9999.0 -9999.0 -9999.0 -9999.0 U -9999.0 -9999.0 -9999.0
94079 200410  1.201 -101.4450   42.0680    16.0     4.4    10.2     9.9    17.1    11.6 R -9999.0 -9999.0    10.2
94079 200411  1.201 -101.4450   42.0680     8.3    -3.0     2.7     2.4    10.5     8.1 R -9999.0 -9999.0     1.8
94079 200412  1.201 -101.4450   42.0680     5.3    -5.2     0.1    -0.3     0.0     7.5 R -9999.0 -9999.0    -1.9
94079 200501  1.201 -101.4450   42.0680     1.1    -9.8    -4.3    -4.6     6.8     7.0 R -9999.0 -9999.0    -5.1
94079 200502  1.201 -101.4450   42.0680     7.0    -5.0     1.0     0.9     5.0    11.9 R -9999.0 -9999.0     0.2
94079 200503  1.201 -101.4450   42.0680     9.0    -2.8     3.1     3.2    24.5    14.9 R -9999.0 -9999.0     3.5
94079 200504  1.201 -101.4450   42.0680    13.7     2.0     7.9     7.8   101.5    18.2 R -9999.0 -9999.0     9.0
94079 200505  1.201 -101.4450   42.0680    18.7     6.2    12.4    12.6   109.2    23.0 R -9999.0 -9999.0    15.0
94079 200506  1.201 -101.4450   42.0680    24.6    13.6    19.1    19.1   106.3    24.4 R -9999.0 -9999.0    21.7
94079 200507  1.201 -101.4450   42.0680    30.8    15.8    23.3    23.5    18.4    26.0 R -9999.0 -9999.0    27.5
94079 200508  1.201 -101.4450   42.0680    28.1    14.5    21.3    21.3    51.5    22.1 R -9999.0 -9999.0    24.4
94079 200509  1.201 -101.4450   42.0680    26.1    11.0    18.5    18.4     7.1    18.6 R -9999.0 -9999.0    20.3
94079 200510  1.201 -101.4450   42.0680    16.6     3.0     9.8     9.6    12.6    12.9 R -9999.0 -9999.0     9.8
94079 200511  1.201 -101.4450   42.0680    11.5    -2.2     4.6     4.3    10.4     8.1 R -9999.0 -9999.0     3.1
94079 200512  1.201 -101.4450   42.0680     2.5    -8.0    -2.8    -3.0     5.2     6.9 R -9999.0 -9999.0    -4.7
94079 200601  1.201 -101.4450   42.0680     9.2    -2.7     3.2     2.8     2.0     8.5 R -9999.0 -9999.0     1.3
94079 200602  1.201 -101.4450   42.0680     2.0    -8.9    -3.4    -3.3    10.9    12.2 R -9999.0 -9999.0    -4.2
94079 200603  1.201 -101.4450   42.0680     6.0    -4.0     1.0     0.9    34.9    15.0 R -9999.0 -9999.0     1.3
94079 200604  1.201 -101.4450   42.0680    17.3     3.3    10.3    10.2    52.0    20.0 R -9999.0 -9999.0    11.8
94079 200605  1.201 -101.4450   42.0680    22.1     8.1    15.1    15.3    24.8    25.5 R -9999.0 -9999.0    18.8
94079 200606  1.301 -101.4450   42.0680    28.4    14.2    21.3    21.4    81.9    27.1 R -9999.0 -9999.0    25.7
94079 200607  1.301 -101.4450   42.0680    32.1    17.3    24.7    24.7    14.1    25.4 R    52.7    16.6    29.6
94079 200608  1.301 -101.4450   42.0680    28.0    15.1    21.5    21.2    58.7    19.1 R    42.3    14.7    24.2
94079 200609  1.301 -101.4450   42.0680    20.0     7.1    13.6    13.4    27.6    16.2 R    30.3     6.7    15.1
94079 200610  1.301 -101.4450   42.0680    14.1     0.9     7.5     7.3     7.4    11.2 R    20.9     0.0     7.5
94079 200611  1.301 -101.4450   42.0680     9.4    -3.5     3.0     2.8     1.1     8.2 R    13.8    -5.1     2.2
94079 200612  1.301 -101.4450   42.0680     4.2    -6.6    -1.2    -1.1    22.7     7.2 R     5.2    -8.7    -2.6
94079 200701  1.301 -101.4450   42.0680    -0.8   -10.2    -5.5    -5.4     8.9     9.1 R    -1.6   -12.0    -6.8
94079 200702  1.301 -101.4450   42.0680     0.1    -9.9    -4.9    -4.8     7.2     9.9 R     1.6   -10.2    -4.9
94079 200703  1.301 -101.4450   42.0680    14.0     0.9     7.5     7.2    48.9    16.4 R    22.5     0.1     8.0
94079 200704  1.301 -101.4450   42.0680    13.1     1.2     7.1     6.9    53.1    18.7 R    24.4     0.3     9.0
94079 200705  1.301 -101.4450   42.0680    21.4     8.4    14.9    14.9    84.5    23.2 R    36.1     8.0    18.2
94079 200706  1.301 -101.4450   42.0680    25.6    12.7    19.2    18.9    80.1    25.0 R    38.1    12.5    22.2
94079 200707  1.301 -101.4450   42.0680    29.9    17.3    23.6    23.3    42.8    24.3 R    44.5    17.2    26.8
94079 200708  1.302 -101.4450   42.0680    29.3    16.4    22.9    22.4   116.8    20.5 R    39.1    16.6    24.7
94079 200709  1.302 -101.4450   42.0680    24.0    10.1    17.0    16.9    34.1    18.3 R    31.1    10.0    18.6
94079 200710  1.302 -101.4450   42.0680    17.3     4.1    10.7    10.5    35.2    12.5 R    21.9     3.7    10.9
94079 200711  1.302 -101.4450   42.0680    10.9    -3.0     4.0     3.8     0.5     9.8 R    15.6    -4.0     3.6
94079 200712  1.302 -101.4450   42.0680    -0.9    -9.3    -5.1    -4.9    20.2     6.8 R    -0.7   -11.0    -5.9
94079 200801  1.302 -101.4450   42.0680     0.4   -10.9    -5.2    -5.1     0.2     8.7 R     2.6   -11.6    -5.4
94079 200802  1.302 -101.4450   42.0680     3.7    -8.7    -2.5    -2.7     3.7    11.3 R     7.8    -9.4    -2.5
94079 200803  1.302 -101.4450   42.0680     8.3    -4.2     2.0     1.8    13.1    15.4 R    16.9    -5.1     3.1
94079 200804  1.302 -101.4450   42.0680    12.6    -0.8     5.9     5.9    39.9    20.7 R    23.3    -1.5     8.1
94079 200805  1.302 -101.4450   42.0680    18.2     6.0    12.1    12.0    78.0    21.0 R    29.5     5.4    14.4
94079 200806  1.302 -101.4450   42.0680    24.5    11.1    17.8    17.9    59.2    26.0 R    37.1    10.7    21.1
94079 200807  1.302 -101.4450   42.0680    29.6    15.6    22.6    22.4   108.5    25.2 R    41.2    15.7    25.5
94079 200808  1.302 -101.4450   42.0680    27.7    14.6    21.1    20.6    16.8    21.9 R    40.4    14.5    23.8
94079 200809  1.302 -101.4450   42.0680    22.3     9.1    15.7    15.3    65.4    18.0 R    31.0     8.8    16.7
94079 200810  1.302 -101.4450   42.0680    15.8     2.9     9.3     8.9    35.3    11.8 R    20.9     2.6     9.3
94079 200811  1.302 -101.4450   42.0680     9.0    -2.1     3.4     3.1    13.6     8.5 R    11.7    -2.9     2.8
94079 200812  1.302 -101.4450   42.0680     0.4   -12.7    -6.2    -6.0     2.1     7.1 R     2.4   -13.3    -6.4
94079 200901  1.302 -101.4450   42.0680     4.0    -9.4    -2.7    -3.2 -9999.0     8.4 R     4.9   -10.5    -3.9
94079 200902  1.302 -101.4450   42.0680     4.8    -6.9    -1.0    -1.2 -9999.0    11.6 R     7.4    -7.3    -1.3
94079 200903  1.302 -101.4450   42.0680     9.4    -5.0     2.2     1.7 -9999.0    16.5 R    15.6    -5.6     2.4
94079 200904  1.302 -101.4450   42.0680    12.0     0.5     6.3     6.2 -9999.0    18.0 R    20.8    -0.1     7.9
94079 200905  1.302 -101.4450   42.0680    20.1     6.9    13.5    13.7    92.8    22.0 R    32.2     6.6    16.2
94079 200906  1.302 -101.4450   42.0680    22.7    11.5    17.1    16.9   152.0    21.9 R    33.0    11.4    19.4
94079 200907  1.302 -101.4450   42.0680    26.2    13.5    19.8    20.0   118.2    24.6 R    37.1    13.5    22.5
94079 200908  1.302 -101.4450   42.0680    25.8    13.0    19.4    19.2 -9999.0    22.8 R    35.2    12.8    21.1
94079 200909  1.302 -101.4450   42.0680    21.9     9.5    15.7    15.1 -9999.0    17.5 R    30.4     9.3    16.8
94079 200910  1.302 -101.4450   42.0680     8.8    -1.2     3.8     3.6 -9999.0     9.8 R    13.0    -1.3     4.0
94079 200911  1.302 -101.4450   42.0680    11.5    -0.7     5.4     4.9     5.9     9.1 R    14.9    -2.2     4.2
94079 200912  1.302 -101.4450   42.0680    -3.0   -12.8    -7.9    -7.8     4.9     6.7 R    -1.5   -13.8    -8.3
94079 201001  1.302 -101.4450   42.0680     0.8    -8.5    -3.9    -4.3     5.6     7.7 R     2.9    -9.5    -4.7
94079 201002  1.302 -101.4450   42.0680    -0.5    -9.9    -5.2    -5.2    14.8    11.5 R     2.3   -11.4    -5.4
94079 201003  1.302 -101.4450   42.0680     9.1    -1.8     3.7     3.4    25.9    13.9 R    15.9    -2.9     4.1
94079 201004  1.302 -101.4450   42.0680    14.7     2.3     8.5     8.1    75.1    18.0 R    26.6     1.7    10.1
94079 201005  1.302 -101.4450   42.0680    18.0     5.5    11.8    11.9    51.9    21.1 R    29.4     5.0    14.1
94079 201006  2.402 -101.4450   42.0680    25.1    12.5    18.8    18.8   131.0    23.4 R    39.0    12.1    21.9
94079 201007  2.402 -101.4450   42.0680    28.9    15.6    22.3    22.1   126.0    26.4 R    42.9    15.8    25.8
94079 201008  2.402 -101.4450   42.0680    29.5    15.2    22.3    22.2    24.4    23.1 R    40.5    15.1    24.7
94079 201009  2.402 -101.4450   42.0680    24.5     8.7    16.6    16.5    14.2    18.8 R    34.1     8.3    18.4
94079 201010  2.402 -101.4450   42.0680    18.5     4.9    11.7    11.2    36.2    13.7 R    24.8     4.2    11.8
94079 201011  2.402 -101.4450   42.0680     7.9    -4.2     1.9     1.3     8.9     8.9 R    11.4    -4.6     1.5
94079 201012  2.402 -101.4450   42.0680     3.5    -8.7    -2.6    -3.1     1.5     6.2 R     5.5    -9.0    -3.1
94079 201101  2.402 -101.4450   42.0680    -0.7   -11.2    -6.0    -5.6    20.5     8.0 R    -0.4   -12.1    -6.1
94079 201102  2.402 -101.4450   42.0680     1.0   -11.2    -5.1    -4.9    11.2    12.4 R     3.3   -11.6    -5.0
94079 201103  2.402 -101.4450   42.0680     6.9    -4.3     1.3     1.2    25.6    14.0 R    12.5    -4.2     2.1
94079 201104  2.402 -101.4450   42.0680    12.6     0.6     6.6     6.1    51.1    17.5 R    24.6     0.6     8.4
94079 201105  2.402 -101.4450   42.0680    17.1     5.7    11.4    11.3    94.2    20.1 R    29.7     5.3    14.0
94079 201106  2.402 -101.4450   42.0680    25.3    11.8    18.5    18.6   124.5    24.9 R    37.0    11.8    21.4
94079 201107  2.402 -101.4450   42.0680    30.2    17.3    23.8    23.6   157.2    24.7 R    40.1    17.5    26.1
94079 201108  2.402 -101.4450   42.0680    28.5    16.2    22.3    21.9    64.4    21.8 R    37.2    16.4    24.1
94079 201109  2.402 -101.4450   42.0680    22.6     8.6    15.6    15.6    38.8    18.6 R    30.4     8.0    16.9
94079 201110  2.402 -101.4450   42.0680    17.8     3.8    10.8    10.4    23.4    13.0 R    22.5     3.4    10.8
94079 201111  2.402 -101.4450   42.0680     9.4    -3.5     3.0     2.9     9.5     9.8 R    12.6    -3.9     2.6
94079 201112  2.402 -101.4450   42.0680     4.2    -7.6    -1.7    -2.0     1.7     7.1 R     6.8    -8.2    -2.1
94079 201201  2.402 -101.4450   42.0680     5.9    -8.0    -1.1    -1.3     2.8     8.3 R     8.3    -8.9    -1.4
94079 201202  2.402 -101.4450   42.0680     3.1    -7.7    -2.3    -2.4    21.5    11.3 R     6.8    -8.2    -2.0
94079 201203  2.402 -101.4450   42.0680    17.2     2.6     9.9     9.8    11.3    17.9 R    24.7     1.7    10.6
94079 201204  2.412 -101.4450   42.0680    16.6     3.8    10.2    10.2    37.1    17.7 R    26.3     3.3    12.0
94079 201205  2.412 -101.4450   42.0680    22.2     7.3    14.7    14.8    15.6    23.4 C    31.5     7.3    17.3
94079 201206  2.412 -101.4450   42.0680    30.9    15.0    23.0    22.9    12.6    28.3 C    42.5    15.0    26.5
94079 201207  2.412 -101.4450   42.0680    34.9    18.4    26.6    26.7     7.8    26.5 C    48.9    18.0    30.7
94079 201208  2.412 -101.4450   42.0680    31.3    14.5    22.9    22.7     4.4    23.5 C    43.8    14.0    26.0
94079 201209  2.412 -101.4450   42.0680    26.0     9.9    18.0    17.9     7.5    19.3 C    35.5     8.9    19.7
94079 201210  2.412 -101.4450   42.0680    14.9     1.2     8.0     7.8     4.2    13.6 C    20.8     0.5     8.7
94079 201211  2.412 -101.4450   42.0680    10.8    -2.2     4.3     4.2     8.7     9.0 C    13.3    -3.3     3.6
94079 201212  2.412 -101.4450   42.0680     3.3    -7.7    -2.2    -2.3     5.1     7.1 C     4.9    -8.7    -2.7
94079 201301  2.412 -101.4450   42.0680     1.7    -8.6    -3.4    -3.7     6.7     8.5 C     2.2    -9.8    -4.4
94079 201302  2.412 -101.4450   42.0680     2.8    -7.2    -2.2    -2.1    23.0    12.4 C     4.7    -8.3    -2.4
94079 201303  2.412 -101.4450   42.0680     7.8    -5.1     1.3     1.0    22.6    16.5 C    13.0    -5.8     1.7
94079 201304  2.412 -101.4450   42.0680    10.2    -2.3     3.9     4.0    57.3    18.9 C    17.4    -2.8     5.4
94079 201305  2.422 -101.4450   42.0680    19.6     7.4    13.5    13.2    96.3    21.3 C    32.7     6.1    15.5
94079 201306  2.422 -101.4450   42.0680    25.5    12.5    19.0    18.9    72.4    25.5 C    40.6    11.2    22.4
94079 201307  2.422 -101.4450   42.0680    27.6    15.2    21.4    21.2    48.1    23.1 C    41.4    14.9    24.5
94079 201308  2.422 -101.4450   42.0680    28.9    15.9    22.4    22.1    66.6    20.8 C    40.6    15.6    24.7
94079 201309  2.422 -101.4450   42.0680    26.1    12.0    19.1    18.7    68.1    17.0 C    36.5    11.6    20.4
94079 201310  2.422 -101.4450   42.0680    13.2     2.0     7.6     7.2    22.4    10.5 C    17.8     1.3     7.4
94079 201311  2.422 -101.4450   42.0680     8.6    -4.5     2.1     1.6    13.7     9.1 C    10.0    -6.3     0.3
94079 201312  2.422 -101.4450   42.0680     0.6   -11.1    -5.2    -5.1     5.1     7.1 C     0.1   -13.4    -7.0
94079 201401  2.422 -101.4450   42.0680     3.4    -9.7    -3.1    -3.1     7.0     7.8 C     3.7   -10.7    -3.9
94079 201402  2.422 -101.4450   42.0680    -2.0   -11.9    -6.9    -6.7    12.4    11.0 C    -0.7   -14.9    -7.8
94079 201403  2.422 -101.4450   42.0680     8.8    -5.4     1.7     1.2     3.3    14.7 C    13.9    -6.4     1.5
94079 201404  2.422 -101.4450   42.0680    14.6     0.8     7.7     7.6    12.0    18.0 C    25.8    -0.3     9.5
94079 201405  2.422 -101.4450   42.0680    20.3     6.9    13.6    13.4    71.3    21.7 C    33.8     5.7    16.2
94079 201406  2.422 -101.4450   42.0680    24.0    11.2    17.6    17.6   183.1    23.3 C    34.1    10.9    20.0
94079 201407  2.422 -101.4450   42.0680    28.8    14.6    21.7    21.5    16.6    24.8 C    42.1    13.8    24.6
94079 201408  2.422 -101.4450   42.0680    28.3    14.9    21.6    21.1    82.7    20.5 C    39.8    14.2    23.4
94079 201409  2.422 -101.4450   42.0680    23.5     9.4    16.4    15.9    38.7    16.7 C    32.9     8.6    17.3
94079 201410  2.422 -101.4450   42.0680    18.4     4.0    11.2    11.0    33.3    13.4 C    24.7     1.8    10.6
94079 201411  2.422 -101.4450   42.0680     6.7    -7.2    -0.3    -0.4     6.6     7.7 C     8.7    -8.9    -1.2
94079 201412  2.422 -101.4450   42.0680     2.6    -7.3    -2.4    -2.6     8.0     6.3 C     3.4    -9.5    -3.8
94079 201501  2.422 -101.4450   42.0680     2.6    -8.1    -2.8    -2.8     8.8     7.9 C     3.3   -10.3    -4.2
94079 201502  2.422 -101.4450   42.0680     4.2    -9.1    -2.4    -2.6    11.7    10.8 C     7.5   -10.5    -2.9
94079 201503  2.422 -101.4450   42.0680    14.6    -1.4     6.6     6.6     0.6    17.3 C    23.5    -4.1     7.1
94079 201504  2.422 -101.4450   42.0680    15.8     2.1     8.9     9.0    71.9    19.5 C    28.2     0.8    11.2
94079 201505  2.422 -101.4450   42.0680    16.4     5.6    11.0    10.7   130.9    17.2 C    26.7     4.9    12.9
94079 201506  2.422 -101.4450   42.0680    25.5    13.9    19.7    19.6    88.7    23.9 C    38.0    13.1    22.4
94079 201507  2.422 -101.4450   42.0680    28.5    15.2    21.8    21.8    76.3    24.7 C    39.5    14.4    24.1
94079 201508  2.422 -101.4450   42.0680    28.4    13.9    21.1    20.9    29.2    21.5 C    39.1    13.3    23.1
94079 201509  2.422 -101.4450   42.0680    26.4    12.3    19.3    18.9    27.9    16.7 C    37.1    11.3    20.5
94079 201510  2.422 -101.4450   42.0680    17.9     5.2    11.5    11.3    28.6    11.1 C    22.9     3.8    11.1
94079 201511  2.422 -101.4450   42.0680     8.9    -2.7     3.1     2.6    25.2     8.1 C    11.3    -4.1     2.0
94079 201512  2.422 -101.4450   42.0680     1.4    -7.0    -2.8    -2.9    24.5     7.1 C     0.7    -9.1    -4.6
94079 201601  2.422 -101.4450   42.0680     0.6    -7.8    -3.6    -3.3     9.0     7.7 C     0.2    -9.7    -4.8
94079 201602  2.422 -101.4450   42.0680     7.4    -3.5     1.9     1.7     5.7    11.2 C    10.4    -5.1     1.0
94079 201603  2.422 -101.4450   42.0680    13.4    -1.4     6.0     5.8    47.3    15.6 C    21.8    -3.4     6.2
94079 201604  2.422 -101.4450   42.0680    14.2     2.3     8.3     8.2   103.3    17.5 C    22.5     1.3     9.7
94079 201605  2.422 -101.4450   42.0680    19.2     6.3    12.7    12.7    40.3    22.4 C    31.1     5.1    14.8
94079 201606  2.422 -101.4450   42.0680    28.9    14.3    21.6    21.8    76.7    27.9 C    41.6    13.0    24.5
94079 201607  2.422 -101.4450   42.0680    28.4    15.6    22.0    21.8    79.4    22.4 C    38.0    15.0    23.7
94079 201608  2.422 -101.4450   42.0680    27.5    14.0    20.8    20.5    42.4    19.7 C    36.7    13.5    22.1
94079 201609  2.422 -101.4450   42.0680    23.8     9.6    16.7    16.3    61.6    16.7 C    30.8     8.8    17.2
94079 201610  2.422 -101.4450   42.0680    20.5     5.4    13.0    12.1    51.7    12.8 C    25.1     4.1    11.8
94079 201611  2.422 -101.4450   42.0680    12.9     0.4     6.7     6.2     4.7     8.9 C    15.8    -1.8     5.1
94079 201612  2.422 -101.4450   42.0680     1.2   -11.3    -5.0    -5.2    13.1     7.1 C     2.6   -12.5    -5.8
94079 201701  2.422 -101.4450   42.0680     0.7    -9.6    -4.4    -4.8    14.9     7.6 C     2.0   -11.4    -5.6
94079 201702  2.422 -101.4450   42.0680     7.0    -5.7     0.7     0.5    17.0    11.2 C     8.6    -7.8    -0.7
94079 201703  2.422 -101.4450   42.0680    11.9    -2.0     5.0     4.6    26.8    14.3 C    19.1    -3.3     5.2
94079 201704  2.422 -101.4450   42.0680    15.2     1.8     8.5     8.3    42.2    19.0 C    25.6     0.4    10.1
94079 201705  2.422 -101.4450   42.0680    18.8     6.3    12.5    12.6    78.0    21.8 C    30.2     4.8    14.7
94079 201706  2.422 -101.4450   42.0680    27.3    12.7    20.0    20.2     8.1    26.5 C    41.5    10.8    23.1
94079 201707  2.422 -101.4450   42.0680    31.8    17.1    24.4    24.2   109.5    23.6 C    43.5    15.7    26.4
