53156 201003  6.101 -112.0832   33.3471    21.7     6.8    14.3    14.7    27.2 -9999.0 U -9999.0 -9999.0 -9999.0
53156 201004  6.101 -112.0832   33.3471    26.8     9.9    18.3    19.3     0.0 -9999.0 U -9999.0 -9999.0 -9999.0
53156 201005  6.101 -112.0832   33.3471    31.6    13.9    22.7    24.2     0.0 -9999.0 U -9999.0 -9999.0 -9999.0
53156 201006  6.101 -112.0832   33.3471    38.6    20.8    29.7    31.2     0.0 -9999.0 U -9999.0 -9999.0 -9999.0
53156 201007  6.101 -112.0832   33.3471    39.8    28.4    34.1    34.5    35.9 -9999.0 U -9999.0 -9999.0 -9999.0
53156 201008  6.101 -112.0832   33.3471    38.6    25.5    32.0    32.7    20.5 -9999.0 U -9999.0 -9999.0 -9999.0
53156 201009  6.101 -112.0832   33.3471    38.4    21.9    30.1    30.8     1.4 -9999.0 U -9999.0 -9999.0 -9999.0
53156 201010  6.101 -112.0832   33.3471    29.6    15.5    22.5    22.8    30.8 -9999.0 U -9999.0 -9999.0 -9999.0
53156 201011  6.101 -112.0832   33.3471    21.9     6.1    14.0    14.3     0.0 -9999.0 U -9999.0 -9999.0 -9999.0
53156 201012  6.101 -112.0832   33.3471    20.0     5.8    12.9    12.6    28.5 -9999.0 U -9999.0 -9999.0 -9999.0
53156 201101  6.101 -112.0832   33.3471    18.2     2.1    10.1     9.6     0.2 -9999.0 U -9999.0 -9999.0 -9999.0
53156 201102  6.101 -112.0832   33.3471    18.1     2.5    10.3    10.4    20.7 -9999.0 U -9999.0 -9999.0 -9999.0
53156 201103  6.101 -112.0832   33.3471    25.3     8.1    16.7    17.4     4.1 -9999.0 U -9999.0 -9999.0 -9999.0
53156 201104  6.101 -112.0832   33.3471    28.8    12.9    20.8    21.9     5.5 -9999.0 U -9999.0 -9999.0 -9999.0
53156 201105  6.101 -112.0832   33.3471    31.6    15.0    23.3    24.7     1.1 -9999.0 U -9999.0 -9999.0 -9999.0
53156 201106  6.101 -112.0832   33.3471    38.8    20.4    29.6    31.3     0.0 -9999.0 U -9999.0 -9999.0 -9999.0
53156 201107  6.101 -112.0832   33.3471    40.0    26.1    33.1    33.7    52.5 -9999.0 U -9999.0 -9999.0 -9999.0
53156 201108  6.101 -112.0832   33.3471    40.8    27.5    34.1    34.8     5.9 -9999.0 U -9999.0 -9999.0 -9999.0
53156 201109  6.101 -112.0832   33.3471    37.6    22.9    30.3    30.7     0.7 -9999.0 U -9999.0 -9999.0 -9999.0
53156 201110  6.101 -112.0832   33.3471    31.3    14.6    22.9    23.1     1.5 -9999.0 U -9999.0 -9999.0 -9999.0
53156 201111  6.101 -112.0832   33.3471    21.6     7.6    14.6    14.5    22.0 -9999.0 U -9999.0 -9999.0 -9999.0
53156 201112  6.101 -112.0832   33.3471    15.5     2.5     9.0     8.7    26.3 -9999.0 U -9999.0 -9999.0 -9999.0
53156 201201  6.101 -112.0832   33.3471    20.1     3.3    11.7    11.5     0.0 -9999.0 U -9999.0 -9999.0 -9999.0
53156 201202  6.101 -112.0832   33.3471    20.7     4.3    12.5    12.8     0.0 -9999.0 U -9999.0 -9999.0 -9999.0
53156 201203  6.101 -112.0832   33.3471    24.7     7.1    15.9    16.3     7.2 -9999.0 U -9999.0 -9999.0 -9999.0
53156 201204  6.101 -112.0832   33.3471    29.6    12.7    21.1    22.2     2.0 -9999.0 U -9999.0 -9999.0 -9999.0
53156 201205  6.101 -112.0832   33.3471    35.4    17.5    26.4    27.9     1.8 -9999.0 U -9999.0 -9999.0 -9999.0
53156 201206  6.101 -112.0832   33.3471    40.0    23.5    31.8    33.3     0.0 -9999.0 U -9999.0 -9999.0 -9999.0
53156 201207  6.101 -112.0832   33.3471    38.6    26.5    32.6    32.9    39.6 -9999.0 U -9999.0 -9999.0 -9999.0
53156 201208  6.101 -112.0832   33.3471    39.1    26.8    33.0    33.5    62.6 -9999.0 U -9999.0 -9999.0 -9999.0
53156 201209  6.101 -112.0832   33.3471    35.7    22.2    28.9    29.3     6.0 -9999.0 U -9999.0 -9999.0 -9999.0
53156 201210  6.101 -112.0832   33.3471    31.2    14.4    22.8    22.9     0.0 -9999.0 U -9999.0 -9999.0 -9999.0
53156 201211  6.101 -112.0832   33.3471    25.6     8.5    17.1    16.6     0.3 -9999.0 U -9999.0 -9999.0 -9999.0
53156 201212  6.101 -112.0832   33.3471    17.5     3.9    10.7    10.4    21.6 -9999.0 U -9999.0 -9999.0 -9999.0
53156 201301  6.101 -112.0832   33.3471    16.9     2.5     9.7     9.7    30.7 -9999.0 U -9999.0 -9999.0 -9999.0
53156 201302  6.101 -112.0832   33.3471    18.1     3.8    10.9    10.8     8.3 -9999.0 U -9999.0 -9999.0 -9999.0
53156 201303  6.101 -112.0832   33.3471    26.2     8.8    17.5    17.9    19.9 -9999.0 U -9999.0 -9999.0 -9999.0
53156 201304  6.101 -112.0832   33.3471    29.5    11.9    20.7    22.3     1.3 -9999.0 U -9999.0 -9999.0 -9999.0
53156 201305  6.101 -112.0832   33.3471    33.9    18.3    26.1    27.5     0.0 -9999.0 U -9999.0 -9999.0 -9999.0
53156 201306  6.101 -112.0832   33.3471    40.7    22.6    31.7    33.5     0.0 -9999.0 U -9999.0 -9999.0 -9999.0
53156 201307  6.101 -112.0832   33.3471    39.2    27.9    33.5    33.8    18.5 -9999.0 U -9999.0 -9999.0 -9999.0
53156 201308  6.101 -112.0832   33.3471    38.9    26.1    32.5    32.9     6.8 -9999.0 U -9999.0 -9999.0 -9999.0
53156 201309  6.101 -112.0832   33.3471    35.4    22.0    28.7    29.2    38.4 -9999.0 U -9999.0 -9999.0 -9999.0
53156 201310  6.101 -112.0832   33.3471    28.6    11.8    20.2    20.4     0.0 -9999.0 U -9999.0 -9999.0 -9999.0
53156 201311  6.101 -112.0832   33.3471    23.2     9.6    16.4    16.4    72.3 -9999.0 U -9999.0 -9999.0 -9999.0
53156 201312  6.101 -112.0832   33.3471    17.6     3.2    10.4    10.1     6.9 -9999.0 U -9999.0 -9999.0 -9999.0
53156 201401  6.101 -112.0832   33.3471    20.7     3.4    12.0    11.3     0.0 -9999.0 U -9999.0 -9999.0 -9999.0
53156 201402  6.101 -112.0832   33.3471    23.1     5.6    14.3    14.3     0.0 -9999.0 U -9999.0 -9999.0 -9999.0
53156 201403  6.101 -112.0832   33.3471    25.4     9.0    17.2    17.8    32.3 -9999.0 U -9999.0 -9999.0 -9999.0
53156 201404  6.101 -112.0832   33.3471    29.1    11.7    20.4    21.8     0.0 -9999.0 U -9999.0 -9999.0 -9999.0
53156 201405  6.101 -112.0832   33.3471    33.7    17.3    25.5    26.9     0.0 -9999.0 U -9999.0 -9999.0 -9999.0
53156 201406  6.101 -112.0832   33.3471 -9999.0 -9999.0 -9999.0 -9999.0 -9999.0 -9999.0 U -9999.0 -9999.0 -9999.0
