53968 200305  1.001  -95.7232   31.7796 -9999.0 -9999.0 -9999.0 -9999.0 -9999.0 -9999.0 U -9999.0 -9999.0 -9999.0
53968 200306  1.001  -95.7232   31.7796    30.8    20.7    25.8    25.4   128.4    21.6 R -9999.0 -9999.0    28.5
53968 200307  1.001  -95.7232   31.7796    33.0    22.5    27.8    27.2   170.0    24.1 R -9999.0 -9999.0    29.6
53968 200308  1.001  -95.7232   31.7796    33.8    22.5    28.2    27.6    26.9    21.5 R -9999.0 -9999.0    29.8
53968 200309  1.001  -95.7232   31.7796    29.2    18.2    23.7    23.3   106.8    18.0 R -9999.0 -9999.0    23.9
53968 200310  1.001  -95.7232   31.7796    26.4    14.0    20.2    19.9    82.1    15.4 R -9999.0 -9999.0    19.6
53968 200311  1.001  -95.7232   31.7796    20.7    10.3    15.5    15.5    56.9     9.6 R -9999.0 -9999.0    15.1
53968 200312  1.001  -95.7232   31.7796    16.8     2.9     9.8     9.9    53.1    10.7 R -9999.0 -9999.0     9.1
53968 200401  1.001  -95.7232   31.7796    15.1     4.7     9.9     9.8    55.6     8.7 R -9999.0 -9999.0     9.5
53968 200402  1.201  -95.7232   31.7796    13.8     4.4     9.1     9.1   144.1    10.6 R -9999.0 -9999.0     9.2
53968 200403  1.201  -95.7232   31.7796    23.1    11.7    17.4    17.3    57.6    14.9 R -9999.0 -9999.0    17.7
53968 200404  1.201  -95.7232   31.7796    24.6    13.4    19.0    18.7   160.3    17.3 R -9999.0 -9999.0    19.1
53968 200405  1.201  -95.7232   31.7796    28.3    18.5    23.4    22.9   124.7    20.2 R -9999.0 -9999.0    23.4
53968 200406  1.201  -95.7232   31.7796    30.4    21.1    25.7    25.1   165.2    18.9 R -9999.0 -9999.0    25.7
53968 200407  1.201  -95.7232   31.7796    32.6    21.8    27.2    26.9    46.2    23.4 R -9999.0 -9999.0    28.2
53968 200408  1.201  -95.7232   31.7796    32.8    20.8    26.8    26.3   119.2    21.6 R -9999.0 -9999.0    27.8
53968 200409  1.201  -95.7232   31.7796    31.2    19.1    25.1    24.8    38.0    19.1 R -9999.0 -9999.0    25.6
53968 200410  1.201  -95.7232   31.7796    27.6    18.4    23.0    22.5   122.3    12.3 R -9999.0 -9999.0    22.7
53968 200411  1.201  -95.7232   31.7796    19.5    10.0    14.7    14.6 -9999.0     7.6 R -9999.0 -9999.0    14.2
53968 200412  1.201  -95.7232   31.7796    15.9     3.5     9.7     9.5    47.6    10.3 R -9999.0 -9999.0     8.7
53968 200501  1.201  -95.7232   31.7796    16.2     6.1    11.2    11.0    98.8     8.8 R -9999.0 -9999.0    10.8
53968 200502  1.201  -95.7232   31.7796    17.0     7.7    12.3    12.3   151.3     9.5 R -9999.0 -9999.0    12.8
53968 200503  1.201  -95.7232   31.7796    20.4     8.0    14.2    14.2    43.3    15.0 R -9999.0 -9999.0    15.5
53968 200504  1.201  -95.7232   31.7796    24.3    10.9    17.6    17.9    41.4    19.3 R -9999.0 -9999.0    19.3
53968 200505  1.201  -95.7232   31.7796    28.2    16.5    22.4    22.1   124.5    21.2 R -9999.0 -9999.0    23.3
53968 200506  1.201  -95.7232   31.7796    33.9    21.6    27.7    27.6    13.1    24.0 R -9999.0 -9999.0    29.0
53968 200507  1.201  -95.7232   31.7796    34.4    22.4    28.4    27.8    92.0    21.7 R -9999.0 -9999.0    30.0
53968 200508  1.201  -95.7232   31.7796    34.9    22.2    28.6    27.6    94.8    20.4 R -9999.0 -9999.0    29.6
53968 200509  1.201  -95.7232   31.7796    34.7    21.0    27.8    27.5    79.8    18.0 R -9999.0 -9999.0    29.2
53968 200510  1.201  -95.7232   31.7796    27.0    13.1    20.1    19.7    26.4    16.1 R -9999.0 -9999.0    20.7
53968 200511  1.201  -95.7232   31.7796    22.7     9.3    16.0    15.7    14.4    11.4 R -9999.0 -9999.0    15.5
53968 200512  1.201  -95.7232   31.7796    16.4     1.9     9.1     9.3     6.3    10.1 R -9999.0 -9999.0     8.8
53968 200601  1.301  -95.7232   31.7796    19.6     5.5    12.6    12.9   114.5    10.8 R -9999.0 -9999.0    11.9
53968 200602  1.301  -95.7232   31.7796    16.2     4.2    10.2    10.1    70.2    11.2 R    28.9     0.1    10.3
53968 200603  1.301  -95.7232   31.7796    22.3    11.8    17.1    16.7   116.5    14.1 R    42.6     7.3    18.2
53968 200604  1.301  -95.7232   31.7796    27.6    15.5    21.5    21.5    89.5    19.7 R    46.2    12.4    23.8
53968 200605  1.301  -95.7232   31.7796    29.2    17.5    23.4    23.3    63.1    22.5 R    39.1    15.6    24.2
53968 200606  1.301  -95.7232   31.7796    32.7    20.2    26.4    26.3   140.2    24.6 R    43.0    17.9    27.2
53968 200607  1.301  -95.7232   31.7796    34.3    22.8    28.6    28.0    29.2    23.0 R    47.4    21.1    30.0
53968 200608  1.301  -95.7232   31.7796    36.3    23.2    29.7    29.3    84.8    23.1 R    52.7    21.1    31.7
53968 200609  1.301  -95.7232   31.7796    32.1    18.6    25.3    25.1    62.3    17.7 R    50.2    15.4    26.5
53968 200610  1.301  -95.7232   31.7796    26.5    13.2    19.8    19.7   137.7    15.0 R    38.4    10.4    20.3
53968 200611  1.301  -95.7232   31.7796    21.2     7.8    14.5    14.0    69.5    11.8 R    29.8     5.4    14.0
53968 200612  1.301  -95.7232   31.7796    16.0     4.9    10.4    10.5   183.9     8.9 R    24.6     2.2    10.2
53968 200701  1.302  -95.7232   31.7796    11.9     1.9     6.9     6.8   140.6     8.2 R    22.0    -0.5     7.1
53968 200702  1.302  -95.7232   31.7796    16.1     4.7    10.4    10.4    16.3    10.8 R    29.3     0.6    10.8
53968 200703  1.302  -95.7232   31.7796    23.3    11.7    17.5    17.4   164.5    15.2 R    43.2     7.8    18.6
53968 200704  1.302  -95.7232   31.7796    22.8    10.7    16.7    16.9    58.1    18.1 R    36.5     8.2    18.5
53968 200705  1.302  -95.7232   31.7796    27.4    17.6    22.5    22.0   302.1    18.5 R    36.6    16.3    23.1
53968 200706  1.302  -95.7232   31.7796    30.5    21.2    25.8    25.2   127.3    19.4 R    37.1    20.1    25.9
53968 200707  1.302  -95.7232   31.7796    30.8    21.5    26.2    25.4   208.2    18.3 R    38.4    20.1    26.0
53968 200708  1.302  -95.7232   31.7796    34.0    22.7    28.4    27.7    30.9    20.5 R    43.7    21.4    28.6
53968 200709  1.302  -95.7232   31.7796    32.5    20.5    26.5    25.7    12.5    15.1 R    48.0    18.5    27.3
53968 200710  1.302  -95.7232   31.7796    27.4    14.0    20.7    20.3    70.0    15.2 R    39.3    11.4    20.7
53968 200711  1.302  -95.7232   31.7796    21.1     9.6    15.4    15.0    47.1    10.2 R    30.0     7.2    15.3
53968 200712  1.302  -95.7232   31.7796    17.8     4.0    10.9    10.9    69.2     9.0 R    25.0     2.0    10.7
53968 200801  1.302  -95.7232   31.7796 -9999.0 -9999.0 -9999.0 -9999.0 -9999.0 -9999.0 U -9999.0 -9999.0 -9999.0
53968 200802  1.302  -95.7232   31.7796    19.8     5.2    12.5    12.6    71.6    13.3 R    32.2     1.7    12.8
53968 200803  1.302  -95.7232   31.7796    22.0     9.2    15.6    15.6   145.6    15.8 R    37.4     6.4    17.0
53968 200804  1.302  -95.7232   31.7796    24.7    12.1    18.4    18.4    51.4    20.7 R    35.4     9.9    19.7
53968 200805  1.302  -95.7232   31.7796    28.4    17.1    22.7    22.8    92.8    21.1 R    34.4    15.6    23.2
53968 200806  1.302  -95.7232   31.7796    34.0    22.1    28.1    27.3    25.7    24.9 R    43.5    20.3    28.4
53968 200807  1.302  -95.7232   31.7796    36.3    22.1    29.2    28.8     6.8    25.8 R    55.2    19.4    32.0
53968 200808  1.302  -95.7232   31.7796    33.5    22.6    28.0    27.3   152.9    20.9 R    49.3    21.1    29.6
53968 200809  1.302  -95.7232   31.7796    28.9    17.8    23.4    23.0   172.2    18.7 R    35.8    15.9    23.0
53968 200810  1.302  -95.7232   31.7796    25.4    11.7    18.6    18.3    43.7    17.3 R    33.1     9.2    18.1
53968 200811  1.302  -95.7232   31.7796    20.6     7.5    14.1    14.0    50.4    12.0 R    29.3     4.4    13.7
53968 200812  1.302  -95.7232   31.7796    16.6     3.0     9.8     9.8    41.4     8.4 R    22.9     0.6     9.5
53968 200901  1.302  -95.7232   31.7796    16.9     2.6     9.8     9.0    24.9    11.2 R    25.1    -0.4     8.7
53968 200902  1.302  -95.7232   31.7796    20.3     7.2    13.7    13.9    31.7    14.1 R    31.4     3.6    14.1
53968 200903  1.302  -95.7232   31.7796    21.1     9.2    15.1    14.9   158.9    14.6 R    33.8     6.7    15.8
53968 200904  1.302  -95.7232   31.7796    23.9    11.4    17.7    17.9   139.3    20.4 R    39.4     8.0    19.1
53968 200905  2.402  -95.7232   31.7796    28.8    17.4    23.1    22.9 -9999.0    21.7 R    44.3    15.1    24.9
53968 200906  2.402  -95.7232   31.7796    34.2    21.6    27.9    27.8    67.3    25.5 R    41.8    19.7    28.5
53968 200907  2.402  -95.7232   31.7796    34.4    23.2    28.8    28.4   156.0    22.6 R    45.0    21.8    30.1
53968 200908  2.402  -95.7232   31.7796    34.4    22.7    28.6    28.0    87.5    23.1 R    44.1    21.2    29.2
53968 200909  2.402  -95.7232   31.7796    29.1    19.3    24.2    23.6   107.6    14.8 R    38.1    18.1    24.5
53968 200910  2.402  -95.7232   31.7796    23.5    13.3    18.4    18.1   335.9    10.9 R    28.2    12.3    18.6
53968 200911  2.402  -95.7232   31.7796    21.5     8.7    15.1    14.7    19.2    12.5 R    27.3     6.4    14.2
53968 200912  2.402  -95.7232   31.7796    11.9     1.9     6.9     6.6    57.4     8.1 R    17.5     0.5     6.9
53968 201001  2.402  -95.7232   31.7796    12.9     1.7     7.3     7.1    72.4     9.5 R    20.4    -0.8     6.9
53968 201002  2.402  -95.7232   31.7796    11.3     1.2     6.2     6.0   105.5    11.4 R    24.0    -1.3     6.9
53968 201003  2.402  -95.7232   31.7796    19.2     6.3    12.7    12.8   114.2    17.3 R    35.1     3.5    14.3
53968 201004  2.402  -95.7232   31.7796    25.2    12.9    19.1    19.1    35.1    19.7 R    36.6    10.9    20.4
53968 201005  2.402  -95.7232   31.7796    31.0    18.6    24.8    24.5    30.5    22.9 R    50.2    17.1    27.9
53968 201006  2.402  -95.7232   31.7796    32.4    23.0    27.7    27.3   305.7    22.2 R    41.8    22.2    29.1
53968 201007  2.402  -95.7232   31.7796    33.4    23.6    28.5    27.6    97.3    22.6 R    41.3    22.9    28.9
53968 201008  2.402  -95.7232   31.7796    36.8    23.7    30.3    29.6    26.9    23.3 R    52.8    22.2    32.3
53968 201009  2.402  -95.7232   31.7796    32.2    20.4    26.3    25.7    38.7    18.6 R    48.4    19.0    28.0
53968 201010  2.402  -95.7232   31.7796    27.9    11.9    19.9    19.7    59.5    17.7 R    49.2     8.5    21.8
53968 201011  2.402  -95.7232   31.7796    20.4     8.3    14.4    14.3    59.2    10.9 R    34.0     5.8    15.2
53968 201012  2.402  -95.7232   31.7796    16.0     4.4    10.2    10.3    17.2    10.0 R    29.1     1.5    11.0
53968 201101  2.402  -95.7232   31.7796    12.9     1.3     7.1     7.1   133.8     9.4 R    26.1    -1.3     7.9
53968 201102  2.402  -95.7232   31.7796    17.7     4.9    11.3    10.8    31.5    11.2 R    31.8     2.2    11.9
53968 201103  2.402  -95.7232   31.7796    23.0    10.4    16.7    16.6    11.4    16.1 R    40.9     7.3    18.6
53968 201104  2.402  -95.7232   31.7796    28.9    15.1    22.0    22.1    49.4    20.9 R    47.8    13.0    25.0
53968 201105  2.402  -95.7232   31.7796    29.4    16.8    23.1    22.9    77.3    22.1 R    51.2    15.4    27.2
53968 201106  2.402  -95.7232   31.7796    36.4    22.7    29.6    29.4    23.6    25.9 R    62.2    21.5    35.0
53968 201107  2.402  -95.7232   31.7796    37.8    24.3    31.1    30.4    40.0    23.7 R    67.1    23.1    36.5
53968 201108  2.402  -95.7232   31.7796    40.0    25.2    32.6    32.4     1.4    23.4 R    69.8    23.3    38.4
53968 201109  2.402  -95.7232   31.7796    34.6    18.6    26.6    26.7    18.7    21.1 R    63.0    15.9    31.1
53968 201110  2.402  -95.7232   31.7796    27.4    13.0    20.2    19.9    54.9    16.1 R    50.6    10.5    22.7
53968 201111  2.402  -95.7232   31.7796    21.4     8.3    14.8    14.9    72.6    10.9 R    38.0     6.0    16.4
53968 201112  2.402  -95.7232   31.7796    15.0     5.0    10.0     9.8   153.7     6.8 R    25.4     3.3    10.3
53968 201201  2.412  -95.7232   31.7796    18.2     4.8    11.5    11.5    98.4    10.4 R    28.9     2.2    11.5
53968 201202  2.412  -95.7232   31.7796    17.7     7.2    12.4    12.3   117.3    11.0 C    25.9     4.9    12.3
53968 201203  2.412  -95.7232   31.7796    23.9    13.1    18.5    18.4   129.3    14.3 C    31.2    10.6    18.1
53968 201204  2.412  -95.7232   31.7796    27.2    15.0    21.1    20.9    84.7    20.2 C    41.8    13.5    23.1
53968 201205  2.412  -95.7232   31.7796    30.8    18.4    24.6    24.3    50.5    21.8 C    56.9    16.6    30.2
53968 201206  2.412  -95.7232   31.7796    33.3    21.6    27.5    27.2   121.5    23.5 C    61.7    20.3    34.1
53968 201207  2.412  -95.7232   31.7796    34.3    22.9    28.6    27.9    64.4    22.0 C    55.0    22.2    32.7
53968 201208  2.412  -95.7232   31.7796    35.8    22.8    29.3    28.8    41.4    20.8 C    58.7    21.7    33.5
53968 201209  2.412  -95.7232   31.7796    32.2    19.3    25.8    25.3   128.8    17.4 C    52.1    17.4    29.0
53968 201210  2.412  -95.7232   31.7796    25.3    13.0    19.2    18.7    13.7    13.7 C    36.0    11.5    19.9
53968 201211  2.412  -95.7232   31.7796    22.3     7.3    14.8    14.8    11.7    12.6 C    30.9     4.5    14.6
53968 201212  2.412  -95.7232   31.7796    17.7     5.6    11.6    11.8    70.6     8.1 C    24.1     3.5    11.7
53968 201301  2.422  -95.7232   31.7796    15.9     5.2    10.5    10.6   110.1     8.4 C    22.4     3.9    10.8
53968 201302  2.422  -95.7232   31.7796    17.3     6.5    11.9    11.8    83.2    12.2 C    26.7     3.2    11.7
53968 201303  2.422  -95.7232   31.7796    20.3     7.3    13.8    14.0    73.4    17.2 C    29.7     3.8    13.9
53968 201304  2.422  -95.7232   31.7796    23.9    11.1    17.5    17.4    43.5    18.7 C    30.9     9.5    17.8
53968 201305  2.422  -95.7232   31.7796    28.1    16.5    22.3    22.1    69.1    20.4 C    45.4    15.1    25.6
53968 201306  2.422  -95.7232   31.7796    33.9    21.5    27.7    27.5    41.8    24.3 C    54.8    20.1    32.2
53968 201307  2.422  -95.7232   31.7796    34.0    21.9    27.9    27.5    72.0    21.0 C    54.7    20.7    32.1
53968 201308  2.422  -95.7232   31.7796    36.5    22.9    29.7    29.3     5.2    22.3 C    58.6    20.9    33.8
53968 201309  2.422  -95.7232   31.7796    33.8    20.8    27.3    26.7   161.1    17.2 C    54.7    18.7    30.1
53968 201310  2.422  -95.7232   31.7796    25.3    14.1    19.7    19.5   285.1    13.5 C    33.7    12.8    20.5
53968 201311  2.422  -95.7232   31.7796    17.2     6.5    11.8    11.5   200.2     9.0 C    22.4     4.7    11.5
53968 201312  2.422  -95.7232   31.7796    13.9     2.6     8.2     7.7    78.8     8.2 C    21.1     1.1     8.4
53968 201401  2.422  -95.7232   31.7796    14.5     0.6     7.5     7.5     8.6    11.8 C    23.4    -1.4     8.3
53968 201402  2.422  -95.7232   31.7796    15.0     4.0     9.5     9.4    58.2    10.0 C    22.1     3.1    10.6
53968 201403  2.422  -95.7232   31.7796    18.4     6.0    12.2    12.4    71.8    14.6 C    26.4     5.4    13.8
53968 201404  2.422  -95.7232   31.7796    24.0    12.5    18.3    18.1    52.3    19.5 C    34.2    12.0    20.4
53968 201405  2.422  -95.7232   31.7796    27.5    16.2    21.8    21.7   160.3    21.5 C    47.2    16.0    26.6
53968 201406  2.422  -95.7232   31.7796    30.5    21.9    26.2    25.8   137.5    21.0 C    42.5    23.5    30.0
53968 201407  2.422  -95.7232   31.7796    32.0    21.6    26.8    26.5    97.7    23.4 C    46.6    21.8    30.5
53968 201408  2.422  -95.7232   31.7796    33.7    22.6    28.2    27.6    16.0    22.5 C    51.6    23.2    32.6
53968 201409  2.422  -95.7232   31.7796    31.5    20.4    26.0    25.3    41.7    18.1 C    57.7    21.2    31.5
53968 201410  2.422  -95.7232   31.7796    27.0    14.8    20.9    20.4   147.7    15.8 C    43.0    16.0    24.8
53968 201411  2.422  -95.7232   31.7796    17.1     5.9    11.5    11.2   103.0    10.8 C    31.0     6.9    15.1
53968 201412  2.422  -95.7232   31.7796    15.3     6.1    10.7    10.7    28.2     5.9 C    24.9     7.1    14.1
53968 201501  2.422  -95.7232   31.7796    13.3     2.1     7.7     7.5   137.5     9.0 C    20.7     2.0     8.7
53968 201502  2.422  -95.7232   31.7796    14.5     3.4     8.9     8.4    41.3     9.3 C    23.5     3.8    10.9
53968 201503  2.422  -95.7232   31.7796    19.4     9.9    14.7    14.6   142.8    10.8 C    26.2     9.8    16.0
53968 201504  2.422  -95.7232   31.7796    25.3    14.7    20.0    19.7   172.7    16.0 C    33.0    14.8    21.4
53968 201505  2.422  -95.7232   31.7796    27.5    18.5    23.0    22.5   211.1    15.8 C    33.7    19.2    24.2
53968 201506  2.422  -95.7232   31.7796    31.6    21.7    26.7    26.3    80.9    22.4 C    38.6    22.1    28.1
53968 201507  2.422  -95.7232   31.7796    35.1    23.4    29.2    28.8     0.0    24.7 C    50.9    23.8    33.7
53968 201508  2.422  -95.7232   31.7796    35.5    22.5    29.0    28.6    35.9    21.4 C    55.4    20.8    32.8
53968 201509  2.422  -95.7232   31.7796    33.8    20.1    26.9    26.5     1.2    18.3 C    58.0    18.2    30.8
53968 201510  2.422  -95.7232   31.7796    28.3    15.0    21.7    21.4   156.2    14.0 C    43.7    12.8    23.5
53968 201511  2.422  -95.7232   31.7796    19.7    10.1    14.9    14.6   192.4     8.2 C    22.9    10.1    14.9
53968 201512  2.422  -95.7232   31.7796    18.8     7.1    12.9    12.8   219.8     9.0 C    21.1     5.9    12.4
53968 201601  2.422  -95.7232   31.7796    15.0     3.0     9.0     8.9    56.7    11.0 C    19.5     2.0     9.1
53968 201602  2.422  -95.7232   31.7796    19.5     6.2    12.8    13.0    22.8    15.0 C    26.0     4.4    12.8
53968 201603  2.422  -95.7232   31.7796    23.2    11.2    17.2    17.1   194.2    16.5 C    28.9     8.7    16.8
53968 201604  2.422  -95.7232   31.7796    25.3    13.7    19.5    19.5   195.5    18.7 C    36.9    12.3    20.8
53968 201605  2.422  -95.7232   31.7796    27.1    17.3    22.2    22.0   119.5    18.9 C    38.2    16.8    24.3
53968 201606  2.422  -95.7232   31.7796    31.7    22.0    26.8    26.5   220.6    24.1 C    43.8    21.8    29.5
53968 201607  2.422  -95.7232   31.7796    34.7    23.9    29.3    28.8    30.3    24.4 C    51.6    22.9    33.0
53968 201608  2.422  -95.7232   31.7796    33.2    23.4    28.3    27.5   142.1    19.1 C    48.3    23.0    31.2
53968 201609  2.422  -95.7232   31.7796    31.8    20.7    26.3    25.8    57.8    19.4 C    51.6    18.3    28.6
53968 201610  2.422  -95.7232   31.7796    28.5    16.2    22.4    21.9    26.7    15.6 C    41.0    14.4    23.2
53968 201611  2.422  -95.7232   31.7796    23.0    11.0    17.0    16.7    67.1    10.3 C    30.5     9.3    16.5
53968 201612  2.422  -95.7232   31.7796    16.2     7.0    11.6    11.5    68.6     6.0 C    20.8     7.1    12.3
53968 201701  2.424  -95.7232   31.7796    17.4     6.5    11.9    11.8   158.6     9.1 C    23.2     6.6    12.7
53968 201702  2.424  -95.7232   31.7796    22.1    10.7    16.4    16.0    80.5    11.4 C    28.0     9.9    16.6
53968 201703  2.424  -95.7232   31.7796    23.5    12.5    18.0    17.8   118.8    15.4 C    29.2    12.0    18.6
53968 201704  2.424  -95.7232   31.7796    26.1    14.1    20.1    19.9    80.8    19.7 C    34.3    13.4    21.1
53968 201705  2.424  -95.7232   31.7796    27.9    16.2    22.0    21.9   110.0    20.8 C    43.1    15.6    25.1
53968 201706  2.424  -95.7232   31.7796    30.9    22.0    26.5    26.0    45.3    21.3 C    47.8    21.5    30.0
53968 201707  2.424  -95.7232   31.7796    34.1    23.2    28.6    28.1    60.3    22.9 C    54.3    22.4    33.1
