54794 200112  1.001  -70.9277   43.1716 -9999.0 -9999.0 -9999.0 -9999.0 -9999.0 -9999.0 U -9999.0 -9999.0 -9999.0
54794 200201  1.001  -70.9277   43.1716     3.0    -5.3    -1.1    -1.1 -9999.0     5.4 R -9999.0 -9999.0    -2.7
54794 200202  1.001  -70.9277   43.1716     4.3    -7.8    -1.8    -1.3 -9999.0    10.0 R -9999.0 -9999.0    -2.0
54794 200203  1.001  -70.9277   43.1716     6.8    -3.6     1.6     1.5 -9999.0     9.1 R -9999.0 -9999.0     1.9
54794 200204  1.001  -70.9277   43.1716    13.5     1.8     7.6     7.4 -9999.0     9.4 R -9999.0 -9999.0     8.9
54794 200205  1.001  -70.9277   43.1716    17.9     5.1    11.5    12.0 -9999.0     9.4 R -9999.0 -9999.0    13.0
54794 200206  1.002  -70.9277   43.1716    22.2    10.7    16.4    16.6 -9999.0    15.7 R -9999.0 -9999.0    17.0
54794 200207  1.002  -70.9277   43.1716    27.3    14.8    21.0    21.1 -9999.0    21.6 R -9999.0 -9999.0    21.4
54794 200208  1.002  -70.9277   43.1716    28.4    14.3    21.4    21.1 -9999.0    20.7 R -9999.0 -9999.0    22.8
54794 200209  1.002  -70.9277   43.1716    23.9    10.8    17.4    17.5 -9999.0    14.9 R -9999.0 -9999.0    18.3
54794 200210  1.002  -70.9277   43.1716    13.7     2.0     7.8     8.0 -9999.0    10.0 R -9999.0 -9999.0     8.5
54794 200211  1.003  -70.9277   43.1716     7.4    -2.0     2.7     3.0 -9999.0     5.3 R -9999.0 -9999.0     2.4
54794 200212  1.003  -70.9277   43.1716     2.3    -7.3    -2.5    -2.3   110.9     5.2 R -9999.0 -9999.0    -4.1
54794 200301  1.003  -70.9277   43.1716    -3.5   -13.9    -8.7    -8.0    51.4     6.5 R -9999.0 -9999.0   -11.0
54794 200302  1.003  -70.9277   43.1716    -1.1   -11.5    -6.3    -5.9   113.1     9.2 R -9999.0 -9999.0    -8.7
54794 200303  1.003  -70.9277   43.1716     6.2    -6.2     0.0     0.2   101.2    13.2 R -9999.0 -9999.0    -1.2
54794 200304  1.003  -70.9277   43.1716    10.6    -0.6     5.0     5.2    85.8    15.4 R -9999.0 -9999.0     5.5
54794 200305  1.003  -70.9277   43.1716    16.7     6.3    11.5    11.4    92.5    15.3 R -9999.0 -9999.0    12.1
54794 200306  1.003  -70.9277   43.1716    22.6    11.6    17.1    17.2    61.0    18.8 R -9999.0 -9999.0    17.2
54794 200307  1.003  -70.9277   43.1716    26.8    15.1    21.0    21.0    50.8    20.7 R -9999.0 -9999.0    22.1
54794 200308  1.003  -70.9277   43.1716    26.3    15.5    20.9    20.7    99.8    16.6 R -9999.0 -9999.0    22.4
54794 200309  1.003  -70.9277   43.1716    21.3    10.6    15.9    16.1 -9999.0    13.1 R -9999.0 -9999.0    17.3
54794 200310  1.200  -70.9277   43.1716    14.8     3.1     8.9     8.9   162.1    10.0 R -9999.0 -9999.0     8.8
54794 200311  1.200  -70.9277   43.1716     9.6     0.0     4.8     4.5    41.6     6.1 R -9999.0 -9999.0     4.3
54794 200312  1.200  -70.9277   43.1716     3.9    -6.4    -1.3    -1.2   108.8     5.2 R -9999.0 -9999.0    -2.7
54794 200401  1.200  -70.9277   43.1716    -5.1   -13.1    -9.1    -9.0    14.5     6.8 R -9999.0 -9999.0    -9.6
54794 200402  1.200  -70.9277   43.1716     2.8    -8.1    -2.6    -2.3    38.2    10.7 R -9999.0 -9999.0    -2.9
54794 200403  1.200  -70.9277   43.1716     6.1    -2.9     1.6     1.6    65.8    11.6 R -9999.0 -9999.0     1.9
54794 200404  1.200  -70.9277   43.1716    13.4     1.4     7.4     7.5   178.0    15.6 R -9999.0 -9999.0     8.5
54794 200405  1.200  -70.9277   43.1716    19.0     7.4    13.2    13.4   153.9    18.5 R -9999.0 -9999.0    14.4
54794 200406  1.200  -70.9277   43.1716    23.1    10.2    16.6    16.8    36.6    21.2 R -9999.0 -9999.0    17.7
54794 200407  1.200  -70.9277   43.1716    24.7    14.7    19.7    19.7    86.8    17.8 R -9999.0 -9999.0    22.9
54794 200408  1.200  -70.9277   43.1716    25.6    14.4    20.0    20.0   145.6    17.9 R -9999.0 -9999.0    21.0
54794 200409  1.200  -70.9277   43.1716    21.9     9.5    15.7    15.7   125.0    15.0 R -9999.0 -9999.0    15.7
54794 200410  1.201  -70.9277   43.1716    14.8     3.9     9.4     9.2    56.7     9.9 R -9999.0 -9999.0     8.8
54794 200411  1.201  -70.9277   43.1716     9.4    -1.5     3.9     4.1    96.1     6.8 R -9999.0 -9999.0     3.6
54794 200412  1.201  -70.9277   43.1716     3.1    -6.5    -1.7    -1.9    98.4     4.5 R -9999.0 -9999.0    -2.5
54794 200501  1.201  -70.9277   43.1716    -2.0   -11.1    -6.5    -6.2    74.8     5.9 R -9999.0 -9999.0    -7.5
54794 200502  1.201  -70.9277   43.1716     2.5    -8.6    -3.1    -2.9    83.7    10.1 R -9999.0 -9999.0    -4.1
54794 200503  1.201  -70.9277   43.1716     4.4    -6.0    -0.8    -0.5   127.7    14.2 R -9999.0 -9999.0    -1.5
54794 200504  1.201  -70.9277   43.1716    14.2     1.3     7.8     7.9   137.8    16.4 R -9999.0 -9999.0     8.7
54794 200505  1.201  -70.9277   43.1716    14.6     5.1     9.9     9.9   160.9    14.2 R -9999.0 -9999.0    10.4
54794 200506  1.201  -70.9277   43.1716    25.1    12.6    18.8    18.8    99.2    19.4 R -9999.0 -9999.0    19.2
54794 200507  1.201  -70.9277   43.1716    26.9    15.1    21.0    21.1    96.0    20.9 R -9999.0 -9999.0    21.8
54794 200508  1.201  -70.9277   43.1716    27.5    15.1    21.3    21.0    72.3    18.3 R -9999.0 -9999.0    22.2
54794 200509  1.201  -70.9277   43.1716    24.0    10.5    17.2    17.2    71.5    15.2 R -9999.0 -9999.0    18.5
54794 200510  1.201  -70.9277   43.1716    15.1     6.1    10.6    10.5   362.3     7.2 R -9999.0 -9999.0    10.7
54794 200511  1.301  -70.9277   43.1716     9.8    -1.1     4.4     4.7   144.6     6.4 R -9999.0 -9999.0     4.5
54794 200512  1.301  -70.9277   43.1716     1.6    -7.6    -3.0    -2.6   119.0     5.5 R     3.1    -8.8    -3.3
54794 200601  1.301  -70.9277   43.1716     3.8    -5.3    -0.8    -0.7   106.1     5.4 R     5.2    -6.2    -0.9
54794 200602  1.301  -70.9277   43.1716     1.9    -8.2    -3.2    -3.0    71.2    10.2 R     5.9    -8.9    -2.6
54794 200603  1.301  -70.9277   43.1716     7.3    -4.5     1.4     1.4    26.9    14.6 R    14.2    -5.2     2.4
54794 200604  1.301  -70.9277   43.1716    14.7     1.5     8.1     8.2    82.7    17.4 R    21.8     0.9     9.4
54794 200605  1.301  -70.9277   43.1716    17.7     8.0    12.9    12.7 -9999.0    15.9 R    21.7     7.8    13.5
54794 200606  1.301  -70.9277   43.1716    23.5    14.6    19.0    18.9   228.8    16.3 R    30.0    14.3    20.3
54794 200607  1.301  -70.9277   43.1716    28.1    16.7    22.4    22.6    89.3    21.0 R    34.0    16.5    23.8
54794 200608  1.301  -70.9277   43.1716    25.0    13.0    19.0    19.0    98.9    18.1 R    31.0    12.7    20.2
54794 200609  1.301  -70.9277   43.1716    21.2     9.3    15.2    15.2    66.8    14.0 R    30.5     8.3    16.4
54794 200610  1.301  -70.9277   43.1716    15.3     3.6     9.5     9.5   202.9    10.5 R    20.9     2.0     9.2
54794 200611  1.301  -70.9277   43.1716    11.6     2.1     6.9     6.7   164.1     5.6 R    15.8     1.3     6.5
54794 200612  1.301  -70.9277   43.1716     6.3    -2.5     1.9     2.0    92.0     4.7 R     9.2    -4.2     0.9
54794 200701  1.301  -70.9277   43.1716     1.5    -7.5    -3.0    -2.6    78.9     6.3 R     3.8    -8.4    -3.1
54794 200702  1.301  -70.9277   43.1716    -1.5   -11.3    -6.4    -6.0    33.1    10.4 R     2.8   -13.3    -6.8
54794 200703  1.301  -70.9277   43.1716     6.6    -5.3     0.7     0.9   101.5    14.1 R    13.0    -6.5     0.9
54794 200704  1.301  -70.9277   43.1716    10.7     1.0     5.8     6.0   258.1    13.7 R    17.0    -0.1     6.4
54794 200705  1.301  -70.9277   43.1716    20.5     6.9    13.7    13.9    83.1    20.7 R    25.3     6.0    14.0
54794 200706  1.301  -70.9277   43.1716    24.0    11.8    17.9    17.9   123.1    20.6 R    27.8    10.9    17.9
54794 200707  1.301  -70.9277   43.1716    26.1    14.8    20.4    20.0   163.7    19.9 R    31.0    14.3    20.5
54794 200708  1.301  -70.9277   43.1716    26.6    13.4    20.0    19.9    58.9    20.1 R    30.4    12.8    20.1
54794 200709  1.301  -70.9277   43.1716    23.2     9.8    16.5    16.4    64.0    16.3 R    27.3     9.0    16.6
54794 200710  1.302  -70.9277   43.1716    18.1     6.7    12.4    12.1   101.6    10.1 R    24.0     5.6    12.3
54794 200711  1.302  -70.9277   43.1716     7.3    -2.0     2.7     2.9   101.4     6.2 R    12.5    -4.2     2.5
54794 200712  1.302  -70.9277   43.1716     1.0    -8.2    -3.6    -3.5   122.4     4.7 R     0.3   -11.6    -5.5
54794 200801  1.302  -70.9277   43.1716     1.9    -8.3    -3.2    -2.9    87.3     6.3 R     2.1   -12.0    -5.1
54794 200802  1.302  -70.9277   43.1716     1.2    -8.1    -3.5    -3.0   217.1     8.0 R     1.0   -11.0    -4.6
54794 200803  1.302  -70.9277   43.1716     4.3    -4.3     0.0     0.1   164.5    12.7 R    10.1    -7.2    -0.2
54794 200804  1.302  -70.9277   43.1716    13.8     0.9     7.4     7.5   100.9    18.9 R    27.1    -1.2     9.3
54794 200805  1.302  -70.9277   43.1716    18.7     5.6    12.2    12.4    27.5    20.3 R    28.5     4.1    13.6
54794 200806  1.302  -70.9277   43.1716    23.9    12.9    18.4    18.2   136.2    19.2 R    30.3    12.1    19.2
54794 200807  1.302  -70.9277   43.1716    27.1    15.6    21.4    21.2   217.5    21.1 R    33.4    15.0    22.0
54794 200808  1.302  -70.9277   43.1716    24.5    13.5    19.0    18.6   122.3    17.7 R    30.5    12.9    19.4
54794 200809  1.302  -70.9277   43.1716    21.0    10.1    15.6    15.6   243.2    14.4 R    27.1     9.5    16.4
54794 200810  1.302  -70.9277   43.1716    15.0     2.6     8.8     8.7    77.9    11.4 R    19.9     1.3     8.5
54794 200811  1.302  -70.9277   43.1716     8.4    -1.0     3.7     3.7   113.5     6.2 R    11.3    -2.1     3.3
54794 200812  1.302  -70.9277   43.1716     3.0    -7.0    -2.0    -1.8   159.9     4.4 R     3.2    -8.7    -2.9
54794 200901  1.302  -70.9277   43.1716    -2.4   -13.8    -8.1    -7.6    92.5     6.9 R    -3.3   -18.4   -10.5
54794 200902  1.302  -70.9277   43.1716     2.9    -8.9    -3.0    -2.8    74.3     9.8 R     0.9   -12.5    -5.4
54794 200903  1.302  -70.9277   43.1716     6.1    -4.6     0.7     0.7 -9999.0    13.8 R    13.7    -6.8     1.1
54794 200904  1.302  -70.9277   43.1716    14.4     2.1     8.2     8.5    95.8    18.2 R    23.1     0.9     9.5
54794 200905  1.302  -70.9277   43.1716    18.8     7.2    13.0    13.3   109.6    18.2 R    24.4     6.5    13.8
54794 200906  1.302  -70.9277   43.1716    20.6    11.8    16.2    16.0   142.7    16.7 R    25.6    11.6    16.9
54794 200907  1.302  -70.9277   43.1716    23.6    13.8    18.7    18.4   224.1    18.1 R    28.8    13.2    19.1
54794 200908  1.302  -70.9277   43.1716    26.1    15.1    20.6    20.5    83.6    19.6 R    35.3    14.2    22.0
54794 200909  1.302  -70.9277   43.1716    20.6     7.9    14.3    14.5    47.4    16.8 R    25.5     6.5    14.4
54794 200910  1.302  -70.9277   43.1716    13.2     3.1     8.2     8.2   118.4     8.9 R    17.0     1.9     8.1
54794 200911  1.302  -70.9277   43.1716    11.4     1.3     6.4     6.3   112.6     6.5 R    13.8     0.1     5.6
54794 200912  1.302  -70.9277   43.1716     2.1    -6.6    -2.3    -2.2   133.9     5.5 R     1.7    -8.8    -3.7
54794 201001  1.302  -70.9277   43.1716     0.4    -8.6    -4.1    -3.7    73.8     6.5 R     0.8   -11.7    -5.7
54794 201002  1.302  -70.9277   43.1716     2.6    -4.6    -1.0    -1.1   186.1     9.2 R     7.8    -7.0    -1.5
54794 201003  1.302  -70.9277   43.1716 -9999.0 -9999.0 -9999.0 -9999.0   362.8    11.8 R    15.9    -2.3     4.8
54794 201004  1.302  -70.9277   43.1716    15.9     3.0     9.5     9.7    54.2    17.7 R    22.6     1.9    10.2
54794 201005  1.302  -70.9277   43.1716    21.5     8.1    14.8    14.8    71.5    22.4 R    26.3     6.8    15.3
54794 201006  2.403  -70.9277   43.1716    24.5    12.9    18.7    18.7   104.0    18.8 R    33.6    12.6    20.7
54794 201007  2.403  -70.9277   43.1716    28.4    16.1    22.2    22.4    94.0    22.6 R    36.7    15.8    24.4
54794 201008  2.403  -70.9277   43.1716    26.6    13.9    20.2    20.3   115.4    18.8 R    34.6    13.6    22.1
54794 201009  2.403  -70.9277   43.1716    23.1    11.3    17.2    17.4    41.4    13.6 R    28.4    10.8    18.2
54794 201010  2.403  -70.9277   43.1716    15.3     4.0     9.6     9.4   125.8     9.4 R    18.6     3.5     9.8
54794 201011  2.403  -70.9277   43.1716 -9999.0 -9999.0 -9999.0 -9999.0 -9999.0 -9999.0 U -9999.0 -9999.0 -9999.0
54794 201012  2.403  -70.9277   43.1716     2.4    -6.0    -1.8    -1.8   101.6     4.5 R     4.5    -6.5    -1.6
54794 201101  2.403  -70.9277   43.1716    -0.9   -11.0    -5.9    -5.7    78.8     5.9 R     1.6   -12.7    -6.2
54794 201102  2.403  -70.9277   43.1716     1.8   -10.8    -4.5    -4.0    97.8     8.6 R     2.7   -12.5    -4.5
54794 201103  2.403  -70.9277   43.1716     5.9    -3.8     1.0     1.0   119.0    11.9 R    11.2    -4.8     1.7
54794 201104  2.403  -70.9277   43.1716    13.0     2.7     7.9     7.7   128.6    13.9 R    18.1     2.2     8.6
54794 201105  2.403  -70.9277   43.1716    18.3     8.3    13.3    13.2   120.1    14.9 R    22.0     8.2    14.0
54794 201106  2.403  -70.9277   43.1716    23.1    11.7    17.4    17.2    88.9    18.7 R    30.0    11.5    18.9
54794 201107  2.403  -70.9277   43.1716    28.6    15.7    22.1    22.3    30.5    20.6 R    41.7    15.0    25.0
54794 201108  2.403  -70.9277   43.1716    26.2    14.5    20.4    20.2   149.8    16.1 R    34.6    14.2    21.8
54794 201109  2.403  -70.9277   43.1716    22.6    12.0    17.3    17.1    95.1    13.2 R    26.3    11.5    17.5
54794 201110  2.403  -70.9277   43.1716    15.2     5.7    10.4    10.4   191.2     8.2 R    17.4     4.8    10.0
54794 201111  2.403  -70.9277   43.1716    13.1     0.5     6.8     6.8    86.4     6.9 R    15.2    -1.3     5.7
54794 201112  2.403  -70.9277   43.1716     5.9    -4.4     0.8     0.8    98.9     5.1 R     8.4    -5.4     0.4
54794 201201  2.403  -70.9277   43.1716     2.1    -7.2    -2.6    -2.3    90.0     6.0 R     4.0    -9.3    -3.3
54794 201202  2.403  -70.9277   43.1716     4.8    -5.4    -0.3    -0.2    34.0     9.1 R    10.8    -7.2    -0.5
54794 201203  2.403  -70.9277   43.1716    11.7    -0.4     5.7     5.6    59.0    12.5 R    16.4    -2.2     5.3
54794 201204  2.403  -70.9277   43.1716    15.4     2.2     8.8     9.2    82.4    18.5 R    24.5     0.5     9.8
54794 201205  2.403  -70.9277   43.1716    19.2     9.2    14.2    14.1   102.2    16.1 R    23.1     8.9    14.7
54794 201206  2.413  -70.9277   43.1716    22.5    12.2    17.4    17.3   166.2    19.2 R    30.3    11.6    18.7
54794 201207  2.413  -70.9277   43.1716    27.9    15.2    21.5    21.6    56.1    22.5 C    37.0    14.1    23.4
54794 201208  2.413  -70.9277   43.1716    27.5    14.9    21.2    21.1    67.7    20.1 C    35.7    14.0    22.6
54794 201209  2.413  -70.9277   43.1716    21.5     9.0    15.3    15.4    70.0    14.5 C    28.8     8.0    16.4
54794 201210  2.413  -70.9277   43.1716    16.5     5.9    11.2    11.2   110.7     8.5 C    19.9     4.9    11.1
54794 201211  2.413  -70.9277   43.1716     8.3    -1.6     3.3     2.9    28.6     7.4 C    11.3    -3.0     2.4
54794 201212  2.413  -70.9277   43.1716     4.0    -3.9     0.1     0.2   163.2     4.0 C     4.9    -5.1    -0.5
54794 201301  2.413  -70.9277   43.1716     1.4    -9.1    -3.8    -3.4    35.2     6.5 C     0.8   -11.3    -5.4
54794 201302  2.413  -70.9277   43.1716     1.4    -6.8    -2.7    -2.6   124.4     8.2 C     2.5    -9.3    -3.7
54794 201303  2.413  -70.9277   43.1716     6.0    -3.2     1.4     1.6    64.5    13.5 C    12.2    -5.7     1.4
54794 201304  2.413  -70.9277   43.1716    13.3     1.1     7.2     7.3    53.0    18.7 C    21.4    -0.9     8.3
54794 201305  2.413  -70.9277   43.1716    19.2     6.2    12.7    12.9   143.9    19.9 C    25.1     5.3    13.9
54794 201306  2.413  -70.9277   43.1716    24.1    12.8    18.5    18.4   175.0    20.0 C    26.7    12.2    18.6
54794 201307  2.413  -70.9277   43.1716    27.3    17.2    22.2    22.1    72.4    18.7 C    30.5    16.7    22.7
54794 201308  2.413  -70.9277   43.1716    25.6    12.9    19.3    19.5    83.9    20.4 C    30.2    12.4    20.3
54794 201309  2.413  -70.9277   43.1716    21.8     8.9    15.3    15.3   191.9    15.9 C    26.2     8.1    15.9
54794 201310  2.423  -70.9277   43.1716    15.8     3.8     9.8     9.8    17.4     9.9 C    21.8     1.0     9.2
54794 201311  2.423  -70.9277   43.1716     8.1    -2.1     3.0     2.9    71.8     7.2 C    11.1    -5.3     1.6
54794 201312  2.423  -70.9277   43.1716     0.6    -7.8    -3.6    -3.3   104.5     3.9 C    -0.6   -11.9    -5.8
54794 201401  2.423  -70.9277   43.1716    -0.6   -11.0    -5.8    -5.8    81.4     6.0 C    -1.9   -14.6    -8.1
54794 201402  2.423  -70.9277   43.1716     0.0   -10.8    -5.4    -4.6   110.2     9.4 C    -1.8   -16.2    -8.1
54794 201403  2.423  -70.9277   43.1716     3.1    -8.1    -2.5    -2.1   119.5    12.8 C     7.1   -11.3    -3.3
54794 201404  2.423  -70.9277   43.1716    12.7     0.9     6.8     7.1    63.4    17.4 C    23.7    -2.0     8.1
54794 201405  2.423  -70.9277   43.1716    18.5     7.1    12.8    12.7    85.7    18.0 C    26.5     5.5    13.5
54794 201406  2.423  -70.9277   43.1716    24.2    11.5    17.9    18.2    48.5    23.2 C    31.3    10.2    19.0
54794 201407  2.423  -70.9277   43.1716    27.0    15.7    21.3    21.3   160.0    21.8 C    34.5    14.5    22.4
54794 201408  2.423  -70.9277   43.1716    24.9    12.8    18.8    18.7    95.6    19.8 C    36.8    11.1    20.6
54794 201409  2.423  -70.9277   43.1716    22.0     9.4    15.7    15.6    53.2    16.1 C    29.8     7.4    16.1
54794 201410  2.423  -70.9277   43.1716    15.7     6.4    11.1    11.3    94.5     8.8 C    20.7     4.4    11.0
54794 201411  2.423  -70.9277   43.1716     7.5    -2.0     2.7     2.9    97.2     5.6 C     9.8    -4.7     1.7
54794 201412  2.423  -70.9277   43.1716     3.6    -3.0     0.3     0.4   138.2     4.0 C     5.6    -5.0    -0.6
54794 201501  2.423  -70.9277   43.1716    -1.6   -11.8    -6.7    -6.3   113.2     6.2 C    -1.6   -16.2    -8.6
54794 201502  2.423  -70.9277   43.1716    -4.7   -16.5   -10.6    -9.9    80.4     9.5 C    -6.0   -22.9   -13.3
54794 201503  2.423  -70.9277   43.1716     3.7    -7.5    -1.9    -1.6    51.5    14.2 C     8.4   -11.3    -2.6
54794 201504  2.423  -70.9277   43.1716    12.2     1.0     6.6     6.9 -9999.0    16.5 C    23.2    -2.1     7.6
54794 201505  2.423  -70.9277   43.1716    22.7     7.9    15.3    15.7    18.5    21.9 C    33.3     6.3    17.3
54794 201506  2.423  -70.9277   43.1716    21.9    10.9    16.4    16.6   161.8    20.4 C    28.3    10.0    17.8
54794 201507  2.423  -70.9277   43.1716    26.4    14.7    20.6    20.5    49.3    21.5 C    33.9    13.6    21.5
54794 201508  2.423  -70.9277   43.1716    27.2    15.2    21.2    20.9    90.1    19.6 C    36.5    14.0    22.3
54794 201509  2.423  -70.9277   43.1716    25.4    11.3    18.3    18.2    92.6    16.7 C    33.8     9.7    19.1
54794 201510  2.423  -70.9277   43.1716    15.1     3.1     9.1     9.0    77.6    10.5 C    22.2     1.1     9.2
54794 201511  2.423  -70.9277   43.1716    12.0     0.1     6.1     6.0    64.6     7.1 C    14.8    -2.2     4.8
54794 201512  2.423  -70.9277   43.1716     7.7    -0.8     3.5     3.5   126.8     4.4 C     9.9    -2.2     2.6
54794 201601  2.423  -70.9277   43.1716     1.9    -7.2    -2.7    -2.5    59.8     6.0 C     0.7   -11.1    -5.3
54794 201602  2.423  -70.9277   43.1716     4.5    -7.6    -1.6    -1.2   101.8     9.0 C     7.0   -10.7    -3.0
54794 201603  2.423  -70.9277   43.1716     9.0    -1.8     3.6     3.6   102.2    12.4 C    17.5    -4.2     4.0
54794 201604  2.423  -70.9277   43.1716    12.7    -0.4     6.2     6.4    64.7    17.6 C    22.5    -3.1     7.4
54794 201605  2.423  -70.9277   43.1716    18.9     7.2    13.1    13.2    39.1    17.6 C    26.8     5.7    14.4
54794 201606  2.423  -70.9277   43.1716    24.1    11.3    17.7    17.7    62.7    22.9 C    34.8    10.0    19.7
54794 201607  2.423  -70.9277   43.1716    27.7    15.1    21.4    21.5   115.7    21.7 C    37.8    14.3    23.6
54794 201608  2.423  -70.9277   43.1716    28.0    14.6    21.3    21.5    42.2    20.1 C    37.0    13.4    22.8
54794 201609  2.423  -70.9277   43.1716    23.3    11.2    17.3    16.9    61.6    14.0 C    31.7     9.8    18.0
54794 201610  2.423  -70.9277   43.1716    15.5     4.2     9.8    10.0   174.2     9.7 C    19.8     3.0    10.0
54794 201611  2.423  -70.9277   43.1716    10.3    -0.3     5.0     5.0    88.3     6.1 C    12.4    -1.8     4.3
54794 201612  2.423  -70.9277   43.1716     2.6    -6.8    -2.1    -1.7   122.7     5.3 C     3.3    -9.1    -3.2
54794 201701  2.423  -70.9277   43.1716     3.0    -5.6    -1.3    -1.1    67.4     5.7 C     3.1    -8.0    -2.7
54794 201702  2.423  -70.9277   43.1716     4.5    -6.3    -0.9    -0.9   106.1     8.7 C     3.4   -10.3    -3.5
54794 201703  2.423  -70.9277   43.1716     3.4    -6.3    -1.4    -1.3   103.4    12.6 C     8.1    -9.2    -1.7
54794 201704  2.423  -70.9277   43.1716    14.7     3.4     9.0     9.1   134.2    14.4 C    22.2     1.7     9.6
54794 201705  2.423  -70.9277   43.1716    16.6     6.8    11.7    11.9   164.2    15.3 C    22.2     5.7    12.4
54794 201706  2.423  -70.9277   43.1716    24.4    12.2    18.3    18.6    93.8    20.2 C    28.6    10.9    18.4
54794 201707  2.423  -70.9277   43.1716    26.3    14.5    20.4    20.4    69.1    20.3 C    33.1    13.2    21.1
