53008 200912  6.101 -103.1744   34.5119 -9999.0 -9999.0 -9999.0 -9999.0 -9999.0 -9999.0 U -9999.0 -9999.0 -9999.0
53008 201001  6.101 -103.1744   34.5119    10.6    -6.4     2.1     1.4    21.7 -9999.0 U -9999.0 -9999.0 -9999.0
53008 201002  6.101 -103.1744   34.5119     7.5    -4.6     1.5     1.2    25.1 -9999.0 U -9999.0 -9999.0 -9999.0
53008 201003  6.101 -103.1744   34.5119    16.6    -0.6     8.0     7.9    17.0 -9999.0 U -9999.0 -9999.0 -9999.0
53008 201004  6.101 -103.1744   34.5119    21.7     4.4    13.0    13.3    20.5 -9999.0 U -9999.0 -9999.0 -9999.0
53008 201005  6.101 -103.1744   34.5119    25.8     8.5    17.2    17.6    37.5 -9999.0 U -9999.0 -9999.0 -9999.0
53008 201006  6.101 -103.1744   34.5119    33.6    16.0    24.8    24.8    54.5 -9999.0 U -9999.0 -9999.0 -9999.0
53008 201007  6.101 -103.1744   34.5119    30.4    17.2    23.8    23.3   115.4 -9999.0 U -9999.0 -9999.0 -9999.0
53008 201008  6.101 -103.1744   34.5119    32.4    16.3    24.4    24.0    93.1 -9999.0 U -9999.0 -9999.0 -9999.0
53008 201009  6.101 -103.1744   34.5119    30.8    14.0    22.4    21.9    14.0 -9999.0 U -9999.0 -9999.0 -9999.0
53008 201010  6.101 -103.1744   34.5119    24.0     6.2    15.1    15.0    19.7 -9999.0 U -9999.0 -9999.0 -9999.0
53008 201011  6.101 -103.1744   34.5119    16.4    -2.4     7.0     6.8    18.0 -9999.0 U -9999.0 -9999.0 -9999.0
53008 201012  6.101 -103.1744   34.5119    13.1    -3.4     4.8     4.9     2.1 -9999.0 U -9999.0 -9999.0 -9999.0
53008 201101  6.101 -103.1744   34.5119    12.2    -8.0     2.1     1.6     0.0 -9999.0 U -9999.0 -9999.0 -9999.0
53008 201102  6.101 -103.1744   34.5119    12.0    -7.0     2.5     2.4     3.7 -9999.0 U -9999.0 -9999.0 -9999.0
53008 201103  6.101 -103.1744   34.5119    21.6     0.4    11.0    11.0     1.0 -9999.0 U -9999.0 -9999.0 -9999.0
53008 201104  6.101 -103.1744   34.5119    25.4     4.8    15.1    16.0     0.7 -9999.0 U -9999.0 -9999.0 -9999.0
53008 201105  6.101 -103.1744   34.5119    27.9     8.5    18.2    19.0     0.0 -9999.0 U -9999.0 -9999.0 -9999.0
53008 201106  6.101 -103.1744   34.5119    35.9    16.5    26.2    26.8    41.8 -9999.0 U -9999.0 -9999.0 -9999.0
53008 201107  6.101 -103.1744   34.5119    35.6    19.1    27.3    27.5     3.7 -9999.0 U -9999.0 -9999.0 -9999.0
53008 201108  6.101 -103.1744   34.5119    35.6    19.0    27.3    27.1    61.2 -9999.0 U -9999.0 -9999.0 -9999.0
53008 201109  6.101 -103.1744   34.5119    28.4    12.4    20.4    20.1    31.9 -9999.0 U -9999.0 -9999.0 -9999.0
53008 201110  6.101 -103.1744   34.5119    24.2     6.0    15.1    14.8    25.9 -9999.0 U -9999.0 -9999.0 -9999.0
53008 201111  6.101 -103.1744   34.5119    16.3    -0.4     8.0     7.8     5.6 -9999.0 U -9999.0 -9999.0 -9999.0
53008 201112  6.101 -103.1744   34.5119     5.8    -3.9     1.0     0.6    33.8 -9999.0 U -9999.0 -9999.0 -9999.0
53008 201201  6.101 -103.1744   34.5119    13.9    -3.8     5.1     4.8     0.2 -9999.0 U -9999.0 -9999.0 -9999.0
53008 201202  6.101 -103.1744   34.5119    11.8    -3.2     4.3     4.1     4.5 -9999.0 U -9999.0 -9999.0 -9999.0
53008 201203  6.101 -103.1744   34.5119    21.5     1.9    11.7    11.9     5.1 -9999.0 U -9999.0 -9999.0 -9999.0
53008 201204  6.101 -103.1744   34.5119    25.9     7.1    16.5    16.6     4.1 -9999.0 U -9999.0 -9999.0 -9999.0
53008 201205  6.101 -103.1744   34.5119    28.1    10.6    19.3    19.9    37.6 -9999.0 U -9999.0 -9999.0 -9999.0
53008 201206  6.101 -103.1744   34.5119    34.1    16.4    25.2    25.3    28.2 -9999.0 U -9999.0 -9999.0 -9999.0
53008 201207  6.101 -103.1744   34.5119    33.6    17.8    25.7    25.7    16.8 -9999.0 U -9999.0 -9999.0 -9999.0
53008 201208  6.101 -103.1744   34.5119    33.4    17.1    25.3    25.1    21.1 -9999.0 U -9999.0 -9999.0 -9999.0
53008 201209  6.101 -103.1744   34.5119    28.5    12.6    20.5    20.3    52.6 -9999.0 U -9999.0 -9999.0 -9999.0
53008 201210  6.101 -103.1744   34.5119    22.4     5.4    13.9    13.7    18.5 -9999.0 U -9999.0 -9999.0 -9999.0
53008 201211  6.101 -103.1744   34.5119    19.3     0.7    10.0     9.7     1.0 -9999.0 U -9999.0 -9999.0 -9999.0
53008 201212  6.101 -103.1744   34.5119    12.7    -4.5     4.1     3.7     3.1 -9999.0 U -9999.0 -9999.0 -9999.0
53008 201301  6.101 -103.1744   34.5119    10.2    -5.3     2.4     2.1    10.4 -9999.0 U -9999.0 -9999.0 -9999.0
53008 201302  6.101 -103.1744   34.5119    11.7    -5.0     3.4     3.3     5.4 -9999.0 U -9999.0 -9999.0 -9999.0
53008 201303  6.101 -103.1744   34.5119    18.4    -0.1     9.2     9.4     1.4 -9999.0 U -9999.0 -9999.0 -9999.0
53008 201304  6.101 -103.1744   34.5119    21.9     1.8    11.9    12.4     0.2 -9999.0 U -9999.0 -9999.0 -9999.0
53008 201305  6.101 -103.1744   34.5119    27.5     9.4    18.5    18.9    16.8 -9999.0 U -9999.0 -9999.0 -9999.0
53008 201306  6.101 -103.1744   34.5119    32.7    16.3    24.5    24.6    89.2 -9999.0 U -9999.0 -9999.0 -9999.0
53008 201307  6.101 -103.1744   34.5119    30.3    16.9    23.6    23.6    76.0 -9999.0 U -9999.0 -9999.0 -9999.0
53008 201308  6.101 -103.1744   34.5119    32.3    16.6    24.4    24.2    35.9 -9999.0 U -9999.0 -9999.0 -9999.0
53008 201309  6.101 -103.1744   34.5119    28.1    13.6    20.9    20.7    67.0 -9999.0 U -9999.0 -9999.0 -9999.0
53008 201310  6.101 -103.1744   34.5119    21.9     4.1    13.0    13.0     2.6 -9999.0 U -9999.0 -9999.0 -9999.0
53008 201311  6.101 -103.1744   34.5119    13.9    -1.2     6.3     6.2    24.4 -9999.0 U -9999.0 -9999.0 -9999.0
53008 201312  6.101 -103.1744   34.5119     9.7    -5.5     2.1     1.5     4.8 -9999.0 U -9999.0 -9999.0 -9999.0
53008 201401  6.101 -103.1744   34.5119    11.9    -6.9     2.5     2.3     0.0 -9999.0 U -9999.0 -9999.0 -9999.0
53008 201402  6.101 -103.1744   34.5119    12.9    -3.9     4.5     4.2     2.5 -9999.0 U -9999.0 -9999.0 -9999.0
53008 201403  6.101 -103.1744   34.5119    17.2    -1.6     7.8     8.2     9.2 -9999.0 U -9999.0 -9999.0 -9999.0
53008 201404  6.101 -103.1744   34.5119    22.2     3.7    12.9    13.4     7.8 -9999.0 U -9999.0 -9999.0 -9999.0
53008 201405  6.101 -103.1744   34.5119    26.7     9.0    17.9    18.3    89.7 -9999.0 U -9999.0 -9999.0 -9999.0
53008 201406  6.101 -103.1744   34.5119 -9999.0 -9999.0 -9999.0 -9999.0 -9999.0 -9999.0 U -9999.0 -9999.0 -9999.0
