94085 200610  1.301 -100.3530   44.0194 -9999.0 -9999.0 -9999.0 -9999.0 -9999.0 -9999.0 U -9999.0 -9999.0 -9999.0
94085 200611  1.301 -100.3530   44.0194     8.0    -4.0     2.0     1.6 -9999.0     7.0 R    11.4    -6.0     0.7
94085 200612  1.301 -100.3530   44.0194     4.7    -7.7    -1.5    -1.6     6.6     5.5 R     7.0   -10.0    -2.7
94085 200701  1.301 -100.3530   44.0194     1.8   -11.0    -4.6    -5.0     2.0     7.5 R     4.6   -13.4    -5.9
94085 200702  1.301 -100.3530   44.0194    -4.1   -13.3    -8.7    -8.6    13.4     8.8 R    -0.5   -14.7    -8.6
94085 200703  1.301 -100.3530   44.0194    12.4    -1.1     5.6     5.5    64.9    13.7 R    19.7    -2.6     5.9
94085 200704  1.301 -100.3530   44.0194    13.2     0.3     6.8     6.7    28.2    19.0 R    28.3    -1.5     9.0
94085 200705  1.301 -100.3530   44.0194    22.3     8.6    15.4    15.6    86.0    22.8 R    39.0     7.7    18.7
94085 200706  1.301 -100.3530   44.0194    26.7    13.8    20.3    20.2    60.5    24.6 R    38.7    12.9    22.5
94085 200707  1.301 -100.3530   44.0194    34.0    17.8    25.9    25.9     2.3    25.6 R    53.4    16.2    29.9
94085 200708  1.302 -100.3530   44.0194    29.4    16.4    22.9    22.3    57.3    17.8 R    43.6    15.4    24.9
94085 200709  1.302 -100.3530   44.0194    26.1    10.2    18.2    18.1    35.5    17.4 R    37.5     8.0    19.2
94085 200710  1.302 -100.3530   44.0194    17.0     4.1    10.5    10.4    63.1    10.8 R    23.1     2.2    10.1
94085 200711  1.302 -100.3530   44.0194     8.6    -3.9     2.3     2.2     0.4     8.1 R    13.6    -6.3     1.7
94085 200712  1.302 -100.3530   44.0194    -0.5   -10.3    -5.4    -5.1    18.2     5.4 R     0.2   -12.3    -6.0
94085 200801  1.302 -100.3530   44.0194    -0.9   -13.3    -7.1    -7.1     7.8     6.9 R    -0.1   -14.9    -8.0
94085 200802  1.302 -100.3530   44.0194     1.4   -11.8    -5.2    -5.5    11.4    10.2 R     3.9   -12.4    -5.4
94085 200803  1.302 -100.3530   44.0194     7.6    -5.2     1.2     0.8    23.3    13.5 R    15.7    -6.5     1.4
94085 200804  1.302 -100.3530   44.0194    14.4    -1.1     6.6     6.6    20.2    19.5 R    26.1    -3.4     7.9
94085 200805  1.302 -100.3530   44.0194    17.8     5.7    11.8    11.7   108.9    18.2 R    27.8     4.2    12.9
94085 200806  1.302 -100.3530   44.0194    23.5    11.4    17.5    17.6   130.8    24.5 R    34.2    10.4    19.3
94085 200807  1.302 -100.3530   44.0194    30.3    15.8    23.0    22.9    37.5    25.1 R    38.5    14.4    24.0
94085 200808  1.302 -100.3530   44.0194    30.9    15.6    23.3    23.0    19.1    23.1 R    51.3    13.5    26.5
94085 200809  1.302 -100.3530   44.0194    23.4     9.5    16.5    16.3    95.4    16.3 R    35.2     6.8    16.7
94085 200810  1.302 -100.3530   44.0194    14.8     3.4     9.1     8.9    44.7    10.2 R    19.3     0.8     7.7
94085 200811  1.302 -100.3530   44.0194     6.6    -3.5     1.5     1.4    32.7     6.2 R     9.3    -5.1     0.8
94085 200812  1.302 -100.3530   44.0194    -1.1   -13.4    -7.3    -7.3    13.5     5.9 R    -2.1   -16.1    -9.4
94085 200901  1.302 -100.3530   44.0194     0.2   -12.1    -6.0    -6.2     7.5     6.8 R     2.6   -14.5    -7.0
94085 200902  1.302 -100.3530   44.0194     2.8    -9.4    -3.3    -4.0    38.1     9.7 R     8.5   -10.8    -3.9
94085 200903  1.302 -100.3530   44.0194     6.5    -6.8    -0.1    -0.4    20.3    14.8 R    13.8    -8.2    -0.2
94085 200904  1.302 -100.3530   44.0194    12.2     0.0     6.1     5.9    34.8    18.3 R    25.9    -2.3     7.4
94085 200905  1.302 -100.3530   44.0194    21.1     6.1    13.6    13.8    18.4    24.0 R    38.7     4.0    17.0
94085 200906  1.302 -100.3530   44.0194    23.7    12.0    17.9    17.8    88.9    22.8 R    39.7    10.8    20.7
94085 200907  1.302 -100.3530   44.0194    27.2    14.0    20.6    20.5   105.9    23.3 R    45.3    12.6    23.5
94085 200908  1.302 -100.3530   44.0194    27.2    13.1    20.2    19.9   119.1    21.1 R    43.4    11.6    22.3
94085 200909  1.302 -100.3530   44.0194    24.5    10.8    17.6    17.1    15.2    17.0 R    36.6     8.9    18.4
94085 200910  1.302 -100.3530   44.0194     8.3     0.2     4.3     4.1    94.2     6.9 R    14.9    -1.0     4.5
94085 200911  1.302 -100.3530   44.0194    12.3    -1.2     5.5     5.0     0.8     8.9 R    16.5    -5.4     3.1
94085 200912  1.302 -100.3530   44.0194 -9999.0 -9999.0 -9999.0 -9999.0    10.4     5.5 R    -5.7   -15.2   -10.3
94085 201001  1.302 -100.3530   44.0194 -9999.0 -9999.0 -9999.0 -9999.0    10.6     6.9 R    -1.2   -13.2    -8.1
94085 201002  1.302 -100.3530   44.0194    -6.3   -13.9   -10.1    -9.7    12.4    11.4 R    -3.1   -15.7    -9.5
94085 201003  1.302 -100.3530   44.0194     6.9    -2.3     2.3     2.2    34.3    12.1 R    14.7    -3.6     2.8
94085 201004  1.302 -100.3530   44.0194    16.5     3.4     9.9     9.7    55.6    18.1 R    29.7     0.3    10.5
94085 201005  1.302 -100.3530   44.0194    18.4     6.5    12.4    12.5    90.5    21.3 R    32.7     4.9    14.7
94085 201006  2.402 -100.3530   44.0194    24.8    13.4    19.1    19.0   115.9    23.5 R    44.6    12.4    23.3
94085 201007  2.402 -100.3530   44.0194    29.3    16.0    22.7    22.6    81.6    24.8 R    46.4    15.6    26.9
94085 201008  2.402 -100.3530   44.0194    31.6    16.7    24.2    23.9    48.2    21.9 R    45.0    15.3    26.3
94085 201009  2.402 -100.3530   44.0194    22.8     8.9    15.9    15.6    57.2    16.2 R    35.7     8.9    18.5
94085 201010  2.402 -100.3530   44.0194    18.9     4.6    11.7    11.1    36.7    13.0 R    28.1     3.1    12.4
94085 201011  2.402 -100.3530   44.0194     6.8    -4.7     1.1     0.7     5.3     7.6 R    12.1    -5.6     1.7
94085 201012  2.402 -100.3530   44.0194    -2.5   -11.8    -7.2    -7.1    18.0     5.0 R    -0.5   -13.0    -7.0
94085 201101  2.402 -100.3530   44.0194    -4.8   -15.0    -9.9    -9.5 -9999.0     6.8 R    -3.8   -15.6    -9.1
94085 201102  2.402 -100.3530   44.0194    -3.3   -13.2    -8.2    -7.9 -9999.0    12.0 R    -1.3   -14.2    -8.0
94085 201103  2.402 -100.3530   44.0194     2.2    -6.5    -2.1    -2.3 -9999.0    13.2 R     6.6    -6.6    -0.9
94085 201104  2.402 -100.3530   44.0194    11.7     0.8     6.3     6.0    59.2    15.7 R    28.4     3.3    12.2
94085 201105  2.402 -100.3530   44.0194    17.6     6.2    11.9    12.0    87.5    19.3 R    36.0     8.8    18.8
94085 201106  2.402 -100.3530   44.0194    24.6    11.8    18.2    18.3   186.7    23.4 R    43.6    16.0    26.2
94085 201107  2.402 -100.3530   44.0194    30.3    18.5    24.4    24.5    99.3    24.4 R    46.1    21.4    30.6
94085 201108  2.402 -100.3530   44.0194    29.1    15.5    22.3    22.0    56.1    21.0 R    48.8    16.8    27.7
94085 201109  2.402 -100.3530   44.0194    23.9     8.5    16.2    15.9    16.5    18.0 R    41.5     6.2    18.8
94085 201110  2.402 -100.3530   44.0194    18.5     4.6    11.6    11.3    24.7    11.6 R    28.7     2.5    11.8
94085 201111  2.402 -100.3530   44.0194     8.9    -3.9     2.5     2.1     5.6     8.2 R    13.9    -7.2     1.0
94085 201112  2.402 -100.3530   44.0194     3.5    -7.4    -2.0    -2.1     2.4     5.3 R     6.1   -10.1    -3.2
94085 201201  2.402 -100.3530   44.0194     3.6    -8.7    -2.5    -2.8    11.6     6.8 R     5.8   -11.4    -3.7
94085 201202  2.402 -100.3530   44.0194     3.3    -8.7    -2.7    -2.9    28.3    10.5 R    10.0   -10.9    -2.8
94085 201203  2.402 -100.3530   44.0194    17.2     1.8     9.5     9.1     4.4    15.6 R    30.1    -0.6    10.4
94085 201204  2.402 -100.3530   44.0194    17.4     3.6    10.5    10.4   116.2    17.1 R    34.8     2.4    13.7
94085 201205  2.412 -100.3530   44.0194    21.4     7.8    14.6    14.7    60.5    21.0 R    37.6     6.6    17.8
94085 201206  2.412 -100.3530   44.0194    28.8    14.3    21.6    21.6    40.3    26.0 C    41.4    13.3    24.4
94085 201207  2.412 -100.3530   44.0194    35.4    18.8    27.1    26.9     6.2    24.0 C    52.1    17.4    30.5
94085 201208  2.412 -100.3530   44.0194    31.6    13.8    22.7    22.7     8.5    21.8 C    48.2    12.5    26.4
94085 201209  2.412 -100.3530   44.0194    27.1     9.7    18.4    18.4     1.0    18.4 C    40.7     7.2    20.5
94085 201210  2.412 -100.3530   44.0194    15.0     1.0     8.0     7.8     9.6    10.9 C    23.1    -0.5     8.7
94085 201211  2.412 -100.3530   44.0194     8.3    -4.4     1.9     1.8     3.7     6.7 C    11.5    -5.4     1.4
94085 201212  2.412 -100.3530   44.0194    -0.2    -9.9    -5.1    -5.1     7.2     5.6 C     0.2   -11.8    -5.8
94085 201301  2.412 -100.3530   44.0194    -0.7   -11.0    -5.9    -6.0     8.8     7.1 C    -0.4   -11.7    -6.6
94085 201302  2.412 -100.3530   44.0194     1.5    -8.9    -3.7    -3.7    10.6     8.7 C     2.7    -8.5    -3.3
94085 201303  2.412 -100.3530   44.0194     5.3    -7.9    -1.3    -1.6     6.6    14.2 C    12.4    -8.1    -0.1
94085 201304  2.412 -100.3530   44.0194     8.9    -3.5     2.7     2.9    48.6    17.8 C    17.1    -4.4     4.4
94085 201305  2.422 -100.3530   44.0194    20.6     7.1    13.8    13.7   148.1    20.3 C    35.0     5.0    16.4
94085 201306  2.422 -100.3530   44.0194    25.0    12.9    19.0    18.8    41.5    25.3 C    38.1    11.7    21.4
94085 201307  2.422 -100.3530   44.0194    28.7    15.5    22.1    21.8    86.4    24.5 C    44.3    14.3    25.0
94085 201308  2.422 -100.3530   44.0194    27.8    16.3    22.1    21.8   103.3    19.6 C    36.3    15.2    22.9
94085 201309  2.422 -100.3530   44.0194    26.8    12.4    19.6    19.2    40.4    17.3 C    35.3    11.0    19.9
94085 201310  2.422 -100.3530   44.0194    12.2     1.6     6.9     6.8   122.5     9.2 C    15.3     0.5     6.5
94085 201311  2.422 -100.3530   44.0194     7.3    -5.7     0.8     0.7     4.4     8.2 C     8.9    -8.0    -0.6
94085 201312  2.422 -100.3530   44.0194    -3.9   -15.0    -9.4    -9.6    21.3     6.1 C    -3.8   -16.7   -10.4
94085 201401  2.422 -100.3530   44.0194     0.5   -12.5    -6.0    -6.0     2.1     6.8 C     0.7   -13.1    -6.4
94085 201402  2.422 -100.3530   44.0194    -3.0   -15.4    -9.2    -9.2    10.0    11.0 C    -1.4   -17.8    -9.8
94085 201403  2.422 -100.3530   44.0194     6.4    -7.8    -0.7    -1.1     7.6    14.2 C    10.1    -9.7    -1.3
94085 201404  2.422 -100.3530   44.0194    14.6     0.1     7.3     7.4    60.6    18.0 C    24.6    -3.2     8.2
94085 201405  2.422 -100.3530   44.0194    19.7     7.2    13.4    13.4    65.4    22.4 C    32.0     5.0    15.5
94085 201406  2.422 -100.3530   44.0194    23.5    11.7    17.6    17.7    68.5    22.8 C    33.9    11.4    19.9
94085 201407  2.422 -100.3530   44.0194    29.2    14.5    21.9    21.8    11.8    26.0 C    44.5    12.9    25.3
94085 201408  2.422 -100.3530   44.0194    27.6    15.3    21.5    20.9   130.0    17.1 C    40.4    14.3    23.3
94085 201409  2.422 -100.3530   44.0194    24.4     9.5    17.0    16.6     9.9    16.4 C    36.2     8.2    18.4
94085 201410  2.422 -100.3530   44.0194    18.5     3.8    11.1    10.9     5.9    12.2 C    26.8     1.1    10.8
94085 201411  2.422 -100.3530   44.0194     3.4    -9.0    -2.8    -2.8    15.6     6.9 C     6.0   -10.6    -3.2
94085 201412  2.422 -100.3530   44.0194     1.6    -8.9    -3.6    -3.8    24.0     5.4 C     3.3   -10.8    -4.6
94085 201501  2.422 -100.3530   44.0194     1.3    -9.8    -4.2    -4.4     3.3     6.9 C     3.6   -12.0    -5.3
94085 201502  2.422 -100.3530   44.0194     1.7   -13.4    -5.9    -5.9     4.2    10.3 C     6.8   -15.6    -5.7
94085 201503  2.422 -100.3530   44.0194    13.8    -2.7     5.6     5.3     9.4    15.5 C    23.7    -6.6     5.7
94085 201504  2.422 -100.3530   44.0194    16.7     2.0     9.3     9.6     8.9    18.8 C    31.0    -0.7    11.9
94085 201505  2.422 -100.3530   44.0194    18.5     6.4    12.5    12.4   112.0    16.9 C    28.5     4.6    14.2
94085 201506  2.422 -100.3530   44.0194    26.6    14.2    20.4    20.3   100.9    23.8 C    42.3    12.7    23.6
94085 201507  2.422 -100.3530   44.0194    30.1    15.9    23.0    23.1    40.0    25.7 C    43.3    14.6    26.2
94085 201508  2.422 -100.3530   44.0194    28.9    15.2    22.1    21.8    65.4    20.1 C    42.8    13.5    24.5
94085 201509  2.422 -100.3530   44.0194    27.0    12.3    19.6    19.0    26.6    15.7 C    38.8    10.6    20.5
94085 201510  2.422 -100.3530   44.0194    18.1     5.7    11.9    11.4    25.2    10.6 C    24.7     3.0    11.0
94085 201511  2.422 -100.3530   44.0194     9.3    -2.7     3.3     2.8    33.8     6.9 C    12.7    -5.2     1.5
94085 201512  2.422 -100.3530   44.0194    -0.2    -8.0    -4.1    -4.0    30.8     5.5 C    -0.3    -9.4    -5.1
94085 201601  2.422 -100.3530   44.0194    -2.0   -10.4    -6.2    -6.2    10.7     6.9 C    -2.6   -11.4    -7.0
94085 201602  2.422 -100.3530   44.0194     5.5    -4.9     0.3     0.2    23.3     8.8 C     7.8    -5.6    -0.4
94085 201603  2.422 -100.3530   44.0194    12.0    -2.2     4.9     4.6    24.0    14.1 C    19.5    -4.9     4.6
94085 201604  2.422 -100.3530   44.0194    15.0     1.5     8.3     8.3    89.9    16.0 C    23.4    -0.1     9.6
94085 201605  2.422 -100.3530   44.0194    21.0     7.2    14.1    14.1    50.2    23.3 C    34.7     5.5    16.6
94085 201606  2.422 -100.3530   44.0194    29.2    14.3    21.7    22.0    45.1    27.4 C    41.9    13.2    25.0
94085 201607  2.422 -100.3530   44.0194    31.7    16.0    23.9    23.5    63.9    22.2 C    47.2    15.3    27.5
94085 201608  2.422 -100.3530   44.0194    30.1    15.2    22.7    22.2    49.7    21.4 C    43.5    14.3    25.6
94085 201609  2.422 -100.3530   44.0194    24.7    10.5    17.6    17.2    83.2    16.0 C    34.0     9.6    18.8
94085 201610  2.422 -100.3530   44.0194    19.5     4.9    12.2    11.5    16.7    11.4 C    25.5     3.9    11.8
94085 201611  2.422 -100.3530   44.0194    11.9     0.4     6.1     5.9     8.9     7.5 C    15.4    -1.6     5.0
94085 201612  2.422 -100.3530   44.0194    -4.4   -13.7    -9.1    -8.6    25.6     6.4 C    -3.4   -14.8    -9.2
94085 201701  2.422 -100.3530   44.0194    -4.8   -12.0    -8.4    -8.1    10.3     7.7 C    -2.9   -12.5    -8.3
94085 201702  2.422 -100.3530   44.0194     5.3    -6.1    -0.4    -0.8     3.6    10.6 C     8.4    -6.9    -1.0
94085 201703  2.422 -100.3530   44.0194     9.3    -3.7     2.8     2.5    15.1    13.1 C    18.3    -4.6     3.9
94085 201704  2.422 -100.3530   44.0194    15.1     1.5     8.3     8.2    48.8    17.9 C    26.5     0.3    10.4
94085 201705  2.422 -100.3530   44.0194    20.6     7.0    13.8    14.0    49.2    22.4 C    32.3     5.7    16.5
94085 201706  2.422 -100.3530   44.0194    27.5    12.9    20.2    20.4   102.4    25.9 C    39.4    11.9    23.0
94085 201707  2.422 -100.3530   44.0194    34.4    16.8    25.6    25.5    14.5    24.5 C    50.4    16.2    30.0
