13301 200506  1.201  -93.1470   39.8668 -9999.0 -9999.0 -9999.0 -9999.0 -9999.0 -9999.0 U -9999.0 -9999.0 -9999.0
13301 200507  1.201  -93.1470   39.8668    31.2    18.3    24.8    24.9    20.3    21.5 R -9999.0 -9999.0    25.6
13301 200508  1.201  -93.1470   39.8668    30.4    18.5    24.5    24.3   109.2    17.2 R -9999.0 -9999.0    25.4
13301 200509  1.201  -93.1470   39.8668    27.1    14.8    21.0    20.8    76.3    14.8 R -9999.0 -9999.0    20.7
13301 200510  1.201  -93.1470   39.8668    18.2     6.9    12.6    12.4    93.7    10.8 R -9999.0 -9999.0    11.6
13301 200511  1.201  -93.1470   39.8668    12.5     0.7     6.6     6.8    26.5     7.3 R -9999.0 -9999.0     5.9
13301 200512  1.201  -93.1470   39.8668     1.1    -6.7    -2.8    -2.5    39.6     5.4 R -9999.0 -9999.0    -3.1
13301 200601  1.201  -93.1470   39.8668     7.9    -1.4     3.3     3.1    50.9     5.8 R -9999.0 -9999.0     2.2
13301 200602  1.201  -93.1470   39.8668     5.7    -6.9    -0.6    -0.6     8.5    10.4 R -9999.0 -9999.0    -0.7
13301 200603  1.201  -93.1470   39.8668    11.7     0.4     6.1     6.0    99.6    11.1 R -9999.0 -9999.0     6.0
13301 200604  1.201  -93.1470   39.8668    21.0     7.9    14.4    14.7    80.1    17.0 R -9999.0 -9999.0    13.9
13301 200605  1.301  -93.1470   39.8668    22.8    11.0    16.9    17.1    72.2    21.3 R    28.3     9.8    17.6
13301 200606  1.301  -93.1470   39.8668    27.8    16.2    22.0    22.1   104.8    24.1 R    32.3    15.3    22.6
13301 200607  1.301  -93.1470   39.8668    31.3    19.5    25.4    25.3    87.8    25.2 R    37.0    18.7    26.4
13301 200608  1.301  -93.1470   39.8668    29.5    18.7    24.1    23.9   116.8    20.2 R    35.8    18.2    25.1
13301 200609  1.301  -93.1470   39.8668    23.6    11.1    17.4    17.2    28.1    16.8 R    28.5    10.3    17.8
13301 200610  1.301  -93.1470   39.8668    16.5     4.9    10.7    10.7    78.8    11.1 R    19.6     3.9    10.8
13301 200611  1.301  -93.1470   39.8668    12.8     1.5     7.1     6.8    59.8     8.6 R    15.5     0.6     6.7
13301 200612  1.301  -93.1470   39.8668     6.8    -3.3     1.8     2.1    44.5     7.2 R     9.3    -4.4     1.9
13301 200701  1.301  -93.1470   39.8668     2.4    -7.4    -2.5    -2.4    23.6     7.6 R     5.3    -8.2    -2.3
13301 200702  1.301  -93.1470   39.8668     0.7    -9.0    -4.2    -4.2    62.3    11.7 R     4.7   -10.0    -3.7
13301 200703  1.301  -93.1470   39.8668    15.6     3.8     9.7     9.6    81.8    13.6 R    20.8     2.8    10.1
13301 200704  1.301  -93.1470   39.8668    16.1     3.6     9.9    10.3    69.1    20.2 R    21.0     2.9    10.8
13301 200705  1.302  -93.1470   39.8668    24.5    14.1    19.3    19.4   142.5    20.7 R    30.9    13.0    20.1
13301 200706  1.302  -93.1470   39.8668    26.9    16.8    21.8    22.0   140.9    23.0 R    37.0    15.9    23.6
13301 200707  1.302  -93.1470   39.8668    29.2    17.8    23.5    23.6    31.0    24.9 R    37.3    16.3    24.4
13301 200708  1.302  -93.1470   39.8668    32.0    20.3    26.2    25.9   109.9    21.0 R    41.5    19.5    27.3
13301 200709  1.302  -93.1470   39.8668    27.1    13.1    20.1    20.1    56.0    18.1 R    33.8    11.3    20.2
13301 200710  1.302  -93.1470   39.8668    20.1     8.5    14.3    14.3   114.0    12.2 R    24.6     6.5    13.5
13301 200711  1.302  -93.1470   39.8668    11.4    -1.1     5.2     5.4    13.4     8.8 R    15.7    -3.6     4.3
13301 200712  1.302  -93.1470   39.8668     2.1    -6.7    -2.3    -2.3    71.4     5.3 R     6.8    -8.7    -3.1
13301 200801  1.302  -93.1470   39.8668     2.0    -9.1    -3.5    -3.3    18.0     7.6 R     5.9   -11.6    -4.1
13301 200802  1.302  -93.1470   39.8668     1.3    -8.1    -3.4    -3.6    91.2    10.1 R     7.3    -9.8    -3.3
13301 200803  1.302  -93.1470   39.8668    10.5    -1.7     4.4     4.3    84.0    13.9 R    19.3    -3.9     4.7
13301 200804  1.302  -93.1470   39.8668    15.5     4.6    10.0    10.0   137.6    15.9 R    23.4     2.6    10.3
13301 200805  1.302  -93.1470   39.8668    21.4     9.8    15.6    15.9    94.1    20.1 R    24.8     7.8    15.4
13301 200806  1.302  -93.1470   39.8668    27.2    15.8    21.5    21.8   376.4    21.5 R    31.9    14.4    21.9
13301 200807  1.302  -93.1470   39.8668    28.6    18.7    23.6    23.6   266.0    21.9 R    33.5    17.4    23.8
13301 200808  1.302  -93.1470   39.8668    27.6    16.4    22.0    21.9    28.7    21.2 R    36.4    14.7    22.8
13301 200809  1.302  -93.1470   39.8668    23.3    12.9    18.1    18.0   317.3    15.1 R    27.4    11.4    17.9
13301 200810  1.302  -93.1470   39.8668    17.9     6.0    12.0    12.1    56.6    12.5 R    20.3     4.1    11.1
13301 200811  1.302  -93.1470   39.8668     9.5    -0.5     4.5     4.6    57.2     7.4 R    12.4    -2.1     4.1
13301 200812  1.302  -93.1470   39.8668     2.4    -9.6    -3.6    -3.5    64.5     6.2 R     4.2   -11.5    -4.0
13301 200901  1.302  -93.1470   39.8668     1.1   -10.5    -4.7    -4.5     4.0     8.0 R     5.3   -12.1    -4.7
13301 200902  1.302  -93.1470   39.8668     7.0    -5.1     0.9     0.9    36.4    10.9 R    12.0    -7.4     0.6
13301 200903  1.302  -93.1470   39.8668    12.4     0.5     6.5     6.3   150.4    14.0 R    19.2    -1.4     6.6
13301 200904  1.302  -93.1470   39.8668    15.9     5.1    10.5    10.7   123.7    16.2 R    23.5     2.8    10.9
13301 200905  2.402  -93.1470   39.8668    22.0    10.9    16.4    16.6    82.1    20.9 R    28.8     9.0    16.9
13301 200906  2.402  -93.1470   39.8668    27.5    16.9    22.2    22.3   168.2    21.9 R    39.5    15.9    23.8
13301 200907  2.402  -93.1470   39.8668    26.7    16.0    21.4    21.5   112.4    22.0 R    32.9    14.6    21.8
13301 200908  2.402  -93.1470   39.8668    26.4    16.2    21.3    21.3   212.2    19.8 R    31.3    15.1    21.4
13301 200909  2.402  -93.1470   39.8668    24.0    12.7    18.3    17.9    24.8    16.7 R    29.2    10.8    17.8
13301 200910  2.402  -93.1470   39.8668    13.7     4.4     9.0     9.2   172.8     8.3 R    17.4     3.1     9.1
13301 200911  2.402  -93.1470   39.8668    13.6     3.9     8.7     8.6    77.3     7.5 R    17.1     1.9     7.9
13301 200912  2.402  -93.1470   39.8668     1.6    -7.0    -2.7    -2.8    52.3     5.6 R     4.8    -8.7    -3.1
13301 201001  2.402  -93.1470   39.8668    -3.3   -10.4    -6.8    -6.6    30.5     6.5 R     0.7   -11.9    -6.7
13301 201002  2.402  -93.1470   39.8668    -0.6   -10.8    -5.7    -5.0    44.2    10.9 R     2.8   -13.3    -5.8
13301 201003  2.402  -93.1470   39.8668    10.5     0.8     5.6     5.7    59.4    12.3 R    16.6    -0.9     5.3
13301 201004  2.402  -93.1470   39.8668    20.8     8.3    14.6    14.9   133.8    18.6 R    26.8     6.2    14.7
13301 201005  2.402  -93.1470   39.8668    21.4    11.5    16.4    16.6   193.5    20.2 R    28.7     9.7    17.4
13301 201006  2.402  -93.1470   39.8668    29.1    18.4    23.7    23.9   239.1    23.9 R    35.6    18.0    24.9
13301 201007  2.402  -93.1470   39.8668    29.9    20.3    25.1    25.0   211.0    22.7 R    35.9    19.7    26.0
13301 201008  2.402  -93.1470   39.8668    30.7    19.6    25.1    24.9    98.8    23.7 R    35.9    18.9    25.9
13301 201009  2.402  -93.1470   39.8668    24.8    13.5    19.2    18.9   207.7    17.8 R    28.3    12.6    19.1
13301 201010  2.402  -93.1470   39.8668    21.0     6.5    13.8    13.7    23.4    15.3 R    23.6     4.7    12.9
13301 201011  2.402  -93.1470   39.8668    12.6     0.3     6.4     6.1    35.1     9.0 R    15.3    -1.0     5.6
13301 201012  2.402  -93.1470   39.8668     1.7    -7.4    -2.8    -2.7    20.1     6.4 R     4.3    -8.4    -2.8
13301 201101  2.402  -93.1470   39.8668    -1.9   -10.7    -6.3    -6.1    37.5     7.9 R     0.7   -12.1    -6.2
13301 201102  2.402  -93.1470   39.8668     2.1    -7.6    -2.7    -2.4    63.7    10.9 R     5.0    -9.1    -2.8
13301 201103  2.402  -93.1470   39.8668    10.3     0.3     5.3     5.3    48.3    12.3 R    18.0    -1.0     5.8
13301 201104  2.402  -93.1470   39.8668    17.6     6.3    12.0    12.1   115.5    15.5 R    24.7     4.2    12.3
13301 201105  2.402  -93.1470   39.8668    21.9    10.9    16.4    16.8    89.5    18.9 R    31.3     9.1    17.5
13301 201106  2.402  -93.1470   39.8668    27.8    17.7    22.7    22.8   122.0    21.3 R    37.3    16.4    24.1
13301 201107  2.402  -93.1470   39.8668    31.8    22.0    26.9    26.9   112.1    23.2 R    39.0    21.3    28.2
13301 201108  2.402  -93.1470   39.8668    29.9    18.6    24.3    24.0    55.1    20.5 R    37.8    17.7    25.1
13301 201109  2.402  -93.1470   39.8668    23.5    10.9    17.2    17.1    21.5    17.5 R    28.9     9.3    17.2
13301 201110  2.402  -93.1470   39.8668    21.2     6.2    13.7    13.7    12.9    13.6 R    26.7     4.0    13.2
13301 201111  2.402  -93.1470   39.8668    12.4     1.4     6.9     6.9   146.2     7.5 R    15.0    -0.1     6.4
13301 201112  2.402  -93.1470   39.8668     6.8    -3.1     1.9     1.9    69.1     6.1 R     9.4    -4.6     1.4
13301 201201  2.402  -93.1470   39.8668     6.5    -5.6     0.5     0.2    15.5     8.1 R     9.3    -7.6    -0.4
13301 201202  2.402  -93.1470   39.8668     7.5    -2.7     2.4     2.3    64.2    10.7 R    12.7    -4.4     2.3
13301 201203  2.402  -93.1470   39.8668    19.3     7.5    13.4    13.4   113.6    13.7 R    24.2     5.6    12.9
13301 201204  2.412  -93.1470   39.8668    18.7     6.8    12.8    13.1    70.9    17.3 R    26.1     5.2    13.5
13301 201205  2.412  -93.1470   39.8668    25.7    13.4    19.6    20.0    60.5    22.6 C    32.6    11.3    20.5
13301 201206  2.412  -93.1470   39.8668    30.2    16.7    23.5    23.9    37.2    25.9 C    44.2    14.2    26.4
13301 201207  2.412  -93.1470   39.8668    34.3    20.7    27.5    27.6   115.7    25.0 C    45.8    19.2    29.6
13301 201208  2.412  -93.1470   39.8668    31.0    16.4    23.7    23.7    58.4    19.8 C    42.3    14.2    25.0
13301 201209  2.412  -93.1470   39.8668    24.9    11.1    18.0    17.9   110.3    17.4 C    29.2     9.3    17.6
13301 201210  2.412  -93.1470   39.8668    16.9     5.4    11.1    11.1    50.2    11.3 C    20.4     3.9    10.7
13301 201211  2.412  -93.1470   39.8668    12.7     0.3     6.5     6.4    45.9     9.1 C    14.5    -1.5     5.2
13301 201212  2.412  -93.1470   39.8668     6.1    -3.0     1.5     1.5    39.1     5.4 C     7.3    -4.2     0.8
13301 201301  2.412  -93.1470   39.8668     4.7    -6.8    -1.0    -1.4    61.5     7.8 C     6.5    -7.8    -1.9
13301 201302  2.412  -93.1470   39.8668     3.7    -5.8    -1.0    -0.9    75.3    10.8 C     5.9    -7.3    -1.4
13301 201303  2.412  -93.1470   39.8668     6.3    -2.9     1.7     1.8    70.9    13.6 C     9.5    -4.6     1.5
13301 201304  2.412  -93.1470   39.8668    15.6     4.5    10.1     9.9   162.8    16.4 C    19.6     2.9    10.1
13301 201305  2.422  -93.1470   39.8668    21.1    10.5    15.8    16.0   224.7    18.5 C    25.2     8.7    15.8
13301 201306  2.422  -93.1470   39.8668    26.7    16.7    21.7    21.7    66.2    21.1 C    36.9    14.8    22.8
13301 201307  2.422  -93.1470   39.8668    29.0    17.0    23.0    23.3    35.5    23.6 C    42.2    15.0    25.4
13301 201308  2.422  -93.1470   39.8668    30.4    17.4    23.9    23.8     0.4    20.8 C    43.3    15.3    25.4
13301 201309  2.422  -93.1470   39.8668    28.3    14.1    21.2    20.9    46.7    17.4 C    37.8    11.8    21.5
13301 201310  2.422  -93.1470   39.8668    18.8     5.9    12.3    12.2    79.3    11.8 C    25.3     2.9    11.7
13301 201311  2.422  -93.1470   39.8668     9.5    -1.7     3.9     4.1    41.3     7.9 C    12.5    -3.5     3.1
13301 201312  2.422  -93.1470   39.8668     1.8    -9.3    -3.7    -3.6    31.2     6.1 C     2.4   -12.1    -4.9
13301 201401  2.422  -93.1470   39.8668     0.0   -12.2    -6.1    -5.6    19.8     8.0 C     2.2   -13.8    -6.4
13301 201402  2.422  -93.1470   39.8668    -1.2   -12.0    -6.6    -6.2    56.4    10.7 C    -0.1   -15.7    -8.1
13301 201403  2.422  -93.1470   39.8668     9.5    -4.2     2.6     2.6    32.2    15.2 C    16.2    -6.9     2.2
13301 201404  2.422  -93.1470   39.8668    16.8     4.6    10.7    11.2    77.9    15.6 C    23.3     1.9    10.9
13301 201405  2.422  -93.1470   39.8668    23.7    11.8    17.7    17.9    43.5    20.7 C    29.8     9.5    17.9
13301 201406  2.422  -93.1470   39.8668    27.2    17.5    22.3    22.5   151.6    20.8 C    35.1    16.1    23.6
13301 201407  2.422  -93.1470   39.8668    27.2    15.9    21.6    21.9    50.7    23.7 C    34.3    13.8    22.5
13301 201408  2.422  -93.1470   39.8668    28.3    18.8    23.5    23.2   152.9    18.2 C    32.5    17.6    23.4
13301 201409  2.422  -93.1470   39.8668    24.1    12.3    18.2    18.2   276.9    16.6 C    27.2    11.0    17.9
13301 201410  2.422  -93.1470   39.8668    18.2     6.9    12.6    12.6   138.3    11.9 C    22.2     4.6    11.7
13301 201411  2.422  -93.1470   39.8668     7.4    -3.8     1.8     2.0    34.5     8.3 C     9.9    -5.9     1.2
13301 201412  2.422  -93.1470   39.8668     4.3    -2.3     1.0     0.9    33.9     4.5 C     6.6    -3.7     0.7
13301 201501  2.422  -93.1470   39.8668     4.0    -7.7    -1.9    -2.0    35.8     8.2 C     6.2   -10.5    -3.1
13301 201502  2.422  -93.1470   39.8668    -0.7   -11.5    -6.1    -5.7    29.4    12.0 C     3.4   -14.0    -5.8
13301 201503  2.422  -93.1470   39.8668    13.1    -0.1     6.5     6.4    35.8    16.2 C    21.1    -2.9     6.3
13301 201504  2.422  -93.1470   39.8668    19.4     7.0    13.2    13.4    81.2    18.1 C    25.2     3.6    12.8
13301 201505  2.422  -93.1470   39.8668    21.9    12.2    17.1    17.2   113.9    18.0 C    24.8    10.4    16.8
13301 201506  2.422  -93.1470   39.8668    27.4    18.1    22.7    22.5   255.2    18.6 C    30.9    16.6    22.4
13301 201507  2.422  -93.1470   39.8668    28.9    19.1    24.0    23.9   170.9    21.3 C    31.7    17.6    23.6
13301 201508  2.422  -93.1470   39.8668    27.6    16.8    22.2    22.1    50.7    19.5 C    31.0    14.5    21.5
13301 201509  2.422  -93.1470   39.8668    27.7    15.5    21.6    21.3    34.5    17.6 C    34.0    13.0    21.1
13301 201510  2.422  -93.1470   39.8668    19.6     7.0    13.3    13.2    57.5    11.4 C    26.3     3.3    12.3
13301 201511  2.422  -93.1470   39.8668    13.7     2.7     8.2     8.2   152.2     7.3 C    16.3    -0.6     6.5
13301 201512  2.422  -93.1470   39.8668     8.3    -0.2     4.0     3.9   100.0     4.7 C     9.1    -2.8     2.7
13301 201601  2.422  -93.1470   39.8668     1.5    -7.6    -3.1    -2.9    29.8     7.5 C     2.5   -11.2    -4.6
13301 201602  2.422  -93.1470   39.8668     7.9    -3.3     2.3     2.1    21.1    10.5 C    13.8    -7.2     1.4
13301 201603  2.422  -93.1470   39.8668    15.2     3.5     9.4     9.1    62.4    12.2 C    22.1    -0.5     8.5
13301 201604  2.422  -93.1470   39.8668    18.7     6.6    12.6    12.8    62.1    17.0 C    26.2     2.9    12.6
13301 201605  2.422  -93.1470   39.8668    22.2    10.7    16.4    16.6    90.0    18.9 C    31.0     7.2    16.8
13301 201606  2.422  -93.1470   39.8668    30.1    18.1    24.1    24.3   127.2    25.4 C    39.9    15.7    25.5
13301 201607  2.422  -93.1470   39.8668    29.0    19.4    24.2    24.2    95.6    21.0 C    34.8    18.5    25.2
13301 201608  2.422  -93.1470   39.8668    28.2    18.9    23.5    23.4   170.4    18.3 C    34.9    17.9    24.4
13301 201609  2.422  -93.1470   39.8668    26.6    15.5    21.0    20.7    79.8    16.8 C    31.1    14.7    21.4
13301 201610  2.422  -93.1470   39.8668    21.4    10.0    15.7    15.6    58.9    11.3 C    24.1     9.6    16.1
13301 201611  2.422  -93.1470   39.8668    15.1     3.5     9.3     9.2    23.5     8.2 C    17.3     3.0     9.4
13301 201612  2.422  -93.1470   39.8668     2.5    -7.3    -2.4    -2.1    26.6     6.3 C     3.5    -7.7    -2.1
13301 201701  2.422  -93.1470   39.8668     3.3    -5.4    -1.0    -0.9    30.7     4.8 C     4.2    -5.8    -1.0
13301 201702  2.422  -93.1470   39.8668    12.4    -1.4     5.5     5.6     3.6    10.1 C    14.3    -1.8     5.9
13301 201703  2.422  -93.1470   39.8668    12.8     2.0     7.4     7.4    98.4    11.3 C    14.7     1.6     7.7
13301 201704  2.422  -93.1470   39.8668    19.1     8.1    13.6    13.6   122.9    15.9 C    22.6     7.4    14.1
13301 201705  2.422  -93.1470   39.8668    22.9    10.5    16.7    17.0    69.2    21.2 C    31.5     8.0    17.6
13301 201706  2.422  -93.1470   39.8668    28.7    16.1    22.4    22.9   182.8    24.6 C    39.0    13.9    24.0
13301 201707  2.422  -93.1470   39.8668    30.2    19.6    24.9    25.1    92.2    23.8 C    37.3    18.3    26.1
