94077 200308  1.100 -103.7363   42.4247 -9999.0 -9999.0 -9999.0 -9999.0 -9999.0 -9999.0 U -9999.0 -9999.0 -9999.0
94077 200309  1.100 -103.7363   42.4247    22.2     2.6    12.4    12.8    68.7    18.8 R -9999.0 -9999.0    14.3
94077 200310  1.100 -103.7363   42.4247    19.3    -2.4     8.5     8.5     5.8    14.1 R -9999.0 -9999.0     8.8
94077 200311  1.100 -103.7363   42.4247     5.2    -9.0    -1.9    -1.6    15.7     8.6 R -9999.0 -9999.0    -3.0
94077 200312  1.100 -103.7363   42.4247     5.1   -11.0    -3.0    -2.9    11.1     7.0 R -9999.0 -9999.0    -4.5
94077 200401  1.100 -103.7363   42.4247     4.3   -11.8    -3.7    -4.0     3.9     7.9 R -9999.0 -9999.0    -5.0
94077 200402  1.100 -103.7363   42.4247     5.0   -10.3    -2.7    -2.7    21.3    11.4 R -9999.0 -9999.0    -2.8
94077 200403  1.100 -103.7363   42.4247    13.2    -4.9     4.2     4.7     5.8    17.7 R -9999.0 -9999.0     5.9
94077 200404  1.100 -103.7363   42.4247    15.7    -2.1     6.8     7.5    24.6    18.7 R -9999.0 -9999.0     9.9
94077 200405  1.100 -103.7363   42.4247    21.3     3.1    12.2    13.0    27.2    22.7 R -9999.0 -9999.0    16.4
94077 200406  1.100 -103.7363   42.4247    23.9     6.2    15.1    15.8    31.2    21.7 R -9999.0 -9999.0    19.5
94077 200407  1.201 -103.7363   42.4247    29.5     9.9    19.7    20.3    42.3    23.3 R -9999.0 -9999.0    24.3
94077 200408  1.201 -103.7363   42.4247    28.0     6.9    17.5    18.2    34.6    21.5 R -9999.0 -9999.0    22.1
94077 200409  1.201 -103.7363   42.4247    23.7     5.5    14.6    14.9   108.4    15.8 R -9999.0 -9999.0    15.8
94077 200410  1.201 -103.7363   42.4247    16.2     0.0     8.1     8.3    50.1    11.1 R -9999.0 -9999.0     8.7
94077 200411  1.201 -103.7363   42.4247     8.3    -8.6    -0.1    -0.1    16.9     8.0 R -9999.0 -9999.0    -0.3
94077 200412  1.201 -103.7363   42.4247     6.0    -9.9    -1.9    -1.9     3.1     6.4 R -9999.0 -9999.0    -2.8
94077 200501  1.201 -103.7363   42.4247     4.1   -10.6    -3.2    -3.9    11.1     7.4 R -9999.0 -9999.0    -4.1
94077 200502  1.201 -103.7363   42.4247     8.4    -9.3    -0.5    -0.7     6.6    11.8 R -9999.0 -9999.0    -0.1
94077 200503  1.201 -103.7363   42.4247    10.3    -6.6     1.9     2.0    22.2    14.8 R -9999.0 -9999.0     3.4
94077 200504  1.201 -103.7363   42.4247    13.9    -1.9     6.0     6.6    71.6    19.2 R -9999.0 -9999.0     8.4
94077 200505  1.201 -103.7363   42.4247    18.5     1.8    10.2    10.9    65.3    22.8 R -9999.0 -9999.0    13.4
94077 200506  1.201 -103.7363   42.4247    25.0     8.9    16.9    17.6 -9999.0    24.5 R -9999.0 -9999.0    19.4
94077 200507  1.201 -103.7363   42.4247    31.2    11.0    21.1    22.3    64.7    26.9 R -9999.0 -9999.0    25.2
94077 200508  1.201 -103.7363   42.4247    27.7     8.7    18.2    18.8   132.8    22.2 R -9999.0 -9999.0    21.0
94077 200509  1.201 -103.7363   42.4247    25.8     3.7    14.8    15.4     8.8    18.6 R -9999.0 -9999.0    17.1
94077 200510  1.201 -103.7363   42.4247    17.8    -2.7     7.5     7.4    42.2    12.6 R -9999.0 -9999.0     7.9
94077 200511  1.201 -103.7363   42.4247    12.2    -7.9     2.1     2.3     4.1     7.8 R -9999.0 -9999.0     2.0
94077 200512  1.201 -103.7363   42.4247     3.9   -13.2    -4.7    -5.0     6.2     6.3 R -9999.0 -9999.0    -5.4
94077 200601  1.201 -103.7363   42.4247     8.7    -9.7    -0.5    -0.3    10.0     7.6 R -9999.0 -9999.0    -1.0
94077 200602  1.201 -103.7363   42.4247     2.6   -14.0    -5.7    -5.2    27.7    11.9 R -9999.0 -9999.0    -5.4
94077 200603  1.201 -103.7363   42.4247     6.9    -6.3     0.3     0.3    47.7    15.3 R -9999.0 -9999.0     0.3
94077 200604  1.201 -103.7363   42.4247    17.9    -1.3     8.3     9.0    32.6    21.5 R -9999.0 -9999.0    10.4
94077 200605  1.201 -103.7363   42.4247    21.6     2.0    11.8    12.3    34.2    24.4 R -9999.0 -9999.0    14.4
94077 200606  1.301 -103.7363   42.4247    28.8     9.4    19.1    20.0    45.5    26.8 R -9999.0 -9999.0    23.0
94077 200607  1.301 -103.7363   42.4247    31.9    12.6    22.3    23.1    57.7    24.4 R    45.3    12.8    26.2
94077 200608  1.301 -103.7363   42.4247    29.3    10.1    19.7    20.6    25.9    21.0 R    42.2    10.4    23.4
94077 200609  1.301 -103.7363   42.4247    21.4     0.9    11.1    11.6    13.1    15.9 R    31.0     0.6    13.2
94077 200610  1.301 -103.7363   42.4247    15.3    -4.2     5.5     5.6     9.7    10.8 R    20.3    -4.1     6.4
94077 200611  1.301 -103.7363   42.4247    10.0   -10.4    -0.2     0.1     6.8     8.0 R    13.7   -10.5     0.3
94077 200612  1.301 -103.7363   42.4247     5.1   -12.8    -3.8    -3.4    12.3     6.4 R     7.4   -13.0    -3.6
94077 200701  1.301 -103.7363   42.4247     1.1   -15.2    -7.0    -6.8     3.9     8.3 R     3.6   -15.6    -6.7
94077 200702  1.301 -103.7363   42.4247     3.8   -13.0    -4.6    -4.0     7.1    10.1 R     7.9   -13.2    -3.5
94077 200703  1.301 -103.7363   42.4247    14.0    -4.5     4.7     5.0    47.1    15.3 R    21.4    -4.7     6.3
94077 200704  1.301 -103.7363   42.4247    13.2    -2.8     5.2     5.9    39.6    19.0 R    22.5    -2.9     7.8
94077 200705  1.301 -103.7363   42.4247    22.0     3.3    12.7    13.3    39.1    22.0 R    33.9     3.2    15.7
94077 200706  1.301 -103.7363   42.4247    28.1     8.2    18.1    18.9    27.6    25.7 R    41.3     8.0    22.1
94077 200707  1.301 -103.7363   42.4247    32.0    13.8    22.9    23.5    46.0    24.3 R    47.4    13.9    27.2
94077 200708  1.302 -103.7363   42.4247    31.2    11.7    21.4    22.0    21.9    21.1 R    47.2    12.2    25.3
94077 200709  1.302 -103.7363   42.4247    25.2     4.4    14.8    15.6    10.5    17.7 R    41.0     4.5    18.5
94077 200710  1.302 -103.7363   42.4247    18.1    -2.3     7.9     8.4    30.0    12.9 R    27.7    -2.1     9.7
94077 200711  1.302 -103.7363   42.4247    11.4   -10.1     0.6     0.8     1.3     9.5 R    19.0   -10.9     0.9
94077 200712  1.302 -103.7363   42.4247    -1.0   -16.5    -8.7    -7.9    23.0     6.7 R    -0.2   -18.5    -9.1
94077 200801  1.302 -103.7363   42.4247    -0.1   -16.2    -8.1    -7.3     3.9     8.7 R     1.7   -16.8    -7.8
94077 200802  1.302 -103.7363   42.4247     4.1   -10.6    -3.2    -3.3    10.4    11.8 R     9.2   -10.9    -2.8
94077 200803  1.302 -103.7363   42.4247     8.6    -6.9     0.8     1.0    18.8    15.1 R    18.6    -7.5     2.3
94077 200804  1.302 -103.7363   42.4247    14.4    -4.7     4.9     5.6    28.0    20.3 R    31.7    -5.7     8.5
94077 200805  1.302 -103.7363   42.4247    18.1     2.5    10.3    10.8    68.8    21.4 R    31.6     2.6    13.7
94077 200806  1.302 -103.7363   42.4247    25.1     6.3    15.7    16.3    35.0    25.5 R    44.2     6.4    21.0
94077 200807  1.302 -103.7363   42.4247    31.8    10.9    21.3    22.0    27.5    26.1 R    54.1    11.5    27.8
94077 200808  1.302 -103.7363   42.4247    28.5    10.7    19.6    20.0    34.6    21.9 R    45.7    11.1    24.1
94077 200809  1.302 -103.7363   42.4247    22.6     2.6    12.6    12.9    52.8    18.3 R    34.0     3.4    15.5
94077 200810  1.302 -103.7363   42.4247    16.7    -3.7     6.5     6.4    17.2    13.4 R    25.0    -3.3     7.9
94077 200811  1.302 -103.7363   42.4247    10.7    -5.7     2.5     2.2    11.7     8.1 R    14.9    -5.7     2.3
94077 200812  1.302 -103.7363   42.4247     2.4   -16.5    -7.1    -6.6     2.3     6.8 R     4.3   -16.8    -6.9
94077 200901  1.302 -103.7363   42.4247     4.6   -12.2    -3.8    -3.7    21.7     8.1 R     6.6   -12.8    -4.1
94077 200902  1.302 -103.7363   42.4247     6.2    -8.4    -1.1    -1.0     5.3    11.2 R     9.5    -7.8    -0.5
94077 200903  1.302 -103.7363   42.4247    10.3    -7.6     1.4     1.2    48.1    16.9 R    18.9    -8.0     2.8
94077 200904  1.302 -103.7363   42.4247    11.4    -2.0     4.7     4.7    58.9    17.0 R    18.8    -2.0     6.3
94077 200905  1.302 -103.7363   42.4247    20.5     3.4    11.9    12.4    26.2    22.4 R    35.5     3.5    15.8
94077 200906  1.302 -103.7363   42.4247    23.1     8.7    15.9    15.8   119.1    22.9 R    33.9     9.0    18.6
94077 200907  1.302 -103.7363   42.4247    27.0    10.1    18.5    18.9    74.5    25.5 R    41.1    10.7    22.9
94077 200908  1.302 -103.7363   42.4247    27.8     7.7    17.8    17.9    49.8    23.2 R    41.9     8.4    21.6
94077 200909  1.302 -103.7363   42.4247    24.3     4.5    14.4    14.8    17.2    18.6 R    37.8     5.2    18.0
94077 200910  1.302 -103.7363   42.4247     9.1    -4.0     2.6     2.5    60.8    10.0 R    13.7    -4.0     3.2
94077 200911  1.302 -103.7363   42.4247    12.5    -7.4     2.6     2.2     3.3     9.1 R    17.3    -7.3     2.0
94077 200912  1.302 -103.7363   42.4247    -1.8   -17.0    -9.4    -9.3    18.5     6.7 R    -1.1   -18.7   -10.3
94077 201001  1.302 -103.7363   42.4247     2.8   -12.4    -4.8    -5.3     0.8     7.6 R     4.0   -12.5    -5.5
94077 201002  1.302 -103.7363   42.4247     1.0   -12.3    -5.6    -5.4    25.8    10.9 R     3.4   -12.6    -5.0
94077 201003  1.302 -103.7363   42.4247    10.2    -4.4     2.9     2.8     6.8    13.7 R    18.9    -4.4     4.2
94077 201004  1.302 -103.7363   42.4247    14.2    -0.3     6.9     7.0    75.6    18.3 R    27.8    -1.1     9.2
94077 201005  2.402 -103.7363   42.4247    15.7 -9999.0 -9999.0 -9999.0   102.7    20.2 R    31.8     0.8    13.1
94077 201006  2.402 -103.7363   42.4247    24.8     9.1    16.9    17.3   108.2    19.6 R    39.3     9.3    20.6
94077 201007  2.402 -103.7363   42.4247    28.9    11.3    20.1    20.5    49.6    20.1 R    45.2    12.0    24.3
94077 201008  2.402 -103.7363   42.4247    30.2     9.6    19.9    21.0    24.4    18.7 R    50.0    10.3    25.4
94077 201009  2.402 -103.7363   42.4247    26.2     1.3    13.7    14.8     6.1    16.4 R    44.2     2.1    18.9
94077 201010  2.402 -103.7363   42.4247    19.1    -0.7     9.2     9.3    23.2    10.7 R    28.4    -0.4    10.7
94077 201011  2.402 -103.7363   42.4247     7.5    -8.9    -0.7    -0.9    14.6     6.8 R    10.5    -8.8    -0.8
94077 201012  2.402 -103.7363   42.4247     4.9   -10.1    -2.6    -2.8    14.6     5.3 R     5.3    -9.1    -2.9
94077 201101  2.402 -103.7363   42.4247     1.5   -13.9    -6.2    -5.4    13.5     6.4 R     0.8   -14.5    -6.3
94077 201102  2.402 -103.7363   42.4247     1.8   -13.9    -6.1    -5.7    10.8     9.9 R     3.8   -12.9    -5.5
94077 201103  2.402 -103.7363   42.4247     9.8    -5.2     2.3     2.2    18.3    13.3 R    19.1    -5.2     3.7
94077 201104  2.402 -103.7363   42.4247    12.7    -1.2     5.8     5.7    48.0    17.5 R    28.1    -1.4     8.4
94077 201105  2.402 -103.7363   42.4247    15.9     2.2     9.0     9.4   166.7    18.4 R    29.6     2.2    12.1
94077 201106  2.402 -103.7363   42.4247    25.5     7.8    16.6    17.1    44.9    25.4 R    42.2     8.3    21.0
94077 201107  2.402 -103.7363   42.4247    31.3    13.7    22.5    23.0    29.6    24.4 R    49.5    14.6    27.5
94077 201108  2.402 -103.7363   42.4247    31.4    11.8    21.6    21.7    45.8    23.2 R    53.5    12.4    26.9
94077 201109  2.402 -103.7363   42.4247    25.4     2.5    14.0    14.1    20.5    18.5 R    45.5     3.2    18.4
94077 201110  2.402 -103.7363   42.4247    17.6    -2.2     7.7     8.0    23.3    12.7 R    29.3    -1.9     9.5
94077 201111  2.402 -103.7363   42.4247     9.1    -8.9     0.1     0.1     9.6     9.0 R    14.2    -9.2    -0.2
94077 201112  2.402 -103.7363   42.4247     4.3   -14.6    -5.1    -5.2     9.0     7.3 R     8.0   -15.6    -5.9
94077 201201  2.402 -103.7363   42.4247     7.1   -12.9    -2.9    -3.0     8.8     8.0 R    10.6   -13.7    -3.7
94077 201202  2.402 -103.7363   42.4247     3.8   -10.5    -3.4    -3.5    17.6    11.0 R    11.4   -10.6    -2.7
94077 201203  2.402 -103.7363   42.4247    17.5    -3.3     7.1     7.5     0.0    18.1 R    35.7    -4.3    10.0
94077 201204  2.412 -103.7363   42.4247    18.8    -0.5     9.1     9.7    14.6    20.2 R    41.5    -1.4    14.1
94077 201205  2.412 -103.7363   42.4247    22.1     2.1    12.1    13.4    18.7    23.0 C    42.8     1.9    18.5
94077 201206  2.412 -103.7363   42.4247    30.7    10.5    20.6    21.6    32.2    26.9 C    51.3    10.7    27.2
94077 201207  2.412 -103.7363   42.4247    33.1    12.9    23.0    24.2     4.8    24.3 C    56.9    13.3    30.6
94077 201208  2.412 -103.7363   42.4247    31.4     8.3    19.8    21.3     1.5    23.5 C    53.7     9.1    27.2
94077 201209  2.412 -103.7363   42.4247    26.4     2.5    14.4    15.6     6.8    19.4 C    44.7     3.1    19.9
94077 201210  2.412 -103.7363   42.4247    15.2    -3.3     5.9     5.8    15.7    13.2 C    25.6    -3.3     7.6
94077 201211  2.412 -103.7363   42.4247    11.7    -7.5     2.1     2.1     8.4     9.2 C    16.9    -8.3     1.8
94077 201212  2.412 -103.7363   42.4247     4.3   -13.7    -4.7    -3.9     3.0     6.6 C     7.9   -14.9    -4.8
94077 201301  2.412 -103.7363   42.4247     3.8   -14.0    -5.1    -5.1     6.0     8.4 C     7.1   -15.0    -5.7
94077 201302  2.412 -103.7363   42.4247     4.3   -11.4    -3.6    -3.2     7.2    11.7 C    13.2   -12.4    -2.2
94077 201303  2.412 -103.7363   42.4247    10.0    -8.1     0.9     1.2    11.0    16.2 C    23.7    -9.4     3.8
94077 201304  2.412 -103.7363   42.4247    10.0    -5.0     2.5     3.2    48.7    20.4 C    22.8    -5.2     6.0
94077 201305  2.422 -103.7363   42.4247    20.0     4.5    12.3    12.3    23.7    22.1 C    41.0     3.5    16.9
94077 201306  2.422 -103.7363   42.4247    26.9     8.2    17.5    18.3    45.4    28.4 C    48.1     7.6    23.7
94077 201307  2.422 -103.7363   42.4247    29.2    13.1    21.1    21.3    78.2    25.1 C    46.9    12.8    25.6
94077 201308  2.422 -103.7363   42.4247    30.0    11.6    20.8    21.1    22.4    22.9 C    39.4    11.8    23.3
94077 201309  2.422 -103.7363   42.4247    25.4     6.9    16.2    16.9    30.3    16.5 C    33.2     7.1    18.5
94077 201310  2.422 -103.7363   42.4247    12.3    -2.1     5.1     5.2    53.5    11.8 C    15.2    -2.0     5.4
94077 201311  2.422 -103.7363   42.4247     9.2    -8.7     0.2    -0.1     6.1     9.7 C    11.3    -8.7    -0.2
94077 201312  2.422 -103.7363   42.4247     1.8   -14.5    -6.4    -6.4     0.0     7.4 C     1.4   -15.8    -7.4
94077 201401  2.422 -103.7363   42.4247     4.5   -10.8    -3.2    -2.7     1.8     8.0 C     5.1   -10.9    -3.1
94077 201402  2.422 -103.7363   42.4247    -1.3   -16.1    -8.7    -8.3     1.8    12.0 C     0.6   -17.2    -8.3
94077 201403  2.422 -103.7363   42.4247     8.8    -6.1     1.3     1.0     4.3    16.7 C    11.2    -6.6     1.1
94077 201404  2.422 -103.7363   42.4247    14.5    -1.4     6.6     6.8    12.7    20.0 C    20.2    -1.8     7.8
94077 201405  2.422 -103.7363   42.4247    19.0     4.6    11.8    11.9    57.0    22.6 C    25.8     4.2    13.2
94077 201406  2.422 -103.7363   42.4247    24.5     7.2    15.8    16.2    37.0    26.6 C    39.1     7.1    19.7
94077 201407  2.422 -103.7363   42.4247    29.6    10.8    20.2    20.7    38.2    26.8 C    47.9    11.1    25.6
94077 201408  2.422 -103.7363   42.4247    28.8     9.6    19.2    19.4    65.2    20.8 C    44.3     9.8    22.8
94077 201409  2.422 -103.7363   42.4247    23.5     4.8    14.1    14.1   122.8    16.7 C    36.3     4.4    16.6
94077 201410  2.422 -103.7363   42.4247    19.6    -1.6     9.0     8.6     2.4    13.8 C    28.4    -2.4     9.3
94077 201411  2.422 -103.7363   42.4247     7.0   -11.4    -2.2    -2.2    22.5     7.8 C     9.4   -12.6    -3.1
94077 201412  2.422 -103.7363   42.4247     4.6   -13.3    -4.3    -4.6    19.4     6.8 C     5.6   -14.0    -5.7
94077 201501  2.422 -103.7363   42.4247     4.5   -11.8    -3.7    -3.8     7.6     7.6 C     4.0   -12.6    -5.2
94077 201502  2.422 -103.7363   42.4247     5.3    -9.2    -1.9    -2.0    16.4    10.8 C     9.6   -10.1    -2.3
94077 201503  2.422 -103.7363   42.4247    14.4    -5.6     4.4     4.6    10.6    17.5 C    25.6    -7.1     6.0
94077 201504  2.422 -103.7363   42.4247    15.3    -2.0     6.7     7.2    68.0    18.7 C    28.7    -2.5     9.8
94077 201505  2.422 -103.7363   42.4247    15.7     3.9     9.8     9.7   195.3    17.4 C    21.4     3.9    11.2
94077 201506  2.422 -103.7363   42.4247    26.4    11.8    19.1    19.2    32.7    24.7 C    41.1    11.9    23.3
94077 201507  2.422 -103.7363   42.4247    28.1    11.1    19.6    19.9   104.4    24.6 C    40.7    11.1    23.1
94077 201508  2.422 -103.7363   42.4247    29.0     9.7    19.3    20.1    20.0    22.7 C    42.2     9.8    23.4
94077 201509  2.422 -103.7363   42.4247    27.1     6.4    16.7    16.9     5.2    18.7 C    40.1     6.3    19.8
94077 201510  2.422 -103.7363   42.4247    18.7     0.8     9.8     9.4    32.5    11.4 C    25.7     0.9    10.4
94077 201511  2.422 -103.7363   42.4247     9.1    -9.1     0.0    -0.4    17.6     9.0 C    12.7    -9.5    -0.3
94077 201512  2.422 -103.7363   42.4247     3.0   -13.0    -5.0    -4.6    17.7     7.3 C     4.9   -14.1    -5.6
94077 201601  2.422 -103.7363   42.4247     4.0   -11.2    -3.6    -3.9     4.2     8.5 C     8.0   -12.0    -4.0
94077 201602  2.422 -103.7363   42.4247     8.6    -8.1     0.3     0.3    16.7    11.9 C    13.4    -9.0     0.1
94077 201603  2.422 -103.7363   42.4247    12.7    -6.3     3.2     3.4    38.7    16.3 C    22.7    -6.9     4.8
94077 201604  2.422 -103.7363   42.4247    14.6    -1.1     6.7     7.1    84.8    18.2 C    25.0    -1.7     9.2
94077 201605  2.422 -103.7363   42.4247    19.0     1.5    10.3    11.0    36.9    22.7 C    32.5     1.7    14.0
94077 201606  2.422 -103.7363   42.4247    30.1     9.2    19.6    20.5    23.2    28.1 C    52.4     9.1    26.7
94077 201607  2.422 -103.7363   42.4247    31.3    11.6    21.4    22.0    35.4    24.2 C    54.5    11.9    28.1
94077 201608  2.422 -103.7363   42.4247    27.8     9.2    18.5    18.8    48.3    21.1 C    47.4     9.3    23.5
94077 201609  2.422 -103.7363   42.4247    24.4     5.2    14.8    14.6    21.1    15.8 C    40.3     5.1    17.9
94077 201610  2.422 -103.7363   42.4247    20.7    -0.8    10.0    10.2     9.5    11.8 C    31.4    -1.4    11.4
94077 201611  2.422 -103.7363   42.4247    13.8    -7.3     3.3     2.9     7.9     8.4 C    20.2    -8.0     2.7
94077 201612  2.422 -103.7363   42.4247     0.3   -17.6    -8.7    -8.1    22.2     6.5 C     1.5   -19.4    -9.4
94077 201701  2.422 -103.7363   42.4247     0.7   -13.5    -6.4    -6.6    14.4     7.6 C     0.1   -14.1    -7.3
94077 201702  2.422 -103.7363   42.4247     7.8    -8.7    -0.5    -0.2    24.6    11.1 C     9.7    -9.8    -1.1
94077 201703  2.422 -103.7363   42.4247    13.6    -3.7     4.9     4.8    48.4    13.9 C    23.3    -3.7     6.3
94077 201704  2.422 -103.7363   42.4247    14.9    -1.1     6.9     7.2    44.6    18.6 C    28.9    -1.8    10.0
94077 201705  2.422 -103.7363   42.4247    18.9     2.7    10.8    11.1    96.2    19.7 C    31.9     2.7    14.0
94077 201706  2.422 -103.7363   42.4247    26.7     7.7    17.2    18.2    15.8    26.0 C    50.0     7.3    24.5
94077 201707  2.422 -103.7363   42.4247    32.3    12.8    22.5    23.1    24.2    24.4 C    56.4    12.5    29.3
