64756 200411  1.201  -73.7422   41.7857    10.4    -0.9     4.8     4.9    74.7     6.8 R -9999.0 -9999.0     4.4
64756 200412  1.201  -73.7422   41.7857     3.7    -6.6    -1.5    -1.0    96.8     4.6 R -9999.0 -9999.0    -1.9
64756 200501  1.201  -73.7422   41.7857    -1.1   -10.3    -5.7    -5.3   170.3     5.7 R -9999.0 -9999.0    -7.2
64756 200502  1.201  -73.7422   41.7857     3.7    -7.4    -1.9    -1.7    55.8     9.8 R -9999.0 -9999.0    -2.9
64756 200503  1.201  -73.7422   41.7857     5.2    -7.0    -0.9    -0.4   121.2    13.3 R -9999.0 -9999.0    -2.0
64756 200504  1.201  -73.7422   41.7857    17.1     1.9     9.5    10.0    75.3    18.1 R -9999.0 -9999.0    11.7
64756 200505  1.201  -73.7422   41.7857    18.1     5.0    11.6    11.9    54.2    19.1 R -9999.0 -9999.0    14.8
64756 200506  1.201  -73.7422   41.7857    27.4    14.9    21.1    21.0    87.7    22.0 R -9999.0 -9999.0    24.0
64756 200507  1.201  -73.7422   41.7857    28.1    15.9    22.0    22.0   109.2    20.7 R -9999.0 -9999.0    24.5
64756 200508  1.201  -73.7422   41.7857    28.8    15.9    22.3    22.2    52.7    17.1 R -9999.0 -9999.0    24.8
64756 200509  1.201  -73.7422   41.7857    26.2    10.4    18.3    18.4    21.2    16.3 R -9999.0 -9999.0    21.0
64756 200510  1.201  -73.7422   41.7857    16.1     5.3    10.7    10.6   427.1     8.0 R -9999.0 -9999.0    11.7
64756 200511  1.301  -73.7422   41.7857    12.4    -0.4     6.0     6.5   139.1     7.1 R -9999.0 -9999.0     5.4
64756 200512  1.301  -73.7422   41.7857     1.5    -7.6    -3.0    -2.6   104.8     5.7 R     0.8    -9.8    -4.7
64756 200601  1.301  -73.7422   41.7857     5.6    -4.0     0.8     1.0   137.2     5.7 R     3.3    -6.1    -1.1
64756 200602  1.301  -73.7422   41.7857     4.0    -7.6    -1.8    -1.4    37.7    10.1 R     6.9    -7.9    -1.6
64756 200603  1.301  -73.7422   41.7857     8.9    -3.7     2.6     2.7    22.0    14.6 R    16.8    -4.8     3.3
64756 200604  1.301  -73.7422   41.7857    16.7     2.1     9.4     9.6   110.9    17.7 R    26.2     1.3    11.1
64756 200605  1.301  -73.7422   41.7857    20.5     7.8    14.2    14.2    98.5    18.6 R    33.9     8.0    17.5
64756 200606  1.301  -73.7422   41.7857 -9999.0 -9999.0 -9999.0 -9999.0   192.4    17.3 R    36.6    15.5    22.5
64756 200607  1.301  -73.7422   41.7857    28.6    16.6    22.6    22.7    96.2    21.3 R    38.8    17.4    25.6
64756 200608  1.301  -73.7422   41.7857    26.7    14.2    20.4    20.5   119.0    19.5 R    35.9    14.5    22.8
64756 200609  1.301  -73.7422   41.7857    21.1     9.3    15.2    15.3    97.4    13.1 R    27.8     9.3    16.6
64756 200610  1.301  -73.7422   41.7857    16.4     3.5     9.9     9.9   102.4    10.5 R    22.0     2.6    10.1
64756 200611  1.301  -73.7422   41.7857    12.6     2.2     7.4     7.4   107.3     6.2 R    16.4     1.4     7.2
64756 200612  1.301  -73.7422   41.7857     7.8    -2.3     2.7     3.3    50.0     5.1 R    11.3    -3.8     2.3
64756 200701  1.301  -73.7422   41.7857     3.9    -5.7    -0.9    -0.5    70.0     5.9 R     9.0    -7.1    -0.5
64756 200702  1.301  -73.7422   41.7857    -1.2   -10.6    -5.9    -5.7    68.7    10.0 R     0.8   -14.2    -7.7
64756 200703  1.301  -73.7422   41.7857     7.3    -5.1     1.1     1.4   122.1    13.7 R    10.2    -7.2    -0.2
64756 200704  1.301  -73.7422   41.7857    12.9     0.8     6.9     7.1   198.6    13.8 R    22.0    -0.1     8.0
64756 200705  1.301  -73.7422   41.7857    22.9     7.5    15.2    15.6    42.3    23.7 R    33.3     6.2    17.2
64756 200706  1.301  -73.7422   41.7857    26.3    12.0    19.2    19.3    68.0    22.5 R    41.8    11.8    23.3
64756 200707  1.301  -73.7422   41.7857    27.2    14.5    20.8    20.9   147.1    22.0 R    38.7    14.7    23.9
64756 200708  1.301  -73.7422   41.7857    26.8    14.3    20.5    20.6   108.6    18.9 R    36.5    13.9    22.9
64756 200709  1.301  -73.7422   41.7857    24.6     9.9    17.3    17.2    45.2    17.0 R    34.4     8.8    18.8
64756 200710  1.302  -73.7422   41.7857    20.2     7.1    13.7    13.8   116.1    10.1 R    27.3     6.1    14.2
64756 200711  1.302  -73.7422   41.7857     8.8    -2.1     3.4     3.7    92.4     6.6 R    14.5    -4.2     3.3
64756 200712  1.302  -73.7422   41.7857     2.7    -5.3    -1.3    -1.0 -9999.0     3.9 R     5.6    -7.7    -2.3
64756 200801  1.302  -73.7422   41.7857     3.0    -6.9    -2.0    -1.5    44.1     7.0 R     5.1   -10.7    -3.9
64756 200802  1.302  -73.7422   41.7857     2.5    -7.7    -2.6    -2.2   239.6     7.8 R     6.9   -10.2    -3.1
64756 200803  1.302  -73.7422   41.7857     8.4    -3.7     2.3     2.1   148.3    12.7 R    16.9    -6.4     2.3
64756 200804  1.302  -73.7422   41.7857    17.5     2.2     9.8    10.3    83.6    18.9 R    27.5     0.4    11.3
64756 200805  1.302  -73.7422   41.7857    19.2     5.1    12.2    12.6    50.3    19.3 R    30.9     3.7    14.7
64756 200806  1.302  -73.7422   41.7857    26.2    13.3    19.8    19.9   112.0    21.1 R    39.0    13.1    22.8
64756 200807  1.302  -73.7422   41.7857    28.2    16.0    22.1    22.0   115.5    22.1 R    40.2    15.8    25.0
64756 200808  1.302  -73.7422   41.7857    25.4    12.2    18.8    18.6    68.5    20.4 R    36.3    11.7    21.1
64756 200809  1.302  -73.7422   41.7857    22.9    10.7    16.8    16.8   156.8    15.8 R    31.6     9.8    18.4
64756 200810  1.302  -73.7422   41.7857    15.4     1.6     8.5     8.5    72.6    11.7 R    22.4     0.1     8.9
64756 200811  1.302  -73.7422   41.7857     9.2    -0.2     4.5     4.6    73.9     6.2 R    14.6    -2.3     4.4
64756 200812  1.302  -73.7422   41.7857     4.0    -5.9    -1.0    -0.6   189.4     4.6 R     5.7    -8.7    -2.0
64756 200901  1.302  -73.7422   41.7857    -1.9   -12.8    -7.4    -6.7    66.0     7.2 R    -3.0   -17.9    -9.9
64756 200902  1.302  -73.7422   41.7857     4.2    -7.2    -1.5    -1.3    32.9    10.3 R     5.3   -10.8    -3.2
64756 200903  1.302  -73.7422   41.7857     8.7    -3.4     2.7     2.8    67.5    14.0 R    18.7    -6.5     3.0
64756 200904  1.302  -73.7422   41.7857    16.5     3.1     9.8    10.2    51.3    16.6 R    26.1     0.5    10.8
64756 200905  1.302  -73.7422   41.7857    20.5     7.3    13.9    14.3   139.3    18.5 R    31.7     6.1    16.4
64756 200906  1.302  -73.7422   41.7857    23.0    13.2    18.1    17.7   206.4    18.0 R    34.1    12.7    20.2
64756 200907  1.302  -73.7422   41.7857    25.3    13.4    19.3    19.3   154.8    20.8 R    33.6    12.5    21.1
64756 200908  1.302  -73.7422   41.7857    26.6    15.5    21.0    20.9    84.2    18.5 R    33.3    14.7    22.2
64756 200909  1.302  -73.7422   41.7857    21.7     8.7    15.2    15.2    31.3    15.4 R    30.0     7.2    16.3
64756 200910  1.302  -73.7422   41.7857    14.9     4.0     9.4     9.4   114.1     8.0 R    23.1     2.6    10.0
64756 200911  1.302  -73.7422   41.7857    12.3     0.8     6.6     6.9    47.7     6.4 R    19.3    -1.4     6.4
64756 200912  1.302  -73.7422   41.7857     2.4    -6.4    -2.0    -1.8   103.0     5.2 R     8.0    -8.7    -2.9
64756 201001  1.302  -73.7422   41.7857     0.9    -8.5    -3.8    -3.7    64.7     6.5 R     4.5   -12.6    -5.7
64756 201002  1.302  -73.7422   41.7857     1.6    -6.2    -2.3    -2.1   138.3     8.1 R     6.1    -8.3    -2.6
64756 201003  1.302  -73.7422   41.7857    11.5     0.0     5.8     5.8   122.5    12.0 R    19.3    -2.1     5.3
64756 201004  1.302  -73.7422   41.7857    18.8     3.1    11.0    11.3    46.7    18.1 R    30.3     1.5    11.9
64756 201005  1.302  -73.7422   41.7857    22.9     8.2    15.5    15.9    59.4    21.3 R    35.6     7.2    18.0
64756 201006  1.302  -73.7422   41.7857    26.2    12.9    19.5    19.8    75.2    20.2 R    39.3    11.8    22.1
64756 201007  1.302  -73.7422   41.7857    30.3    15.5    22.9    22.9    70.5    22.0 R    45.3    14.9    26.4
64756 201008  1.302  -73.7422   41.7857    27.4    14.6    21.0    20.9   128.7    17.4 R    39.5    14.4    23.3
64756 201009  1.302  -73.7422   41.7857    24.2    11.4    17.8    18.1    93.7    15.3 R    36.7    10.3    19.9
64756 201010  2.302  -73.7422   41.7857    16.7     3.9    10.3    10.4   166.3    10.0 R    24.2     2.9    10.8
64756 201011  2.302  -73.7422   41.7857    10.0    -0.8     4.6     4.7    59.4     6.7 R    14.8    -1.1     5.5
64756 201012  2.302  -73.7422   41.7857     1.3    -7.8    -3.3    -2.9    92.9     5.2 R     5.0    -9.6    -2.5
64756 201101  2.302  -73.7422   41.7857    -1.3   -11.1    -6.2    -5.5    67.5     6.5 R     0.9   -14.8    -7.0
64756 201102  2.302  -73.7422   41.7857     2.7    -9.4    -3.3    -2.6   118.9     9.0 R     1.1   -12.0    -4.7
64756 201103  2.302  -73.7422   41.7857     7.5    -3.4     2.1     2.3   144.9    13.0 R    14.6    -5.0     2.6
64756 201104  2.402  -73.7422   41.7857    15.7     4.0     9.9     9.8   123.8    13.6 R    22.9     2.4    10.6
64756 201105  2.402  -73.7422   41.7857    21.5     9.8    15.7    15.9   145.1    17.1 R    29.9     8.9    17.1
64756 201106  2.402  -73.7422   41.7857    24.9    12.5    18.7    18.8   135.4    20.8 R    34.4    12.0    20.8
64756 201107  2.402  -73.7422   41.7857    28.9    15.7    22.3    22.5    51.9    22.8 R    37.1    15.2    24.5
64756 201108  2.402  -73.7422   41.7857    26.4    14.5    20.5    20.3   314.3    17.0 R    34.3    14.1    22.0
64756 201109  2.402  -73.7422   41.7857    23.4    13.2    18.3    18.0   272.5    12.2 R    30.9    12.7    19.3
64756 201110  2.402  -73.7422   41.7857    15.9     5.0    10.5    10.2    95.6    10.1 R    20.6     3.9    10.7
64756 201111  2.402  -73.7422   41.7857    13.6     1.1     7.4     7.5    73.0     7.9 R    15.3    -2.0     5.4
64756 201112  2.402  -73.7422   41.7857     7.5    -3.4     2.1     2.4   102.8     5.9 R     6.9    -7.7    -2.0
64756 201201  2.402  -73.7422   41.7857     4.6    -5.7    -0.6    -0.4    62.2     6.5 R     4.2    -9.9    -4.1
64756 201202  2.402  -73.7422   41.7857     6.4    -4.5     1.0     1.3    35.5     9.5 R    10.2    -8.2    -1.6
64756 201203  2.402  -73.7422   41.7857    14.6     1.8     8.2     8.1    31.2    14.3 R    19.7    -1.2     6.9
64756 201204  2.402  -73.7422   41.7857    16.4     1.6     9.0     9.6    58.7    19.8 R    24.7    -1.7     8.8
64756 201205  2.402  -73.7422   41.7857    22.6    10.8    16.7    16.7   136.7    17.8 R    28.6     8.7    16.5
64756 201206  2.412  -73.7422   41.7857    24.8    12.0    18.4    18.5    98.7    21.1 R    31.5    10.0    19.1
64756 201207  2.412  -73.7422   41.7857    29.1    16.1    22.6    22.4    94.8    21.7 C    37.7    16.0    25.1
64756 201208  2.412  -73.7422   41.7857    27.9    14.6    21.2    21.2    79.3    20.1 C    35.2    14.1    23.2
64756 201209  2.412  -73.7422   41.7857    22.6    10.2    16.4    16.5   166.4    14.7 C    30.2     9.8    18.3
64756 201210  2.412  -73.7422   41.7857    16.5     7.0    11.7    12.0   113.7     7.7 C    21.3     6.5    12.7
64756 201211  2.412  -73.7422   41.7857     8.6    -2.1     3.2     3.0    26.8     7.4 C    13.1    -3.8     2.9
64756 201212  2.412  -73.7422   41.7857     5.6    -2.9     1.3     1.4   110.3     4.2 C     8.0    -4.3     1.2
64756 201301  2.412  -73.7422   41.7857     2.5    -7.6    -2.5    -2.0    61.4     6.4 C     4.2    -9.7    -3.1
64756 201302  2.412  -73.7422   41.7857     2.3    -6.3    -2.0    -1.7    63.9     8.9 C     5.0    -8.4    -2.2
64756 201303  2.412  -73.7422   41.7857     6.4    -3.4     1.5     1.6    59.6    11.6 C    14.1    -5.3     2.3
64756 201304  2.412  -73.7422   41.7857    14.9     1.4     8.2     8.6    46.6    18.3 C    24.4    -0.1    10.3
64756 201305  2.412  -73.7422   41.7857    21.6     6.9    14.3    14.8    84.2    19.6 C    29.8     6.6    16.9
64756 201306  2.412  -73.7422   41.7857    25.2    12.7    19.0    19.1   322.1    21.0 C    32.4    12.6    21.3
64756 201307  2.412  -73.7422   41.7857    28.6    18.1    23.4    23.4    82.5    20.6 C    36.2    18.0    25.8
64756 201308  2.412  -73.7422   41.7857    25.7    13.4    19.5    19.5   182.4    18.7 C    33.8    13.2    21.8
64756 201309  2.422  -73.7422   41.7857    22.4     8.3    15.3    15.2    76.5    16.4 C    29.9     7.5    17.0
64756 201310  2.422  -73.7422   41.7857    17.8     3.9    10.9    11.1    77.2    10.5 C    24.3     1.9    11.0
64756 201311  2.422  -73.7422   41.7857     9.2    -2.3     3.4     3.8    66.3     7.0 C    14.7    -5.8     2.9
64756 201312  2.422  -73.7422   41.7857     3.4    -6.1    -1.4    -0.9   103.1     4.0 C     4.1   -10.8    -3.2
64756 201401  2.422  -73.7422   41.7857    -0.3   -11.3    -5.8    -5.4    75.3     5.9 C     1.4   -15.3    -6.9
64756 201402  2.422  -73.7422   41.7857     0.1   -11.5    -5.7    -5.0   104.5     8.7 C    -1.5   -18.4    -9.3
64756 201403  2.422  -73.7422   41.7857     4.0    -7.4    -1.7    -1.2    88.1    13.0 C     6.4   -10.9    -2.7
64756 201404  2.422  -73.7422   41.7857    15.8     1.2     8.5     8.5   108.3    16.9 C    28.8    -2.3     9.9
64756 201405  2.422  -73.7422   41.7857    21.5     7.9    14.7    14.8    65.1    18.2 C    34.7     6.7    17.3
64756 201406  2.422  -73.7422   41.7857    25.5    12.3    18.9    19.3    61.2    21.3 C    39.5    11.4    22.7
64756 201407  2.422  -73.7422   41.7857    27.0    15.3    21.1    21.0   223.9    20.8 C    37.8    14.9    23.8
64756 201408  2.422  -73.7422   41.7857    25.7    12.8    19.2    19.2    63.3    19.3 C    36.8    11.3    21.3
64756 201409  2.422  -73.7422   41.7857    23.5     9.6    16.5    16.6    14.5    16.3 C    37.1     7.3    18.6
64756 201410  2.422  -73.7422   41.7857    17.1     6.0    11.5    11.9   107.1     9.0 C    24.4     3.9    12.1
64756 201411  2.422  -73.7422   41.7857     8.7    -2.1     3.3     3.7    73.6     6.6 C    12.6    -5.3     2.2
64756 201412  2.422  -73.7422   41.7857     4.5    -2.7     0.9     0.9    93.3     3.9 C     7.5    -5.4     0.0
64756 201501  2.422  -73.7422   41.7857    -0.8   -10.8    -5.8    -5.5    96.7     6.5 C    -0.5   -15.5    -7.6
64756 201502  2.422  -73.7422   41.7857    -3.6   -17.2   -10.4    -9.4    62.3    10.3 C    -5.1   -25.1   -13.7
64756 201503  2.422  -73.7422   41.7857     4.2    -6.4    -1.1    -0.8    66.1    12.7 C     2.5   -11.4    -3.8
64756 201504  2.422  -73.7422   41.7857    15.1     1.1     8.1     8.8    87.1    16.3 C    25.2    -2.2     9.2
64756 201505  2.422  -73.7422   41.7857    24.6     9.1    16.9    17.5    60.2    22.0 C    39.9     6.8    20.1
64756 201506  2.422  -73.7422   41.7857    23.6    12.4    18.0    18.3   179.2    19.4 C    36.1    11.6    21.5
64756 201507  2.422  -73.7422   41.7857    27.7    14.2    20.9    21.1    62.1    22.4 C    40.8    12.9    24.0
64756 201508  2.422  -73.7422   41.7857    28.3    13.9    21.1    21.0    74.1    21.3 C    44.1    12.5    24.3
64756 201509  2.422  -73.7422   41.7857    26.3    11.4    18.9    18.7   133.1    16.8 C    38.1     9.6    20.7
64756 201510  2.422  -73.7422   41.7857    16.4     2.9     9.7     9.8    46.8    11.3 C    23.7     0.7     9.8
64756 201511  2.422  -73.7422   41.7857    13.4     0.2     6.8     7.0    62.3     7.4 C    17.0    -2.2     5.8
64756 201512  2.422  -73.7422   41.7857    10.3     1.3     5.8     6.0   103.7     3.9 C    12.6    -0.9     5.0
64756 201601  2.422  -73.7422   41.7857     3.5    -7.2    -1.9    -1.8    34.4     6.7 C     8.1   -10.1    -2.6
64756 201602  2.422  -73.7422   41.7857     5.8    -6.4    -0.3     0.1   143.1     8.4 C     9.2   -10.1    -1.4
64756 201603  2.422  -73.7422   41.7857    13.1    -0.6     6.2     6.4    27.7    14.4 C    22.4    -3.7     6.9
64756 201604  2.422  -73.7422   41.7857    14.6     0.8     7.7     8.3    61.3    17.9 C    27.3    -2.8     9.5
64756 201605  2.422  -73.7422   41.7857    21.1     8.1    14.6    14.8    87.3    18.0 C    34.2     6.5    17.3
64756 201606  2.422  -73.7422   41.7857    26.3    11.3    18.8    19.1    55.3    24.2 C    42.8     9.9    23.3
64756 201607  2.422  -73.7422   41.7857    29.7    15.6    22.6    22.4   113.8    21.8 C    46.3    14.6    26.4
64756 201608  2.422  -73.7422   41.7857    28.8    15.7    22.2    22.3    99.2    20.5 C    39.8    15.1    24.8
64756 201609  2.422  -73.7422   41.7857    25.3    11.0    18.2    18.2    25.8    15.5 C    39.9     9.0    20.3
64756 201610  2.422  -73.7422   41.7857    17.7     4.4    11.1    11.2    80.5    10.0 C    27.4     2.5    11.9
64756 201611  2.422  -73.7422   41.7857    11.6    -1.0     5.3     5.4   124.5     7.3 C    15.1    -3.4     4.2
64756 201612  2.422  -73.7422   41.7857     4.2    -5.5    -0.7    -0.5    87.1     5.0 C     6.2    -7.5    -1.7
64756 201701  2.422  -73.7422   41.7857     3.9    -4.0     0.0     0.0    95.4     4.7 C     4.3    -6.5    -1.6
64756 201702  2.422  -73.7422   41.7857     7.2    -4.4     1.4     1.8    67.6    10.4 C     7.8    -8.6    -0.7
64756 201703  2.422  -73.7422   41.7857     5.2    -5.3    -0.1     0.2   123.1    13.1 C     6.6   -10.3    -2.0
64756 201704  2.422  -73.7422   41.7857    17.8     5.2    11.5    11.6    68.8    14.6 C    27.2     3.0    12.3
64756 201705  2.422  -73.7422   41.7857    19.1     7.3    13.2    13.6   128.5    16.5 C    31.6     6.9    16.2
64756 201706  2.422  -73.7422   41.7857    25.4    12.2    18.8    19.0   112.5    21.7 C    37.5    11.8    22.0
64756 201707  2.422  -73.7422   41.7857    26.9    15.2    21.0    21.0    84.6    20.6 C    37.4    14.8    23.9
