03733 200311  1.201  -79.4743   39.0130 -9999.0 -9999.0 -9999.0 -9999.0 -9999.0 -9999.0 U -9999.0 -9999.0 -9999.0
03733 200312  1.201  -79.4743   39.0130 -9999.0 -9999.0 -9999.0 -9999.0   117.7     5.1 R -9999.0 -9999.0    -4.4
03733 200401  1.201  -79.4743   39.0130    -2.4   -11.6    -7.0    -6.8   116.1     4.6 R -9999.0 -9999.0    -7.5
03733 200402  1.201  -79.4743   39.0130     1.9    -7.4    -2.7    -2.4   103.3    10.6 R -9999.0 -9999.0    -5.3
03733 200403  1.201  -79.4743   39.0130     7.9    -1.1     3.4     3.2   154.1    12.5 R -9999.0 -9999.0     2.5
03733 200404  1.201  -79.4743   39.0130    13.0     3.1     8.1     7.8   186.9    15.0 R -9999.0 -9999.0     7.8
03733 200405  1.201  -79.4743   39.0130    20.3    10.6    15.4    15.3   170.8    17.4 R -9999.0 -9999.0    16.5
03733 200406  1.201  -79.4743   39.0130    20.3    11.1    15.7    15.6   212.8    18.5 R -9999.0 -9999.0    16.6
03733 200407  1.201  -79.4743   39.0130    22.0    13.9    18.0    17.8   110.2    18.1 R -9999.0 -9999.0    18.3
03733 200408  1.201  -79.4743   39.0130    21.5    11.5    16.5    16.4    58.8    18.9 R -9999.0 -9999.0    16.8
03733 200409  1.201  -79.4743   39.0130    20.4     9.8    15.1    14.9   168.9    15.2 R -9999.0 -9999.0    14.9
03733 200410  1.201  -79.4743   39.0130    14.9     5.0    10.0     9.7    84.7    10.6 R -9999.0 -9999.0     9.4
03733 200411  1.201  -79.4743   39.0130     9.9     1.3     5.6     5.3   105.4     6.9 R -9999.0 -9999.0     4.6
03733 200412  1.201  -79.4743   39.0130     2.9    -5.6    -1.4    -1.2    98.6     5.2 R -9999.0 -9999.0    -2.9
03733 200501  1.201  -79.4743   39.0130     1.9    -6.3    -2.2    -2.0   130.6     4.4 R -9999.0 -9999.0    -2.9
03733 200502  1.201  -79.4743   39.0130     2.5    -5.8    -1.6    -1.4    86.1     7.7 R -9999.0 -9999.0    -3.4
03733 200503  1.201  -79.4743   39.0130     3.1    -4.7    -0.8    -0.9   170.4    11.4 R -9999.0 -9999.0    -2.5
03733 200504  1.201  -79.4743   39.0130    13.7     2.7     8.2     8.3   128.0    16.2 R -9999.0 -9999.0     8.5
03733 200505  1.201  -79.4743   39.0130    15.2     4.6     9.9    10.0    98.5    19.0 R -9999.0 -9999.0    11.3
03733 200506  1.201  -79.4743   39.0130    22.7    12.5    17.6    17.5    35.4    21.1 R -9999.0 -9999.0    18.9
03733 200507  1.201  -79.4743   39.0130    24.0    14.5    19.3    19.1   167.3    18.3 R -9999.0 -9999.0    20.2
03733 200508  1.201  -79.4743   39.0130    23.6    14.3    18.9    18.7   143.1    17.2 R -9999.0 -9999.0    18.9
03733 200509  1.201  -79.4743   39.0130    21.9     9.4    15.6    15.5    21.9    17.8 R -9999.0 -9999.0    15.4
03733 200510  1.201  -79.4743   39.0130    14.5     5.6    10.1     9.7   130.0     9.8 R -9999.0 -9999.0     9.2
03733 200511  1.301  -79.4743   39.0130     9.7    -0.5     4.6     4.6   123.3     7.1 R -9999.0 -9999.0     2.6
03733 200512  1.301  -79.4743   39.0130     0.0    -7.6    -3.8    -4.0   102.6     4.9 R     4.9   -11.9    -6.1
03733 200601  1.301  -79.4743   39.0130     6.2    -2.9     1.7     1.4   143.0     5.6 R    12.4    -5.9     0.2
03733 200602  1.301  -79.4743   39.0130     0.1    -7.7    -3.8    -3.6    58.2     9.3 R     4.9   -10.7    -4.7
03733 200603  1.301  -79.4743   39.0130     6.1    -3.3     1.4     1.4    73.1    12.1 R    17.5    -6.5     1.5
03733 200604  1.301  -79.4743   39.0130    15.5     3.0     9.3     9.4   160.2    16.9 R    31.4    -0.4    10.3
03733 200605  1.301  -79.4743   39.0130    15.9     5.4    10.7    10.8    87.7    16.7 R    31.3     3.1    12.4
03733 200606  1.301  -79.4743   39.0130    20.2    10.1    15.2    15.2   159.3    19.2 R    32.7     8.6    17.3
03733 200607  1.301  -79.4743   39.0130    23.1    13.8    18.5    18.6   154.2    18.5 R    32.2    12.8    20.0
03733 200608  1.301  -79.4743   39.0130    23.8    12.8    18.3    18.3    92.4    18.5 R    31.4    11.2    19.0
03733 200609  1.301  -79.4743   39.0130    17.0     8.3    12.6    12.4    92.0    12.1 R    26.1     8.4    14.8
03733 200610  1.301  -79.4743   39.0130    12.7     3.0     7.8     7.6   145.6     9.4 R    21.4     1.0     7.6
03733 200611  1.301  -79.4743   39.0130     9.9     0.9     5.4     5.4    78.6     6.5 R    18.1    -1.3     4.7
03733 200612  1.301  -79.4743   39.0130     6.6    -2.8     1.9     2.1    57.2     6.2 R     9.7    -6.4     0.4
03733 200701  1.301  -79.4743   39.0130 -9999.0 -9999.0 -9999.0 -9999.0 -9999.0 -9999.0 U -9999.0 -9999.0 -9999.0
03733 200702  1.301  -79.4743   39.0130    -4.0   -11.6    -7.8    -7.7   116.2     9.9 R    -3.6   -15.0    -9.0
03733 200703  1.301  -79.4743   39.0130     9.1    -1.1     4.0     4.2 -9999.0    11.7 R    14.6    -4.8     2.7
03733 200704  1.301  -79.4743   39.0130     9.7     0.5     5.1     5.1 -9999.0    13.3 R    20.4    -2.1     5.3
03733 200705  1.301  -79.4743   39.0130    19.5     7.8    13.7    13.9    99.8    20.6 R    33.6     5.1    15.3
03733 200706  1.301  -79.4743   39.0130    21.8    10.8    16.3    16.3    98.7    22.2 R    31.7     8.7    17.8
03733 200707  1.301  -79.4743   39.0130    21.8    11.7    16.7    16.6   174.4    19.1 R    29.3     9.8    17.4
03733 200708  1.301  -79.4743   39.0130    24.7    14.5    19.6    19.3   170.5    19.5 R    30.3    12.9    19.8
03733 200709  1.301  -79.4743   39.0130    22.1     9.4    15.8    15.5    83.3    19.5 R    28.5     7.2    15.8
03733 200710  1.301  -79.4743   39.0130    17.9     6.6    12.3    12.1   103.2    12.0 R    23.5     4.4    11.6
03733 200711  1.302  -79.4743   39.0130     7.6    -1.3     3.2     3.0    84.9     6.1 R    11.6    -3.7     2.6
03733 200712  1.302  -79.4743   39.0130 -9999.0 -9999.0 -9999.0 -9999.0   201.1     3.6 R     5.8    -6.0    -0.5
03733 200801  1.302  -79.4743   39.0130     0.8    -7.7    -3.4    -3.4   136.7     6.4 R     1.6   -11.3    -5.0
03733 200802  1.302  -79.4743   39.0130     3.3    -7.1    -1.9    -1.8   132.1     6.2 R     4.4    -9.1    -2.5
03733 200803  1.302  -79.4743   39.0130     7.7    -3.1     2.3     2.2   117.2    11.0 R    16.3    -5.8     2.4
03733 200804  1.302  -79.4743   39.0130    14.3     3.3     8.8     8.6   216.1    15.3 R    30.6     1.1    10.3
03733 200805  1.302  -79.4743   39.0130    15.8     5.3    10.6    10.8   230.5    16.8 R    28.2     3.3    12.4
03733 200806  1.302  -79.4743   39.0130    22.0    12.1    17.0    16.9   195.9    20.9 R    30.3     9.8    17.7
03733 200807  1.302  -79.4743   39.0130    22.8    12.3    17.5    17.4   136.6    21.2 R    28.9    10.8    18.2
03733 200808  1.302  -79.4743   39.0130    21.1    11.1    16.1    15.9   117.2    18.7 R    27.2     9.5    16.5
03733 200809  1.302  -79.4743   39.0130    20.3     9.5    14.9    14.6    51.8    15.3 R    26.4     8.4    15.2
03733 200810  1.302  -79.4743   39.0130    13.7     2.4     8.0     7.8    67.4    12.2 R    18.7     0.1     7.4
03733 200811  1.302  -79.4743   39.0130     5.4    -2.6     1.4     1.4   113.5     6.4 R     8.2    -6.9    -0.3
03733 200812  1.302  -79.4743   39.0130     4.3    -5.7    -0.7    -0.6   158.2     4.7 R     6.1    -8.1    -1.7
03733 200901  1.302  -79.4743   39.0130    -1.4   -10.3    -5.9    -6.1   154.1     5.9 R    -1.6   -13.1    -7.2
03733 200902  1.302  -79.4743   39.0130     2.4    -6.8    -2.2    -2.1    70.6     9.4 R     4.2   -10.6    -3.7
03733 200903  1.302  -79.4743   39.0130     9.1    -2.1     3.5     3.4    70.0    13.1 R    21.0    -5.0     4.5
03733 200904  1.302  -79.4743   39.0130    13.1     2.1     7.6     7.8   148.7    15.5 R    24.5    -1.4     8.3
03733 200905  1.302  -79.4743   39.0130    17.8     7.6    12.7    12.8   156.5    18.1 R    31.3     5.2    14.5
03733 200906  1.302  -79.4743   39.0130    21.1    11.7    16.4    16.5   141.6    20.8 R    30.5     9.5    17.6
03733 200907  1.302  -79.4743   39.0130    20.1    11.6    15.8    15.8   136.9    17.7 R    26.8     9.7    16.5
03733 200908  1.302  -79.4743   39.0130    22.6    13.2    17.9    17.6    70.8    19.6 R    29.5    11.1    18.2
03733 200909  1.302  -79.4743   39.0130    18.6     8.9    13.8    13.4    79.4    13.6 R    25.8     6.9    13.9
03733 200910  1.302  -79.4743   39.0130    13.0     3.0     8.0     8.0   151.2     8.7 R    22.7     1.0     8.6
03733 200911  1.302  -79.4743   39.0130    10.1     1.5     5.8     5.4    36.9     7.3 R    17.3    -1.7     5.0
03733 200912  1.302  -79.4743   39.0130     1.0    -7.0    -3.0    -3.0   148.6     4.4 R     2.0    -9.5    -4.1
03733 201001  1.302  -79.4743   39.0130 -9999.0 -9999.0 -9999.0 -9999.0    80.9     4.9 R    -2.8   -11.1    -7.1
03733 201002  1.302  -79.4743   39.0130    -3.7    -9.8    -6.8    -6.5   106.0     5.8 R    -2.7   -12.7    -7.3
03733 201003  1.302  -79.4743   39.0130     7.4    -1.9     2.7     2.9    87.7    13.6 R    13.1    -5.2     1.9
03733 201004  1.302  -79.4743   39.0130    16.3     4.1    10.2    10.5    55.7    18.8 R    34.3     0.3    11.7
03733 201005  1.302  -79.4743   39.0130    19.6     8.8    14.2    14.2   147.9    17.9 R    31.4     6.8    15.6
03733 201006  1.302  -79.4743   39.0130    22.5    13.6    18.0    18.1    84.4    20.0 R    29.4    11.7    19.0
03733 201007  1.302  -79.4743   39.0130    24.8    13.3    19.0    19.0   103.7    20.7 R    31.8    11.3    19.6
03733 201008  1.302  -79.4743   39.0130    23.9    13.6    18.7    18.4    83.5    18.0 R    29.7    11.8    18.9
03733 201009  1.302  -79.4743   39.0130    21.3     8.7    15.0    15.1   145.0    16.9 R    27.4     6.2    15.2
03733 201010  2.302  -79.4743   39.0130    14.4     4.5     9.4     9.6    71.7    11.4 R    21.0     1.2     9.2
03733 201011  2.302  -79.4743   39.0130     9.2    -1.1     4.0     3.8    93.0     7.7 R    14.1    -2.4     4.0
03733 201012  2.302  -79.4743   39.0130    -4.9   -10.6    -7.7    -7.7   106.2     4.0 R    -2.1   -11.3    -7.4
03733 201101  2.302  -79.4743   39.0130    -2.7    -9.9    -6.3    -6.3   109.7     5.7 R     0.6   -10.5    -5.8
03733 201102  2.302  -79.4743   39.0130     4.1    -6.0    -0.9    -0.6   130.5     8.2 R     9.1    -6.1     0.5
03733 201103  2.302  -79.4743   39.0130     6.4    -3.0     1.7     1.7   158.2    11.0 R    10.7    -3.0     2.9
03733 201104  2.302  -79.4743   39.0130    15.0     4.8     9.9     9.8   249.2    13.2 R    18.0     4.9    10.8
03733 201105  2.402  -79.4743   39.0130    18.5     8.5    13.5    13.4   184.9    16.9 R    24.6     8.2    14.9
03733 201106  2.402  -79.4743   39.0130    21.5    12.2    16.9    17.0   172.0    20.5 R    34.9    10.3    19.1
03733 201107  2.402  -79.4743   39.0130    24.9    14.4    19.7    19.7   141.3    22.8 R    33.9    13.1    21.0
03733 201108  2.402  -79.4743   39.0130    22.7    13.1    17.9    17.9   118.6    18.0 R    29.7    11.7    18.5
03733 201109  2.402  -79.4743   39.0130    19.2    10.5    14.9    14.5 -9999.0    12.1 R    25.9     9.2    15.1
03733 201110  2.402  -79.4743   39.0130    12.3     3.6     7.9     7.9   154.2     8.9 R    17.4     1.9     7.6
03733 201111  2.402  -79.4743   39.0130    11.8     1.3     6.5     6.3   137.5     7.6 R    16.6    -2.2     5.0
03733 201112  2.402  -79.4743   39.0130     5.4    -2.7     1.3     1.2   108.8     5.2 R     6.8    -6.0    -0.7
03733 201201  2.402  -79.4743   39.0130     3.5    -5.6    -1.1    -1.2   116.1     6.0 R     6.1    -8.6    -2.3
03733 201202  2.402  -79.4743   39.0130     4.3    -4.6    -0.1    -0.2   144.6     8.9 R     9.5    -7.6    -0.7
03733 201203  2.402  -79.4743   39.0130    14.0     2.7     8.4     8.3   101.3    14.1 R    25.5    -1.0     8.3
03733 201204  2.402  -79.4743   39.0130    13.4     1.7     7.6     7.7    69.1    17.9 R    27.8    -1.4     9.0
03733 201205  2.412  -79.4743   39.0130    20.4    10.3    15.3    15.1   165.3    18.7 R    30.0     8.3    16.1
03733 201206  2.412  -79.4743   39.0130    21.5     9.9    15.7    16.2    99.3    23.4 C    29.0     7.3    16.9
03733 201207  2.412  -79.4743   39.0130    24.9    15.0    19.9    19.8   217.0    19.7 C    30.3    13.5    20.5
03733 201208  2.412  -79.4743   39.0130    23.1    12.1    17.6    17.4    47.9    20.8 C    29.2    10.3    18.2
03733 201209  2.412  -79.4743   39.0130    19.5     8.4    14.0    13.8   114.1    15.5 C    25.3     6.4    14.2
03733 201210  2.412  -79.4743   39.0130    13.8     3.5     8.6     8.6   155.1     9.6 C    18.4     1.8     8.6
03733 201211  2.412  -79.4743   39.0130     5.6    -3.6     1.0     0.9    19.2     8.9 C     6.9    -7.4    -1.5
03733 201212  2.412  -79.4743   39.0130     5.0    -2.2     1.4     1.4   168.9     4.2 C     6.5    -4.6     0.6
03733 201301  2.412  -79.4743   39.0130     2.3    -5.4    -1.5    -1.6   150.3     5.1 C     2.9    -8.1    -2.8
03733 201302  2.412  -79.4743   39.0130     0.0    -8.2    -4.1    -4.1    96.5     7.0 C    -1.4   -11.3    -5.2
03733 201303  2.412  -79.4743   39.0130     1.2    -5.2    -2.0    -2.1   144.4    10.4 C    -0.2    -7.6    -3.5
03733 201304  2.412  -79.4743   39.0130    14.3     2.3     8.3     8.5    77.4    18.7 C    25.0    -0.7     9.5
03733 201305  2.412  -79.4743   39.0130    17.6     7.4    12.5    12.3   105.1    19.1 C    28.4     4.9    13.9
03733 201306  2.422  -79.4743   39.0130    21.1    12.7    16.9    16.8   190.2    17.5 C    30.4    10.2    18.1
03733 201307  2.422  -79.4743   39.0130    23.0    14.1    18.6    18.3    92.5    19.5 C    29.6    11.8    18.8
03733 201308  2.422  -79.4743   39.0130    21.2    12.5    16.9    16.6   229.8    17.1 C    27.2    10.0    16.9
03733 201309  2.422  -79.4743   39.0130    19.6     7.9    13.7    13.5    68.6    17.0 C    26.4     5.2    13.6
03733 201310  2.422  -79.4743   39.0130    14.6     4.8     9.7     9.4    55.9    10.2 C    19.3     1.6     8.7
03733 201311  2.422  -79.4743   39.0130     6.4    -4.0     1.2     1.1    97.4     7.7 C     9.9    -7.7     0.0
03733 201312  2.422  -79.4743   39.0130     3.8    -4.3    -0.3    -0.4   187.5     4.5 C     3.2    -8.9    -2.6
03733 201401  2.422  -79.4743   39.0130    -1.3   -12.9    -7.1    -6.9 -9999.0     6.5 C    -2.2   -17.8    -9.6
03733 201402  2.422  -79.4743   39.0130     0.1    -9.3    -4.6    -4.1   142.9     9.4 C    -0.6   -14.9    -7.0
03733 201403  2.422  -79.4743   39.0130     4.9    -6.1    -0.6    -0.2   109.6    14.1 C     9.8   -11.0    -1.5
03733 201404  2.422  -79.4743   39.0130    14.9     2.2     8.6     8.8    72.5    16.0 C    25.5    -2.3     8.7
03733 201405  2.422  -79.4743   39.0130    18.4     7.5    12.9    13.1   118.0    18.9 C    28.5     3.1    13.3
03733 201406  2.422  -79.4743   39.0130    22.3    12.2    17.2    17.2   138.1    22.1 C    32.0     9.3    18.2
03733 201407  2.422  -79.4743   39.0130    21.7    11.9    16.8    16.8   124.6    20.2 C    34.2     9.2    18.9
03733 201408  2.422  -79.4743   39.0130    21.5    11.8    16.6    16.4    60.0    16.9 C    30.1     9.1    17.3
03733 201409  2.422  -79.4743   39.0130    19.9     9.2    14.6    14.3    49.2    15.0 C    27.4     6.4    14.9
03733 201410  2.422  -79.4743   39.0130    13.5     5.2     9.4     9.0   154.6     8.0 C    18.7     2.6     9.0
03733 201411  2.422  -79.4743   39.0130     5.3    -3.9     0.7     0.9    83.4     6.1 C     7.1    -7.2    -0.4
03733 201412  2.422  -79.4743   39.0130     3.3    -3.7    -0.2    -0.1    97.7     4.0 C     5.5    -5.3    -0.4
03733 201501  2.422  -79.4743   39.0130    -1.1    -9.5    -5.3    -5.1    99.4     5.0 C    -0.8   -11.6    -6.0
03733 201502  2.422  -79.4743   39.0130    -3.3   -13.8    -8.5    -8.6    92.7     9.5 C    -3.8   -18.2   -10.3
03733 201503  2.422  -79.4743   39.0130     7.0    -4.2     1.4     1.6   182.2    11.8 C    12.4    -8.0     0.8
03733 201504  2.422  -79.4743   39.0130    13.4     2.8     8.1     8.2   157.3    14.8 C    23.9    -0.3     8.8
03733 201505  2.422  -79.4743   39.0130    20.8     9.5    15.2    15.1    32.0    21.0 C    31.4     5.7    15.7
03733 201506  2.422  -79.4743   39.0130    21.6    13.6    17.6    17.4   202.5    16.6 C    28.2    11.8    18.2
03733 201507  2.422  -79.4743   39.0130    23.1    13.9    18.5    18.3   158.6    19.8 C    29.0    11.8    18.8
03733 201508  2.422  -79.4743   39.0130    22.4    11.8    17.1    17.0    69.3    19.9 C    28.8     8.9    17.0
03733 201509  2.422  -79.4743   39.0130    20.8    10.4    15.6    15.4    92.4    14.1 C    26.6     8.1    15.2
03733 201510  2.422  -79.4743   39.0130    13.9     3.4     8.7     8.7    63.4    10.3 C    19.4     0.6     8.2
03733 201511  2.422  -79.4743   39.0130    11.6     1.6     6.6     6.6    68.0     7.6 C    16.1    -1.9     5.5
03733 201512  2.422  -79.4743   39.0130    10.8     2.2     6.5     6.4   115.6     4.4 C    12.6    -1.4     4.7
03733 201601  2.422  -79.4743   39.0130    -0.4   -10.2    -5.3    -5.0   109.3     6.5 C    -1.3   -15.1    -7.6
03733 201602  2.422  -79.4743   39.0130     2.5    -6.2    -1.9    -2.1   105.6     7.9 C     4.1    -9.6    -3.4
03733 201603  2.422  -79.4743   39.0130    11.7     1.3     6.5     6.3    64.6    12.1 C    19.4    -3.1     5.6
03733 201604  2.422  -79.4743   39.0130    13.9     1.4     7.6     7.9    92.4    16.4 C    23.6    -3.0     7.8
03733 201605  2.422  -79.4743   39.0130    16.6     7.4    12.0    11.7   151.7    15.5 C    26.3     5.3    12.8
03733 201606  2.422  -79.4743   39.0130    21.9    11.9    16.9    17.1   175.7    20.6 C    30.2     9.1    17.9
03733 201607  2.422  -79.4743   39.0130    23.8    15.1    19.5    19.1   117.9    18.6 C    30.4    12.7    19.8
03733 201608  2.422  -79.4743   39.0130    25.0    15.0    20.0    19.7    83.9    17.8 C    31.6    13.0    20.1
03733 201609  2.422  -79.4743   39.0130    23.1    11.1    17.1    16.7    60.2    15.9 C    29.7     8.7    16.8
03733 201610  2.422  -79.4743   39.0130    16.4     4.9    10.6    10.8    67.7    10.1 C    21.9     2.7    10.5
03733 201611  2.422  -79.4743   39.0130    10.0    -0.4     4.8     5.0    85.2     7.2 C    13.5    -4.1     3.1
03733 201612  2.422  -79.4743   39.0130     2.7    -5.8    -1.6    -1.6   160.3     3.9 C     4.1    -7.6    -2.1
03733 201701  2.422  -79.4743   39.0130     3.7    -3.8    -0.1    -0.3   178.6     3.3 C     3.8    -6.0    -1.1
03733 201702  2.422  -79.4743   39.0130     7.4    -2.3     2.6     2.5    93.5     7.8 C    10.7    -6.9     1.1
03733 201703  2.422  -79.4743   39.0130     6.8    -2.9     1.9     1.8   136.9    11.6 C    11.8    -7.0     1.1
03733 201704  2.422  -79.4743   39.0130    16.8     5.9    11.4    11.3   139.6    14.1 C    25.6     1.6    11.1
03733 201705  2.422  -79.4743   39.0130    16.5     7.6    12.0    12.1   144.8    15.1 C    25.2     4.8    12.9
03733 201706  2.422  -79.4743   39.0130    21.3    11.6    16.5    16.5   128.1    21.1 C    30.3     8.2    17.3
03733 201707  2.422  -79.4743   39.0130    23.2    14.1    18.7    18.5   230.9    19.0 C    30.2    11.7    19.2
