63857 200504  1.201  -85.9621   34.2851 -9999.0 -9999.0 -9999.0 -9999.0 -9999.0 -9999.0 U -9999.0 -9999.0 -9999.0
63857 200505  1.201  -85.9621   34.2851    23.1    10.1    16.6    17.1    66.8    22.6 R -9999.0 -9999.0    18.1
63857 200506  1.201  -85.9621   34.2851    27.2    17.3    22.2    22.1   161.9    20.0 R -9999.0 -9999.0    22.2
63857 200507  1.201  -85.9621   34.2851    29.1    20.1    24.6    24.0   185.6    18.4 R -9999.0 -9999.0    25.9
63857 200508  1.201  -85.9621   34.2851    29.7    19.9    24.8    24.3    80.6    18.5 R -9999.0 -9999.0    25.9
63857 200509  1.201  -85.9621   34.2851    28.7    15.5    22.1    21.9    63.4    18.3 R -9999.0 -9999.0    22.6
63857 200510  1.201  -85.9621   34.2851    22.2     8.7    15.4    15.1    22.1    14.0 R -9999.0 -9999.0    15.8
63857 200511  1.201  -85.9621   34.2851    17.2     4.5    10.8    10.8   126.3    10.3 R -9999.0 -9999.0    10.9
63857 200512  1.301  -85.9621   34.2851     8.7    -2.8     2.9     3.2   114.0     8.2 R -9999.0 -9999.0     3.3
63857 200601  1.301  -85.9621   34.2851    13.3     2.0     7.6     8.2   131.7     8.9 R    17.3     0.7     8.0
63857 200602  1.301  -85.9621   34.2851     9.9    -0.3     4.8     5.0    80.7    10.4 R    15.1    -1.6     5.4
63857 200603  1.301  -85.9621   34.2851    16.6     4.0    10.3    10.5    73.7    15.9 R    24.3     1.6    10.5
63857 200604  1.301  -85.9621   34.2851    23.3    10.3    16.8    17.1   162.8    19.0 R    27.8     7.6    16.0
63857 200605  1.301  -85.9621   34.2851    24.7    12.6    18.7    18.8    83.7    20.0 R    29.3    10.9    18.5
63857 200606  1.301  -85.9621   34.2851    29.9    15.6    22.7    22.8    79.1    22.7 R    43.8    13.5    24.4
63857 200607  1.301  -85.9621   34.2851    31.9    19.9    25.9    25.4    25.8    19.7 R    51.6    18.1    28.6
63857 200608  1.301  -85.9621   34.2851    33.0    20.3    26.7    25.9    58.9    17.7 R    46.7    18.8    27.8
63857 200609  1.301  -85.9621   34.2851    26.2    13.5    19.9    19.9   135.3    16.0 R    39.2    12.0    21.4
63857 200610  1.301  -85.9621   34.2851    19.6     7.5    13.6    13.8   179.0    12.8 R    26.2     5.8    13.8
63857 200611  1.301  -85.9621   34.2851    15.6     3.5     9.5     9.4   113.0     9.6 R    20.5     1.3     8.6
63857 200612  1.301  -85.9621   34.2851    13.3     1.1     7.2     7.0    86.2     8.3 R    17.8    -1.4     5.9
63857 200701  1.301  -85.9621   34.2851    10.1     0.4     5.2     5.4    79.7     7.9 R    14.6    -2.2     4.8
63857 200702  1.301  -85.9621   34.2851    10.3    -1.7     4.3     4.4    52.1    12.3 R    17.1    -5.1     3.6
63857 200703  1.301  -85.9621   34.2851    20.1     6.8    13.4    13.7    32.1    15.9 R    23.4     3.2    11.7
63857 200704  1.302  -85.9621   34.2851    19.1     6.6    12.9    13.2   109.5    19.8 R    36.6     2.4    14.3
63857 200705  1.302  -85.9621   34.2851    26.6    12.1    19.4    19.6    15.4    24.9 R    44.2     7.7    21.1
63857 200706  1.302  -85.9621   34.2851    31.4    16.7    24.1    24.1    39.0    24.3 R    53.8    13.2    27.3
63857 200707  1.302  -85.9621   34.2851    28.3    19.0    23.6    23.2   111.3    18.8 R    38.6    17.4    24.3
63857 200708  1.302  -85.9621   34.2851    34.3    20.4    27.3    26.9   128.4    21.7 R    47.2    18.2    28.2
63857 200709  1.302  -85.9621   34.2851    28.3    16.2    22.3    22.1    63.6    19.1 R    37.6    13.6    22.3
63857 200710  1.302  -85.9621   34.2851    23.1    11.3    17.2    17.0    48.1    14.5 R    33.0     8.2    17.0
63857 200711  1.302  -85.9621   34.2851    16.4     2.2     9.3     9.4    80.5    11.9 R    26.1    -0.6     9.1
63857 200712  1.302  -85.9621   34.2851    13.3     2.9     8.1     8.2 -9999.0     7.5 R    19.1     0.5     7.9
63857 200801  1.302  -85.9621   34.2851     8.8    -2.2     3.3     3.5   142.9     9.9 R    16.2    -4.5     3.6
63857 200802  1.302  -85.9621   34.2851    12.7     0.2     6.4     6.7   110.6    10.8 R    19.1    -2.8     6.3
63857 200803  1.302  -85.9621   34.2851    16.4     3.3     9.8    10.3   123.7    16.2 R    23.1     0.5     9.6
63857 200804  1.302  -85.9621   34.2851    20.4     9.0    14.7    14.7    95.4    20.4 R    24.5     6.7    13.9
63857 200805  1.302  -85.9621   34.2851    24.0    12.5    18.3    18.6   125.4    21.8 R    28.3    10.3    18.1
63857 200806  1.302  -85.9621   34.2851    29.6    16.9    23.3    23.3    27.0    25.4 R    40.2    14.2    24.2
63857 200807  1.302  -85.9621   34.2851    31.6    18.1    24.9    24.4    44.3    22.1 R    44.7    15.7    25.8
63857 200808  1.302  -85.9621   34.2851    30.0    18.1    24.0    23.8   203.8    17.0 R    38.0    15.9    24.1
63857 200809  1.302  -85.9621   34.2851    26.7    16.1    21.4    21.0    39.5    17.3 R    31.7    14.0    20.8
63857 200810  1.302  -85.9621   34.2851    20.5     7.9    14.2    14.1    54.3    15.1 R    25.2     5.5    13.4
63857 200811  1.302  -85.9621   34.2851    14.5     0.6     7.5     7.6    69.0    11.2 R    20.2    -1.7     6.9
63857 200812  1.302  -85.9621   34.2851    11.9     1.7     6.8     6.9   268.4     7.0 R    15.1    -0.1     6.5
63857 200901  1.302  -85.9621   34.2851     9.7    -1.3     4.2     4.1   181.8     9.0 R    15.2    -3.6     3.9
63857 200902  1.302  -85.9621   34.2851    12.9     0.0     6.4     6.7   117.6    13.0 R    21.5    -3.4     6.3
63857 200903  1.302  -85.9621   34.2851    16.7     5.6    11.2    11.3   135.1    14.7 R    29.0     2.2    11.7
63857 200904  2.402  -85.9621   34.2851    20.1     7.7    13.9    14.3    86.0    18.7 R    35.6     4.2    15.4
63857 200905  2.402  -85.9621   34.2851    23.6    15.1    19.4    19.0   231.8    17.5 R    30.0    13.8    19.9
63857 200906  2.402  -85.9621   34.2851    29.8    17.8    23.8    24.0    33.2    24.6 R    35.1    15.7    24.2
63857 200907  2.402  -85.9621   34.2851    28.5    17.2    22.9    23.0   173.5    21.8 R    35.8    15.6    23.9
63857 200908  2.402  -85.9621   34.2851    28.9    18.1    23.5    23.2    51.3    20.2 R    36.5    16.8    24.3
63857 200909  2.402  -85.9621   34.2851    25.4    17.2    21.3    20.8   168.0    13.2 R    31.5    16.2    21.4
63857 200910  2.402  -85.9621   34.2851    19.4     9.0    14.2    14.1   191.3    10.2 R    24.2     7.9    14.4
63857 200911  2.402  -85.9621   34.2851    16.3     3.0     9.7     9.6   102.2    11.4 R    22.1     1.2     9.3
63857 200912  2.402  -85.9621   34.2851     8.8    -0.3     4.3     4.2   234.1     6.6 R    12.9    -1.5     4.2
63857 201001  2.402  -85.9621   34.2851     6.3    -3.4     1.5     1.4   131.3     9.0 R    11.8    -4.9     1.6
63857 201002  2.402  -85.9621   34.2851     6.7    -3.0     1.9     1.9    83.5    10.5 R    13.5    -4.8     2.4
63857 201003  2.402  -85.9621   34.2851    13.6     2.7     8.2     8.4   143.1    12.8 R    22.3     0.8     8.8
63857 201004  2.402  -85.9621   34.2851    22.7     8.3    15.5    16.0   146.2    21.6 R    34.7     5.8    17.0
63857 201005  2.402  -85.9621   34.2851    25.6    13.9    19.8    19.9   161.5    20.6 R    31.5    12.5    20.4
63857 201006  2.402  -85.9621   34.2851    30.5    18.5    24.5    24.4    81.0    21.7 R    34.6    17.3    24.6
63857 201007  2.402  -85.9621   34.2851    32.4    19.8    26.1    25.7    20.7    22.2 R    43.6    18.1    27.5
63857 201008  2.402  -85.9621   34.2851    32.7    20.7    26.7    26.0    44.5    18.8 R    42.3    19.1    27.1
63857 201009  2.402  -85.9621   34.2851    30.8    15.0    22.9    22.7    39.6    18.1 R    42.1    12.3    23.4
63857 201010  2.402  -85.9621   34.2851    24.3     6.6    15.4    15.7    79.5    16.5 R    33.3     3.9    15.6
63857 201011  2.402  -85.9621   34.2851    16.5     3.7    10.1    10.0   165.9     9.7 R    22.9     1.6     9.7
63857 201012  2.402  -85.9621   34.2851     6.5    -3.3     1.6     1.4    40.6     7.9 R    11.2    -5.2     1.5
63857 201101  2.402  -85.9621   34.2851     6.9    -2.8     2.1     2.3   115.6     8.2 R    11.2    -4.7     2.1
63857 201102  2.402  -85.9621   34.2851    13.5     1.3     7.4     7.4    87.4    11.1 R    22.0    -1.3     7.6
63857 201103  2.402  -85.9621   34.2851    16.4     6.0    11.2    11.2   258.9    13.5 R    26.1     4.2    12.1
63857 201104  2.402  -85.9621   34.2851    22.5    10.0    16.2    16.5   178.0    19.9 R    31.0     8.1    17.2
63857 201105  2.402  -85.9621   34.2851    24.8    12.0    18.4    18.7    57.1    22.2 R    32.3    10.6    19.6
63857 201106  2.402  -85.9621   34.2851    30.9    17.7    24.3    24.0   152.8    22.9 R    35.5    16.6    24.6
63857 201107  2.402  -85.9621   34.2851    30.6    20.1    25.4    25.0   121.2    21.4 R    38.4    19.2    26.5
63857 201108  2.402  -85.9621   34.2851    31.2    18.4    24.8    24.6    53.4    21.4 R    39.6    16.8    25.9
63857 201109  2.402  -85.9621   34.2851    24.9    13.4    19.1    19.1   296.8    14.9 R    36.4    12.5    21.0
63857 201110  2.402  -85.9621   34.2851    20.2     6.9    13.6    13.4    22.8    14.9 R    27.2     5.3    13.8
63857 201111  2.402  -85.9621   34.2851    16.2     4.8    10.5    10.7   157.3     9.1 R    21.4     3.4    10.8
63857 201112  2.402  -85.9621   34.2851    12.8     1.6     7.2     7.1   138.1     7.7 R    17.0     0.3     7.1
63857 201201  2.402  -85.9621   34.2851    13.0     1.4     7.2     7.5   152.9     8.4 R    17.7     0.2     7.4
63857 201202  2.402  -85.9621   34.2851    14.0     2.2     8.1     8.6    80.6    10.6 R    19.4     0.8     8.6
63857 201203  2.402  -85.9621   34.2851    21.6     9.5    15.6    15.8   104.5    16.4 R    27.2     7.6    15.4
63857 201204  2.402  -85.9621   34.2851    22.3     9.2    15.7    16.0    34.9    20.8 R    29.2     7.1    16.2
63857 201205  2.402  -85.9621   34.2851    27.2    14.1    20.7    20.7    47.6    21.7 R    32.3    12.7    21.1
63857 201206  2.402  -85.9621   34.2851    29.9    16.0    23.0    23.2    85.9    24.0 R    35.1    14.5    23.8
63857 201207  2.402  -85.9621   34.2851    31.3    20.2    25.7    25.3   136.2    20.7 R    41.5    19.3    27.2
63857 201208  2.402  -85.9621   34.2851    28.8    18.0    23.4    23.2   107.8    18.5 R    37.5    16.6    24.6
63857 201209  2.402  -85.9621   34.2851    25.9    13.9    19.9    19.7   174.4    15.9 R    33.3    12.6    20.5
63857 201210  2.402  -85.9621   34.2851    19.9     8.1    14.0    14.0    37.9    12.8 R    24.4     6.8    13.9
63857 201211  2.412  -85.9621   34.2851    15.9     0.9     8.4     8.5    33.4    11.4 R    20.3    -1.2     7.7
63857 201212  2.412  -85.9621   34.2851    13.4     3.5     8.4     8.3 -9999.0     7.3 C    17.0     2.4     8.4
63857 201301  2.412  -85.9621   34.2851    11.3     2.5     6.9     6.9   267.1     7.1 C    14.2     2.3     7.3
63857 201302  2.412  -85.9621   34.2851    10.3     0.2     5.2     5.5   128.3    10.4 C    14.6    -0.6     6.0
63857 201303  2.412  -85.9621   34.2851    12.7     1.5     7.1     7.3   135.5    14.6 C    18.1     0.7     8.0
63857 201304  2.412  -85.9621   34.2851    20.2     8.4    14.3    14.4   178.3    18.9 C    26.3     7.2    15.2
63857 201305  2.412  -85.9621   34.2851    23.1    12.2    17.7    17.9   182.5    20.4 C    33.9    11.5    20.3
63857 201306  2.412  -85.9621   34.2851    28.4    17.9    23.1    23.0   139.2    22.7 C    34.9    16.9    24.5
63857 201307  2.412  -85.9621   34.2851    27.8    18.8    23.3    23.0   244.3    18.6 C    38.5    18.6    25.6
63857 201308  2.412  -85.9621   34.2851    27.7    18.4    23.1    22.8   140.8    17.6 C    37.2    18.6    25.2
63857 201309  2.412  -85.9621   34.2851    26.7    15.2    21.0    20.7    87.4    18.3 C    33.7    14.7    22.3
63857 201310  2.412  -85.9621   34.2851    21.9     8.9    15.4    15.4     9.9    13.7 C    29.8     7.9    16.5
63857 201311  2.422  -85.9621   34.2851    14.1     1.6     7.8     7.8   114.9    10.4 C    20.7     0.7     8.5
63857 201312  2.422  -85.9621   34.2851    11.2     1.3     6.3     6.2   243.5     6.3 C    15.0     1.4     6.6
63857 201401  2.422  -85.9621   34.2851     6.2    -6.4    -0.1     0.3    47.2     9.9 C    11.6    -6.0     0.9
63857 201402  2.422  -85.9621   34.2851    10.7    -0.5     5.1     5.3   127.9    10.3 C    15.6    -1.2     5.7
63857 201403  2.422  -85.9621   34.2851    15.4     2.5     8.9     9.1    87.3    14.5 C    22.7     1.9     9.9
63857 201404  2.422  -85.9621   34.2851    20.9     8.5    14.7    15.1   223.3    18.3 C    27.3     7.1    15.4
63857 201405  2.422  -85.9621   34.2851    24.7    12.6    18.7    19.1    84.3    22.4 C    36.1    12.1    21.1
63857 201406  2.422  -85.9621   34.2851    28.2    17.9    23.0    22.6   141.4    20.6 C    35.0    17.7    23.9
63857 201407  2.422  -85.9621   34.2851    28.1    17.1    22.6    22.6   132.8    22.9 C    35.5    15.9    24.0
63857 201408  2.422  -85.9621   34.2851    30.1    17.1    23.6    23.2    44.4    21.0 C    37.6    16.5    24.7
63857 201409  2.422  -85.9621   34.2851    28.4    16.3    22.4    21.8    44.0    16.8 C    39.5    15.9    23.8
63857 201410  2.422  -85.9621   34.2851    22.8     9.3    16.1    15.9   143.9    13.5 C    29.6     8.7    16.5
63857 201411  2.422  -85.9621   34.2851    12.8     0.4     6.6     6.7    76.5    10.7 C    17.8     0.2     7.2
63857 201412  2.422  -85.9621   34.2851    11.9     2.1     7.0     7.0   161.8     6.7 C    16.4     1.8     7.4
63857 201501  2.422  -85.9621   34.2851     8.9    -2.0     3.4     3.7    90.8     8.8 C    12.8    -2.0     4.0
63857 201502  2.422  -85.9621   34.2851     7.0    -4.2     1.4     1.4    92.7    10.7 C    12.2    -4.3     2.2
63857 201503  2.422  -85.9621   34.2851    16.7     5.1    10.9    11.1   117.1    12.8 C    21.5     4.6    11.4
63857 201504  2.422  -85.9621   34.2851    21.2    10.2    15.7    16.2   173.0    16.9 C    25.6     8.9    16.0
63857 201505  2.422  -85.9621   34.2851    26.0    13.5    19.8    19.8    81.7    22.1 C    34.6    12.5    21.2
63857 201506  2.422  -85.9621   34.2851    30.3    18.3    24.3    24.3    15.7    23.9 C    37.6    18.1    26.7
63857 201507  2.422  -85.9621   34.2851    31.1    20.3    25.7    25.4   112.5    22.2 C    37.4    20.1    27.5
63857 201508  2.422  -85.9621   34.2851    28.9    18.2    23.6    23.2   162.6    18.8 C    36.2    18.1    25.2
63857 201509  2.422  -85.9621   34.2851    26.4    15.6    21.0    20.7    34.5    16.0 C    33.3    15.3    22.5
63857 201510  2.422  -85.9621   34.2851    21.3     9.9    15.6    15.5   125.4    12.6 C    27.0     9.6    16.8
63857 201511  2.422  -85.9621   34.2851    17.5     8.2    12.8    12.7   132.5     8.5 C    21.1     7.9    13.3
63857 201512  2.422  -85.9621   34.2851    16.0     7.1    11.6    11.7   305.4     6.9 C    19.1     6.4    11.6
63857 201601  2.422  -85.9621   34.2851     8.2    -1.5     3.3     3.4    93.4     9.1 C    12.4    -1.7     3.7
63857 201602  2.422  -85.9621   34.2851    12.1     2.0     7.0     6.9   232.0    11.7 C    16.4     0.8     6.8
63857 201603  2.422  -85.9621   34.2851    18.4     7.0    12.7    13.2   129.0    15.7 C    23.8     5.4    12.9
63857 201604  2.422  -85.9621   34.2851    21.2     8.8    15.0    15.4    62.6    21.6 C    30.0     7.4    16.2
63857 201605  2.422  -85.9621   34.2851    25.1    12.1    18.6    18.9    62.8    23.5 C    36.8    11.9    21.4
63857 201606  2.422  -85.9621   34.2851    31.2    17.3    24.3    24.3    68.2    23.9 C    41.2    16.7    26.3
63857 201607  2.422  -85.9621   34.2851    32.4    20.3    26.3    25.7   114.5    22.2 C    43.5    20.0    28.2
63857 201608  2.422  -85.9621   34.2851    31.2    20.5    25.9    25.3    70.6    19.8 C    42.2    20.0    27.3
63857 201609  2.422  -85.9621   34.2851    31.0    16.8    23.9    23.6    28.9    18.4 C    44.1    15.6    25.3
63857 201610  2.422  -85.9621   34.2851    26.7    10.5    18.6    18.5     0.0    16.0 C    39.8     8.0    19.2
63857 201611  2.422  -85.9621   34.2851    20.0     3.8    11.9    12.2   108.7    11.5 C    30.6     1.2    12.1
63857 201612  2.422  -85.9621   34.2851    12.2     1.7     7.0     6.9    84.4     7.0 C    16.4     1.3     7.4
63857 201701  2.422  -85.9621   34.2851    14.0     4.5     9.3     9.3   178.0     7.9 C    19.5     3.7     9.4
63857 201702  2.422  -85.9621   34.2851    15.7     4.7    10.2    10.6    68.4    10.3 C    20.4     3.8    10.5
63857 201703  2.422  -85.9621   34.2851    17.5     5.8    11.7    11.8   167.1    15.4 C    24.9     5.3    12.5
63857 201704  2.422  -85.9621   34.2851    23.7    11.7    17.7    17.9   142.2    20.0 C    32.1    10.9    18.8
63857 201705  2.422  -85.9621   34.2851    24.9    13.5    19.2    19.3   240.7    21.5 C    33.5    12.6    21.0
63857 201706  2.422  -85.9621   34.2851    27.5    17.6    22.5    22.4   229.4    20.1 C    36.0    16.9    24.1
63857 201707  2.422  -85.9621   34.2851    30.2    19.6    24.9    24.4   160.6    22.0 C    38.7    19.4    26.3
