53183 201109  6.101 -112.4530   36.8552 -9999.0 -9999.0 -9999.0 -9999.0 -9999.0 -9999.0 U -9999.0 -9999.0 -9999.0
53183 201110  6.101 -112.4530   36.8552    21.4     4.1    12.8    12.6    14.4 -9999.0 U -9999.0 -9999.0 -9999.0
53183 201111  6.101 -112.4530   36.8552    12.4    -2.0     5.2     4.7     9.3 -9999.0 U -9999.0 -9999.0 -9999.0
53183 201112  6.101 -112.4530   36.8552     7.6    -6.7     0.4    -0.1     5.4 -9999.0 U -9999.0 -9999.0 -9999.0
53183 201201  6.101 -112.4530   36.8552    10.8    -5.7     2.5     2.0     9.5 -9999.0 U -9999.0 -9999.0 -9999.0
53183 201202  6.101 -112.4530   36.8552     9.7    -4.6     2.5     2.6    18.0 -9999.0 U -9999.0 -9999.0 -9999.0
53183 201203  6.101 -112.4530   36.8552    16.1    -1.2     7.4     7.5    18.4 -9999.0 U -9999.0 -9999.0 -9999.0
53183 201204  6.101 -112.4530   36.8552    20.4     3.6    12.0    12.3     8.3 -9999.0 U -9999.0 -9999.0 -9999.0
53183 201205  6.101 -112.4530   36.8552    26.9     7.3    17.1    18.3     0.0 -9999.0 U -9999.0 -9999.0 -9999.0
53183 201206  6.101 -112.4530   36.8552    33.3    12.6    22.9    24.2     0.0 -9999.0 U -9999.0 -9999.0 -9999.0
53183 201207  6.101 -112.4530   36.8552    31.8    16.1    24.0    24.0    23.8 -9999.0 U -9999.0 -9999.0 -9999.0
53183 201208  6.101 -112.4530   36.8552    32.4    16.0    24.2    23.7    17.8 -9999.0 U -9999.0 -9999.0 -9999.0
53183 201209  6.101 -112.4530   36.8552    28.3    11.4    19.9    19.8    24.4 -9999.0 U -9999.0 -9999.0 -9999.0
53183 201210  6.101 -112.4530   36.8552    22.3     5.1    13.7    13.7    10.3 -9999.0 U -9999.0 -9999.0 -9999.0
53183 201211  6.101 -112.4530   36.8552    16.6    -0.6     8.0     7.5     4.0 -9999.0 U -9999.0 -9999.0 -9999.0
53183 201212  6.101 -112.4530   36.8552     6.5    -5.5     0.5     0.8    16.3 -9999.0 U -9999.0 -9999.0 -9999.0
53183 201301  6.101 -112.4530   36.8552     5.4    -8.7    -1.6    -2.1    22.3 -9999.0 U -9999.0 -9999.0 -9999.0
53183 201302  6.101 -112.4530   36.8552     9.1    -6.2     1.4     1.2     4.7 -9999.0 U -9999.0 -9999.0 -9999.0
53183 201303  6.101 -112.4530   36.8552    17.2     0.1     8.6     8.6    14.6 -9999.0 U -9999.0 -9999.0 -9999.0
53183 201304  6.101 -112.4530   36.8552    19.8     2.3    11.0    11.6     8.1 -9999.0 U -9999.0 -9999.0 -9999.0
53183 201305  6.101 -112.4530   36.8552    25.1     6.8    16.0    16.7     4.2 -9999.0 U -9999.0 -9999.0 -9999.0
53183 201306  6.101 -112.4530   36.8552    33.7    14.0    23.8    24.7     0.0 -9999.0 U -9999.0 -9999.0 -9999.0
53183 201307  6.101 -112.4530   36.8552    33.2    16.8    25.0    24.8    35.2 -9999.0 U -9999.0 -9999.0 -9999.0
53183 201308  6.101 -112.4530   36.8552    30.8    15.5    23.1    23.2    26.4 -9999.0 U -9999.0 -9999.0 -9999.0
53183 201309  6.101 -112.4530   36.8552    26.0    11.3    18.7    18.4    25.3 -9999.0 U -9999.0 -9999.0 -9999.0
53183 201310  6.101 -112.4530   36.8552    18.4     2.3    10.4    10.4    28.0 -9999.0 U -9999.0 -9999.0 -9999.0
53183 201311  6.101 -112.4530   36.8552    13.1    -1.0     6.1     5.6    18.2 -9999.0 U -9999.0 -9999.0 -9999.0
53183 201312  6.101 -112.4530   36.8552     6.7    -8.4    -0.9    -1.4     6.3 -9999.0 U -9999.0 -9999.0 -9999.0
53183 201401  6.101 -112.4530   36.8552    12.2    -4.9     3.6     2.9     2.7 -9999.0 U -9999.0 -9999.0 -9999.0
53183 201402  6.101 -112.4530   36.8552    13.1    -2.4     5.3     5.3    15.8 -9999.0 U -9999.0 -9999.0 -9999.0
53183 201403  6.101 -112.4530   36.8552    15.9    -0.7     7.6     7.9     4.5 -9999.0 U -9999.0 -9999.0 -9999.0
53183 201404  6.101 -112.4530   36.8552    19.6     2.5    11.0    11.4     9.7 -9999.0 U -9999.0 -9999.0 -9999.0
53183 201405  6.101 -112.4530   36.8552    24.9     7.2    16.1    16.9     3.4 -9999.0 U -9999.0 -9999.0 -9999.0
53183 201406  6.101 -112.4530   36.8552 -9999.0 -9999.0 -9999.0 -9999.0 -9999.0 -9999.0 U -9999.0 -9999.0 -9999.0
