54937 200807  2.302  -99.4778   46.7702 -9999.0 -9999.0 -9999.0 -9999.0 -9999.0 -9999.0 U -9999.0 -9999.0 -9999.0
54937 200808  2.302  -99.4778   46.7702    26.9    13.5    20.2    20.2    20.3    21.3 R    44.2    12.6    23.9
54937 200809  2.302  -99.4778   46.7702    20.4     6.8    13.6    13.4    53.5    14.7 R    29.4     5.8    14.6
54937 200810  2.302  -99.4778   46.7702    12.7     0.6     6.7     6.4    68.8     9.6 R    17.6    -0.2     6.4
54937 200811  2.302  -99.4778   46.7702     3.3    -5.9    -1.3    -1.4    18.7     5.3 R     7.7    -5.7    -1.2
54937 200812  2.302  -99.4778   46.7702    -8.4   -20.6   -14.5   -14.3    19.5     4.8 R    -3.0   -20.9   -14.3
54937 200901  2.302  -99.4778   46.7702   -10.3   -21.0   -15.6   -15.3    15.1     6.7 R    -3.4   -22.5   -15.8
54937 200902  2.302  -99.4778   46.7702    -7.8   -16.6   -12.2   -12.0    29.8    10.5 R    -1.1   -16.8   -11.9
54937 200903  2.302  -99.4778   46.7702    -3.4   -12.1    -7.7    -7.4    76.7    14.9 R     4.7   -11.6    -6.5
54937 200904  2.302  -99.4778   46.7702     8.1    -2.3     2.9     2.8 -9999.0    18.1 R    15.2    -3.4     2.9
54937 200905  2.302  -99.4778   46.7702    17.9     3.4    10.7    10.8    26.2    22.4 R    30.2     2.5    12.8
54937 200906  2.302  -99.4778   46.7702    21.0     9.3    15.2    15.5    50.2    22.8 R    34.6     9.0    18.6
54937 200907  2.302  -99.4778   46.7702    23.8    11.0    17.4    17.7    55.7    23.8 R    42.3    11.0    22.1
54937 200908  2.302  -99.4778   46.7702    24.9    11.3    18.1    18.1    62.1    19.0 R    39.9    11.0    20.9
54937 200909  2.302  -99.4778   46.7702    23.4    10.3    16.9    16.7    40.2    16.4 R    32.2     9.4    18.0
54937 200910  2.302  -99.4778   46.7702     6.1    -0.9     2.6     2.7    95.3     5.9 R     9.8    -0.8     3.2
54937 200911  2.302  -99.4778   46.7702     9.1    -4.0     2.6     2.0     0.9     7.2 R    10.9    -4.8     0.9
54937 200912  2.302  -99.4778   46.7702 -9999.0 -9999.0 -9999.0 -9999.0    32.5     4.2 R    -9.2   -18.9   -13.7
54937 201001  2.302  -99.4778   46.7702    -9.2   -17.1   -13.2   -12.7    18.6     6.2 R    -8.7   -18.8   -13.6
54937 201002  2.302  -99.4778   46.7702    -9.1   -17.4   -13.2   -12.7    15.2    10.0 R    -7.7   -18.9   -13.0
54937 201003  2.302  -99.4778   46.7702     3.6    -4.5    -0.4    -0.4    36.3    12.7 R     3.4    -5.3    -1.1
54937 201004  2.302  -99.4778   46.7702    15.4     1.2     8.3     8.4    31.7    17.7 R    24.4     0.0     9.3
54937 201005  2.302  -99.4778   46.7702    16.5     6.1    11.3    11.3   100.7    18.7 R    21.8     4.8    11.6
54937 201006  2.403  -99.4778   46.7702    22.3    11.4    16.9    17.1    79.9    22.7 R    33.5    11.0    19.3
54937 201007  2.403  -99.4778   46.7702    26.2    13.7    19.9    20.3   160.6    23.0 R    41.7    13.4    23.6
54937 201008  2.403  -99.4778   46.7702    26.5    13.7    20.1    20.1    30.8    20.8 R    35.8    13.2    21.5
54937 201009  2.403  -99.4778   46.7702    17.8     6.4    12.1    12.0   121.0    13.9 R    23.9     6.1    12.5
54937 201010  2.403  -99.4778   46.7702    14.6     1.7     8.1     7.9    11.6    11.1 R    20.1     0.9     7.8
54937 201011  2.403  -99.4778   46.7702     2.6    -8.1    -2.7    -2.9 -9999.0     5.9 R    10.4    -8.6    -2.9
54937 201012  2.403  -99.4778   46.7702    -9.1   -16.1   -12.6   -12.2 -9999.0     4.5 R    -0.6   -16.8   -12.1
54937 201101  2.403  -99.4778   46.7702   -10.0   -19.3   -14.7   -14.8 -9999.0     5.8 R    -2.2   -19.9   -14.6
54937 201102  2.403  -99.4778   46.7702    -8.0   -17.0   -12.5   -12.1     8.1    10.7 R     0.5   -17.9   -12.5
54937 201103  2.403  -99.4778   46.7702    -3.7   -12.1    -7.9    -7.4    68.3    14.7 R     4.8   -13.1    -7.4
54937 201104  2.403  -99.4778   46.7702     7.8    -1.7     3.0     3.1    61.2    16.2 R    18.1    -2.9     3.7
54937 201105  2.403  -99.4778   46.7702    15.5     4.8    10.2    10.2    53.9    17.7 R    24.8     4.1    11.4
54937 201106  2.403  -99.4778   46.7702    21.9    10.6    16.2    16.7   158.7    21.2 R    26.5    10.0    17.3
54937 201107  2.403  -99.4778   46.7702    27.2    15.7    21.5    21.8   110.3    23.3 R    30.8    15.2    22.2
54937 201108  2.403  -99.4778   46.7702    26.1    13.2    19.6    19.7    66.3    20.8 R    31.1    12.7    20.5
54937 201109  2.403  -99.4778   46.7702    20.9     6.5    13.7    13.6    17.8    16.5 R    25.7     5.9    14.4
54937 201110  2.403  -99.4778   46.7702    14.9     2.6     8.8     8.5    30.4    10.0 R    18.0     1.8     8.6
54937 201111  2.403  -99.4778   46.7702     5.4    -6.7    -0.7    -0.8     2.0     6.6 R     7.7    -7.4    -1.0
54937 201112  2.403  -99.4778   46.7702     0.0   -10.6    -5.3    -5.0     9.6     4.2 R     1.0   -11.4    -5.2
54937 201201  2.403  -99.4778   46.7702    -1.4   -13.1    -7.3    -6.9     7.1     5.7 R    -0.4   -14.1    -7.3
54937 201202  2.403  -99.4778   46.7702     0.0   -13.1    -6.5    -6.7    17.7     9.5 R     2.1   -13.4    -6.4
54937 201203  2.403  -99.4778   46.7702    12.1    -1.8     5.1     5.2     2.2    14.2 R    15.4    -3.0     5.2
54937 201204  2.403  -99.4778   46.7702    13.3     0.6     7.0     7.4    59.5    16.7 R    18.5     0.0     8.1
54937 201205  2.413  -99.4778   46.7702    18.4     5.7    12.0    12.4    65.5    19.7 R    24.2     4.5    13.1
54937 201206  2.413  -99.4778   46.7702    24.9    11.5    18.2    18.6    68.4    24.7 C    30.8    10.7    19.9
54937 201207  2.413  -99.4778   46.7702    29.5    16.3    22.9    23.1    69.2    23.3 C    37.4    15.8    25.2
54937 201208  2.413  -99.4778   46.7702    26.5    11.3    18.9    19.1    55.0    20.5 C    35.4    10.4    20.9
54937 201209  2.413  -99.4778   46.7702    22.6     5.6    14.1    14.2     5.1    16.9 C    29.3     4.1    15.0
54937 201210  2.413  -99.4778   46.7702    10.1    -0.7     4.7     4.6    40.3     7.9 C    13.0    -1.3     5.1
54937 201211  2.413  -99.4778   46.7702     2.3    -7.4    -2.6    -2.7    12.1     5.1 C     3.1    -7.7    -2.6
54937 201212  2.413  -99.4778   46.7702    -6.1   -14.6   -10.4   -10.0    13.4     4.5 C    -5.1   -15.5   -10.0
54937 201301  2.413  -99.4778   46.7702    -6.5   -17.7   -12.1   -11.9     6.6     5.8 C    -6.4   -18.7   -12.2
54937 201302  2.413  -99.4778   46.7702    -4.5   -14.4    -9.4    -9.5    15.8     9.3 C    -3.1   -15.4    -9.3
54937 201303  2.413  -99.4778   46.7702    -4.6   -15.4   -10.0    -9.3    21.3    16.6 C    -2.1   -16.3    -8.7
54937 201304  2.413  -99.4778   46.7702     3.5    -6.4    -1.4    -1.1    35.2    19.1 C     4.3    -7.2    -1.3
54937 201305  2.423  -99.4778   46.7702    18.2     4.7    11.5    11.5   144.1    21.6 C    24.3     3.7    12.8
54937 201306  2.423  -99.4778   46.7702    22.7    11.0    16.8    17.1    40.0    22.5 C    29.7     8.9    17.8
54937 201307  2.423  -99.4778   46.7702    27.2    13.5    20.3    20.4    12.5    24.1 C    39.1    12.0    22.8
54937 201308  2.423  -99.4778   46.7702    28.1    13.8    20.9    20.7    17.3    20.8 C    40.5    12.4    23.1
54937 201309  2.423  -99.4778   46.7702    23.3    10.2    16.7    16.4   147.8    15.1 C    29.3     8.6    16.9
54937 201310  2.423  -99.4778   46.7702     9.3    -0.4     4.5     4.6   135.8     8.2 C    11.7    -1.7     4.3
54937 201311  2.423  -99.4778   46.7702     2.4    -9.4    -3.5    -3.3 -9999.0     5.8 C     4.5   -11.3    -3.7
54937 201312  2.423  -99.4778   46.7702   -10.6   -20.6   -15.6   -15.5 -9999.0     4.6 C   -10.6   -22.4   -16.2
54937 201401  2.423  -99.4778   46.7702    -6.4   -20.3   -13.4   -13.5 -9999.0     6.7 C    -7.2   -22.8   -14.6
54937 201402  2.423  -99.4778   46.7702   -10.6   -21.8   -16.2   -16.2 -9999.0    11.3 C   -10.5   -24.7   -17.5
54937 201403  2.423  -99.4778   46.7702    -0.5   -10.5    -5.5    -5.4 -9999.0    13.1 C     3.2   -11.9    -5.0
54937 201404  2.423  -99.4778   46.7702     9.7    -3.5     3.1     3.0 -9999.0    18.7 C    15.6    -6.4     3.1
54937 201405  2.423  -99.4778   46.7702    17.8     5.7    11.8    12.0 -9999.0    20.6 C    26.6     3.2    13.0
54937 201406  2.423  -99.4778   46.7702    21.7    10.7    16.2    16.5 -9999.0    19.8 C    28.8     9.4    17.4
54937 201407  2.423  -99.4778   46.7702    25.1    12.5    18.8    18.8 -9999.0    24.3 C    34.7    10.8    20.5
54937 201408  2.423  -99.4778   46.7702    24.3    13.8    19.1    19.0   102.8    16.3 C    41.6    11.8    22.4
54937 201409  2.423  -99.4778   46.7702    20.7     8.0    14.3    13.9    62.7    15.5 C    27.8     5.9    14.3
54937 201410  2.423  -99.4778   46.7702    13.7     1.5     7.6     7.4    11.1     9.1 C    16.8    -1.2     6.6
54937 201411  2.423  -99.4778   46.7702    -2.1   -12.1    -7.1    -6.9    16.4     5.3 C    -1.5   -14.6    -7.8
54937 201412  2.423  -99.4778   46.7702    -3.7   -12.8    -8.3    -8.2     7.2     4.3 C    -4.4   -15.1    -9.4
54937 201501  2.423  -99.4778   46.7702 -9999.0 -9999.0 -9999.0 -9999.0 -9999.0 -9999.0 U -9999.0 -9999.0 -9999.0
54937 201502  2.423  -99.4778   46.7702    -8.6   -20.2   -14.4   -14.2     9.8     9.4 C    -8.0   -23.1   -14.9
54937 201503  2.423  -99.4778   46.7702     6.3    -6.7    -0.2    -0.3    16.7    13.8 C    10.1    -9.4    -0.9
54937 201504  2.423  -99.4778   46.7702    13.8    -0.5     6.7     6.7    21.3    18.6 C    23.1    -3.3     7.7
54937 201505  2.423  -99.4778   46.7702    17.2     4.6    10.9    10.9   128.0    18.6 C    26.6     2.6    12.3
54937 201506  2.423  -99.4778   46.7702    23.9    12.1    18.0    18.1   136.3    23.4 C    33.8    10.5    19.8
54937 201507  2.423  -99.4778   46.7702    27.2    14.3    20.8    20.8    34.1    24.0 C    37.6    12.6    22.8
54937 201508  2.423  -99.4778   46.7702    27.4    12.7    20.0    19.9    20.4    20.5 C    39.5    10.9    22.1
54937 201509  2.423  -99.4778   46.7702    24.3     9.8    17.0    16.8    27.1    15.8 C    32.4     8.0    17.6
54937 201510  2.423  -99.4778   46.7702    14.9     2.3     8.6     8.5    35.5     9.2 C    18.5     0.2     8.0
54937 201511  2.423  -99.4778   46.7702     6.1    -5.2     0.4     0.2    15.3     5.9 C     8.1    -7.2    -0.6
54937 201512  2.423  -99.4778   46.7702    -2.9   -10.4    -6.6    -6.5    14.4     4.3 C    -2.9   -12.7    -7.6
54937 201601  2.423  -99.4778   46.7702    -6.4   -14.7   -10.5    -9.9     2.8     5.6 C    -6.9   -17.2   -11.1
54937 201602  2.423  -99.4778   46.7702     0.7    -8.9    -4.1    -4.4    14.0     7.9 C     1.1   -10.8    -5.0
54937 201603  2.423  -99.4778   46.7702     8.9    -4.0     2.4     2.1    21.1    14.0 C    13.5    -6.7     2.0
54937 201604  2.423  -99.4778   46.7702    10.9    -0.7     5.1     5.2    79.3    15.8 C    17.0    -2.5     6.0
54937 201605  2.423  -99.4778   46.7702    20.3     6.0    13.1    13.4    60.5    22.2 C    29.6     3.2    14.3
54937 201606  2.423  -99.4778   46.7702    24.7    11.3    18.0    18.5    58.6    25.0 C    33.0     8.9    19.8
54937 201607  2.423  -99.4778   46.7702    26.6    14.4    20.5    20.4   142.9    21.2 C    32.3    12.8    21.3
54937 201608  2.423  -99.4778   46.7702    26.1    12.4    19.3    19.4    47.8    20.2 C    34.1    10.0    20.2
54937 201609  2.423  -99.4778   46.7702    20.4     8.2    14.3    14.2    76.9    13.0 C    25.2     6.2    14.2
54937 201610  2.423  -99.4778   46.7702    13.5     2.0     7.8     7.7    14.8     8.2 C    16.4    -0.3     7.2
54937 201611  2.423  -99.4778   46.7702     9.5    -1.5     4.0     3.6    20.5     6.1 C    11.9    -4.3     2.5
54937 201612  2.423  -99.4778   46.7702    -8.1   -16.8   -12.5   -12.1    31.0     5.1 C    -8.6   -19.3   -13.3
54937 201701  2.423  -99.4778   46.7702    -8.6   -16.3   -12.5   -12.1     6.0     5.9 C    -9.2   -18.1   -13.3
54937 201702  2.423  -99.4778   46.7702    -3.0   -11.9    -7.4    -7.1     9.7     9.7 C    -4.5   -14.5    -8.9
54937 201703  2.423  -99.4778   46.7702     2.4    -8.3    -3.0    -2.9     6.5    13.2 C     5.3   -10.4    -3.3
54937 201704  2.423  -99.4778   46.7702    12.2    -1.2     5.5     5.5    24.3    16.8 C    21.4    -3.9     6.4
54937 201705  2.423  -99.4778   46.7702    19.6     4.6    12.1    12.5    16.7    21.4 C    29.9     1.3    13.5
54937 201706  2.423  -99.4778   46.7702    24.2     9.8    17.0    17.4   103.8    22.7 C    34.5     6.9    18.7
54937 201707  2.423  -99.4778   46.7702    29.5    14.4    21.9    22.0    17.3    23.5 C    43.2    12.0    24.7
