53185 201109  6.101 -112.3770   38.2731 -9999.0 -9999.0 -9999.0 -9999.0 -9999.0 -9999.0 U -9999.0 -9999.0 -9999.0
53185 201110  6.101 -112.3770   38.2731     7.2    -0.2     3.5     3.4    51.4 -9999.0 U -9999.0 -9999.0 -9999.0
53185 201111  6.101 -112.3770   38.2731     0.3    -6.8    -3.2    -3.3    16.7 -9999.0 U -9999.0 -9999.0 -9999.0
53185 201112  6.101 -112.3770   38.2731    -2.2    -8.8    -5.5    -5.4    12.4 -9999.0 U -9999.0 -9999.0 -9999.0
53185 201201  6.101 -112.3770   38.2731    -0.2    -7.4    -3.8    -3.7    25.0 -9999.0 U -9999.0 -9999.0 -9999.0
53185 201202  6.101 -112.3770   38.2731    -4.2   -10.7    -7.4    -7.4    70.8 -9999.0 U -9999.0 -9999.0 -9999.0
53185 201203  6.101 -112.3770   38.2731     1.6    -6.5    -2.5    -2.3    37.6 -9999.0 U -9999.0 -9999.0 -9999.0
53185 201204  6.101 -112.3770   38.2731     4.8    -2.8     1.0     1.0    64.9 -9999.0 U -9999.0 -9999.0 -9999.0
53185 201205  6.101 -112.3770   38.2731    11.7     2.0     6.8     6.6     4.6 -9999.0 U -9999.0 -9999.0 -9999.0
53185 201206  6.101 -112.3770   38.2731    18.4     7.5    13.0    13.0     0.0 -9999.0 U -9999.0 -9999.0 -9999.0
53185 201207  6.101 -112.3770   38.2731    17.9     9.7    13.8    13.3    89.4 -9999.0 U -9999.0 -9999.0 -9999.0
53185 201208  6.101 -112.3770   38.2731    17.6     9.8    13.7    13.5    97.8 -9999.0 U -9999.0 -9999.0 -9999.0
53185 201209  6.101 -112.3770   38.2731    14.4     6.6    10.5    10.2    19.9 -9999.0 U -9999.0 -9999.0 -9999.0
53185 201210  6.101 -112.3770   38.2731     8.5     0.7     4.6     4.2    34.5 -9999.0 U -9999.0 -9999.0 -9999.0
53185 201211  6.101 -112.3770   38.2731     3.4    -3.1     0.2     0.0    36.3 -9999.0 U -9999.0 -9999.0 -9999.0
53185 201212  6.101 -112.3770   38.2731    -4.0   -10.3    -7.2    -7.1    62.6 -9999.0 U -9999.0 -9999.0 -9999.0
53185 201301  6.101 -112.3770   38.2731    -2.5    -9.8    -6.2    -6.1    37.0 -9999.0 U -9999.0 -9999.0 -9999.0
53185 201302  6.101 -112.3770   38.2731    -4.5   -12.2    -8.4    -8.0    25.0 -9999.0 U -9999.0 -9999.0 -9999.0
53185 201303  6.101 -112.3770   38.2731     1.5    -5.7    -2.1    -2.1    46.1 -9999.0 U -9999.0 -9999.0 -9999.0
53185 201304  6.101 -112.3770   38.2731     2.7    -4.8    -1.1    -0.9    28.4 -9999.0 U -9999.0 -9999.0 -9999.0
53185 201305  6.101 -112.3770   38.2731     8.8     0.5     4.7     4.5    27.3 -9999.0 U -9999.0 -9999.0 -9999.0
53185 201306  6.101 -112.3770   38.2731    18.3     9.0    13.6    13.4     0.4 -9999.0 U -9999.0 -9999.0 -9999.0
53185 201307  6.101 -112.3770   38.2731    19.0    10.7    14.9    14.5   119.9 -9999.0 U -9999.0 -9999.0 -9999.0
53185 201308  6.101 -112.3770   38.2731    16.9     9.1    13.0    12.6    80.1 -9999.0 U -9999.0 -9999.0 -9999.0
53185 201309  6.101 -112.3770   38.2731    12.0     4.8     8.4     8.0   115.1 -9999.0 U -9999.0 -9999.0 -9999.0
53185 201310  6.101 -112.3770   38.2731     4.5    -2.6     0.9     0.8    46.6 -9999.0 U -9999.0 -9999.0 -9999.0
53185 201311  6.101 -112.3770   38.2731     1.6    -4.5    -1.5    -1.4    38.7 -9999.0 U -9999.0 -9999.0 -9999.0
53185 201312  6.101 -112.3770   38.2731    -2.9   -10.3    -6.6    -6.2    48.6 -9999.0 U -9999.0 -9999.0 -9999.0
53185 201401  6.101 -112.3770   38.2731    -0.2    -6.9    -3.6    -3.6    15.4 -9999.0 U -9999.0 -9999.0 -9999.0
53185 201402  6.101 -112.3770   38.2731    -2.1    -8.3    -5.2    -5.1    44.2 -9999.0 U -9999.0 -9999.0 -9999.0
53185 201403  6.101 -112.3770   38.2731     0.5    -7.5    -3.5    -3.3    49.3 -9999.0 U -9999.0 -9999.0 -9999.0
53185 201404  6.101 -112.3770   38.2731     3.1    -4.4    -0.6    -0.7    43.4 -9999.0 U -9999.0 -9999.0 -9999.0
53185 201405  6.101 -112.3770   38.2731     8.8     1.0     4.9     5.0    45.4 -9999.0 U -9999.0 -9999.0 -9999.0
53185 201406  6.101 -112.3770   38.2731 -9999.0 -9999.0 -9999.0 -9999.0 -9999.0 -9999.0 U -9999.0 -9999.0 -9999.0
