94645 200209  1.001  -67.8833   46.9601 -9999.0 -9999.0 -9999.0 -9999.0 -9999.0 -9999.0 U -9999.0 -9999.0 -9999.0
94645 200210  1.001  -67.8833   46.9601     8.5    -0.3     4.1     4.2    94.6     7.9 R -9999.0 -9999.0     4.6
94645 200211  1.001  -67.8833   46.9601     1.0    -6.0    -2.5    -2.2    95.7     3.8 R -9999.0 -9999.0    -2.9
94645 200212  1.001  -67.8833   46.9601    -3.9   -14.2    -9.0    -8.0   126.8     4.2 R -9999.0 -9999.0   -10.6
94645 200301  1.001  -67.8833   46.9601   -10.3   -20.9   -15.6   -14.7   106.7     5.6 R -9999.0 -9999.0   -17.8
94645 200302  1.002  -67.8833   46.9601    -8.2   -20.9   -14.6   -13.8 -9999.0     9.6 R -9999.0 -9999.0   -16.5
94645 200303  1.002  -67.8833   46.9601    -1.0   -12.5    -6.7    -5.9 -9999.0    11.5 R -9999.0 -9999.0    -8.6
94645 200304  1.002  -67.8833   46.9601     5.1    -6.4    -0.6     0.1 -9999.0    17.3 R -9999.0 -9999.0    -2.6
94645 200305  1.002  -67.8833   46.9601    15.3     3.2     9.2     9.5 -9999.0    16.4 R -9999.0 -9999.0    11.8
94645 200306  1.002  -67.8833   46.9601    22.5     9.2    15.9    16.3 -9999.0    20.9 R -9999.0 -9999.0    18.9
94645 200307  1.002  -67.8833   46.9601    22.7    12.9    17.8    17.8 -9999.0    16.8 R -9999.0 -9999.0    19.7
94645 200308  1.002  -67.8833   46.9601    22.9    12.0    17.5    17.5 -9999.0    15.0 R -9999.0 -9999.0    18.6
94645 200309  1.002  -67.8833   46.9601    20.4     7.7    14.1    14.3 -9999.0    14.0 R -9999.0 -9999.0    15.2
94645 200310  1.200  -67.8833   46.9601    10.9     0.6     5.7     6.0 -9999.0     7.2 R -9999.0 -9999.0     5.8
94645 200311  1.200  -67.8833   46.9601     4.1    -4.1     0.0     0.0    95.6     4.0 R -9999.0 -9999.0    -0.4
94645 200312  1.200  -67.8833   46.9601    -1.7   -10.7    -6.2    -6.0   115.2     3.4 R -9999.0 -9999.0    -7.7
94645 200401  1.200  -67.8833   46.9601   -11.9   -21.6   -16.7   -16.3    34.8     5.4 R -9999.0 -9999.0   -18.2
94645 200402  1.200  -67.8833   46.9601    -4.6   -16.4   -10.5    -9.5    20.7     9.4 R -9999.0 -9999.0   -12.8
94645 200403  1.200  -67.8833   46.9601     1.2    -9.5    -4.1    -3.6    53.1    13.3 R -9999.0 -9999.0    -6.2
94645 200404  1.200  -67.8833   46.9601     8.7    -2.1     3.3     3.2    80.9    14.2 R -9999.0 -9999.0     3.9
94645 200405  1.200  -67.8833   46.9601    15.6     4.0     9.8     9.8    62.2    16.3 R -9999.0 -9999.0    11.6
94645 200406  1.200  -67.8833   46.9601    18.8     6.9    12.8    13.2    75.9    18.7 R -9999.0 -9999.0    15.5
94645 200407  1.200  -67.8833   46.9601    23.1    12.3    17.7    17.8   124.9    17.1 R -9999.0 -9999.0    19.5
94645 200408  1.200  -67.8833   46.9601    22.6    11.7    17.2    17.2   146.1    15.9 R -9999.0 -9999.0    18.3
94645 200409  1.200  -67.8833   46.9601    18.6     5.6    12.1    12.0    51.2    13.8 R -9999.0 -9999.0    12.7
94645 200410  1.201  -67.8833   46.9601    11.8     0.7     6.3     6.4    50.1     8.8 R -9999.0 -9999.0     6.6
94645 200411  1.201  -67.8833   46.9601     2.0    -5.8    -1.9    -1.4    98.4     4.8 R -9999.0 -9999.0    -3.1
94645 200412  1.201  -67.8833   46.9601    -4.8   -16.3   -10.6    -9.8   118.4     3.5 R -9999.0 -9999.0   -12.0
94645 200501  1.201  -67.8833   46.9601    -9.5   -20.7   -15.1   -14.5    50.5     5.7 R -9999.0 -9999.0   -17.2
94645 200502  1.201  -67.8833   46.9601    -3.7   -15.0    -9.4    -8.7    55.3     8.9 R -9999.0 -9999.0   -12.4
94645 200503  1.201  -67.8833   46.9601    -0.1   -10.1    -5.1    -4.7   118.0    13.0 R -9999.0 -9999.0    -7.3
94645 200504  1.201  -67.8833   46.9601     8.1    -1.2     3.4     3.6   134.5    15.0 R -9999.0 -9999.0     2.0
94645 200505  1.201  -67.8833   46.9601    13.4     3.4     8.4     8.5    82.3    15.2 R -9999.0 -9999.0    10.2
94645 200506  1.201  -67.8833   46.9601    22.7    10.8    16.7    17.2    78.0    19.5 R -9999.0 -9999.0    19.2
94645 200507  1.201  -67.8833   46.9601    24.7    11.5    18.1    18.6    69.2    21.8 R -9999.0 -9999.0    21.2
94645 200508  1.201  -67.8833   46.9601    23.9    11.4    17.6    17.9   107.4    17.9 R -9999.0 -9999.0    19.5
94645 200509  1.201  -67.8833   46.9601    18.9     7.1    13.0    13.4   133.9    12.8 R -9999.0 -9999.0    14.1
94645 200510  1.201  -67.8833   46.9601    11.7     3.6     7.7     7.6   186.4     6.8 R -9999.0 -9999.0     7.7
94645 200511  1.201  -67.8833   46.9601     4.0    -4.1     0.0     0.3   170.0     3.8 R -9999.0 -9999.0    -0.5
94645 200512  1.201  -67.8833   46.9601    -4.3   -12.5    -8.4    -7.9   165.4     3.5 R -9999.0 -9999.0    -8.9
94645 200601  1.201  -67.8833   46.9601    -3.3   -13.1    -8.2    -7.7   110.2     4.1 R -9999.0 -9999.0    -9.6
94645 200602  1.201  -67.8833   46.9601    -5.6   -15.5   -10.6   -10.0    70.8     8.1 R -9999.0 -9999.0   -11.5
94645 200603  1.201  -67.8833   46.9601     1.5    -7.8    -3.2    -2.7    27.5    12.6 R -9999.0 -9999.0    -4.9
94645 200604  1.201  -67.8833   46.9601    10.6    -1.4     4.6     4.9    54.0    16.2 R -9999.0 -9999.0     5.6
94645 200605  1.201  -67.8833   46.9601    17.6     5.9    11.8    12.1   125.3    16.1 R -9999.0 -9999.0    13.7
94645 200606  1.201  -67.8833   46.9601    23.0    11.5    17.3    17.4   132.1    18.6 R -9999.0 -9999.0    19.3
94645 200607  1.201  -67.8833   46.9601    25.1    13.8    19.4    19.4    56.0    20.0 R -9999.0 -9999.0    21.4
94645 200608  1.201  -67.8833   46.9601    21.4     8.9    15.1    15.3    77.0    18.0 R -9999.0 -9999.0    16.8
94645 200609  1.301  -67.8833   46.9601    18.0     5.5    11.8    11.9    70.4    12.9 R -9999.0 -9999.0    12.9
94645 200610  1.301  -67.8833   46.9601    10.4     0.7     5.6     5.7   145.2     6.9 R    20.1     0.7     6.3
94645 200611  1.301  -67.8833   46.9601     5.3    -1.7     1.8     2.0   129.7     3.8 R    17.9    -2.0     2.2
94645 200612  1.301  -67.8833   46.9601    -1.3   -10.0    -5.7    -5.2    65.4     2.9 R    10.0   -12.0    -6.3
94645 200701  1.301  -67.8833   46.9601    -6.5   -18.2   -12.3   -11.5    70.9     5.1 R     5.5   -22.2   -13.6
94645 200702  1.301  -67.8833   46.9601    -8.0   -19.9   -14.0   -13.2    44.9     9.1 R     7.2   -24.1   -15.2
94645 200703  1.301  -67.8833   46.9601    -0.2   -11.5    -5.8    -5.3   117.9    11.8 R    10.7   -15.2    -7.0
94645 200704  1.301  -67.8833   46.9601     6.2    -4.3     1.0     1.5   103.2    15.8 R    14.0    -6.5    -0.2
94645 200705  1.301  -67.8833   46.9601    15.7     2.7     9.2     9.7    76.0    18.5 R    30.1     2.2    11.9
94645 200706  1.301  -67.8833   46.9601    21.9     8.6    15.3    15.6    63.4    21.7 R    36.1     8.5    18.4
94645 200707  1.301  -67.8833   46.9601    23.3    11.6    17.5    17.6   106.8    19.6 R    37.1    11.6    19.3
94645 200708  1.301  -67.8833   46.9601    21.8     9.4    15.6    15.8   101.5    17.3 R    34.1     9.1    17.2
94645 200709  1.301  -67.8833   46.9601    18.7     5.1    11.9    12.4    56.3    13.5 R    30.2     4.5    13.1
94645 200710  1.302  -67.8833   46.9601    13.4     2.7     8.0     8.1    83.6     8.5 R    21.9     1.7     8.2
94645 200711  1.302  -67.8833   46.9601     1.8    -6.5    -2.4    -2.0   204.8     4.4 R     5.3    -8.4    -2.7
94645 200712  1.302  -67.8833   46.9601    -5.6   -16.7   -11.2   -10.4   110.8     4.0 R    -6.4   -21.5   -13.1
94645 200801  1.302  -67.8833   46.9601    -5.6   -17.2   -11.4   -10.3    87.5     5.0 R    -5.6   -21.3   -12.9
94645 200802  1.302  -67.8833   46.9601    -5.3   -18.0   -11.6   -10.5   123.9     8.1 R    -5.2   -22.6   -12.8
94645 200803  1.302  -67.8833   46.9601    -2.0   -14.7    -8.4    -7.4   120.0    13.0 R    -2.0   -19.1    -9.5
94645 200804  1.302  -67.8833   46.9601     9.0    -2.1     3.5     3.6    80.8    16.7 R     5.2    -4.3     0.6
94645 200805  1.302  -67.8833   46.9601    15.4     2.6     9.0     9.2   101.4    20.4 R    30.5     1.7    11.9
94645 200806  1.302  -67.8833   46.9601    20.1    10.2    15.2    15.1   164.5    17.2 R    29.3    10.0    17.0
94645 200807  1.302  -67.8833   46.9601    24.7    13.5    19.1    19.1   107.8    19.6 R    32.7    13.2    20.6
94645 200808  1.302  -67.8833   46.9601    21.8    11.4    16.6    16.6   136.7    16.0 R    28.7    10.9    17.8
94645 200809  1.302  -67.8833   46.9601    18.2     6.4    12.3    12.4   116.3    13.5 R    24.6     5.6    13.3
94645 200810  1.302  -67.8833   46.9601    10.5     0.4     5.5     5.6   111.8     7.7 R    17.1    -0.2     5.9
94645 200811  1.302  -67.8833   46.9601     3.5    -3.2     0.2     0.4   115.3     3.6 R     9.3    -4.3     0.2
94645 200812  1.302  -67.8833   46.9601    -3.9   -15.5    -9.7    -9.2   135.3     3.7 R     2.2   -18.3   -10.5
94645 200901  1.302  -67.8833   46.9601   -10.6   -23.9   -17.3   -16.7    76.3     5.6 R    -4.8   -27.7   -18.7
94645 200902  1.302  -67.8833   46.9601    -3.7   -14.8    -9.3    -8.6    54.5     7.8 R     2.7   -18.5   -10.1
94645 200903  1.302  -67.8833   46.9601     0.6   -12.4    -5.9    -5.1    65.4    13.9 R     7.7   -15.7    -6.9
94645 200904  1.302  -67.8833   46.9601     9.1    -1.5     3.8     3.9    88.6    15.6 R    16.2    -3.1     3.7
94645 200905  1.302  -67.8833   46.9601    16.0     2.6     9.3     9.9   146.6    18.8 R    27.8     2.2    12.0
94645 200906  1.302  -67.8833   46.9601    20.1     9.7    14.9    15.1    61.9    18.4 R    31.1     9.2    16.9
94645 200907  1.302  -67.8833   46.9601    21.5    12.2    16.8    16.8   134.2    16.2 R    31.7    12.1    18.5
94645 200908  1.302  -67.8833   46.9601    23.8    11.8    17.8    18.0    47.1    18.3 R    32.5    11.6    19.6
94645 200909  1.302  -67.8833   46.9601    18.4     5.0    11.7    11.9    69.9    14.9 R    24.4     4.6    13.2
94645 200910  1.302  -67.8833   46.9601     7.6    -0.8     3.4     3.5   124.7     6.1 R    12.4    -1.3     4.0
94645 200911  1.302  -67.8833   46.9601     6.6    -2.8     1.9     2.1    89.8     5.3 R    10.3    -3.3     2.3
94645 200912  1.302  -67.8833   46.9601    -3.6   -11.2    -7.4    -7.1   100.3     3.6 R    -0.7   -11.9    -7.1
94645 201001  1.302  -67.8833   46.9601    -3.7   -12.2    -7.9    -7.5    48.5     4.5 R    -0.4   -13.0    -7.5
94645 201002  1.302  -67.8833   46.9601    -2.3    -8.3    -5.3    -5.2    50.1     7.1 R     2.2    -9.0    -4.8
94645 201003  1.302  -67.8833   46.9601     4.4    -6.3    -0.9    -0.8    73.8    13.9 R     9.0    -7.2     0.0
94645 201004  1.302  -67.8833   46.9601    12.0     0.1     6.0     6.0    57.4    15.5 R    18.1    -0.2     7.3
94645 201005  1.302  -67.8833   46.9601    18.2     5.5    11.8    12.1    61.4    21.6 R    24.2     5.3    14.0
94645 201006  2.402  -67.8833   46.9601    20.9    10.0    15.4    15.8 -9999.0    16.7 R    26.8    10.0    17.7
94645 201007  2.402  -67.8833   46.9601    25.3    14.0    19.6    19.8   114.2    17.5 R    31.1    14.2    21.7
94645 201008  2.402  -67.8833   46.9601    24.3    11.1    17.7    17.8    60.9    16.4 R    29.8    11.1    19.8
94645 201009  2.402  -67.8833   46.9601    17.9     8.9    13.4    13.2   165.2     9.2 R    21.2     8.8    14.1
94645 201010  2.402  -67.8833   46.9601    10.8     1.1     5.9     5.8   109.5     6.9 R    14.0     0.9     6.4
94645 201011  2.402  -67.8833   46.9601     4.0    -4.9    -0.5    -0.2   100.8     4.0 R     6.3    -5.0     0.4
94645 201012  2.402  -67.8833   46.9601    -1.0    -8.2    -4.6    -4.2   138.1     2.8 R     0.9    -8.5    -3.9
94645 201101  2.402  -67.8833   46.9601    -6.1   -14.7   -10.4   -10.0    37.6     3.9 R    -3.4   -15.7    -9.9
94645 201102  2.402  -67.8833   46.9601    -6.0   -18.1   -12.1   -10.8    76.5     6.8 R    -1.8   -18.2    -9.7
94645 201103  2.402  -67.8833   46.9601     0.3   -10.7    -5.2    -4.7   120.0    11.3 R     6.5   -10.8    -2.9
94645 201104  2.402  -67.8833   46.9601     7.0    -3.4     1.8     2.1    84.7    13.2 R    11.9    -3.4     3.7
94645 201105  2.402  -67.8833   46.9601    15.3     5.1    10.2    10.1   128.0    12.7 R    18.4     5.1    11.3
94645 201106  2.402  -67.8833   46.9601    20.2     9.4    14.8    14.9   194.8    16.4 R    27.4     9.4    17.0
94645 201107  2.402  -67.8833   46.9601    24.4    12.1    18.3    18.4   177.6    19.6 R    35.1    12.1    20.6
94645 201108  2.402  -67.8833   46.9601    22.6    12.1    17.3    17.2   274.6    15.2 R    29.6    12.0    18.8
94645 201109  2.402  -67.8833   46.9601    19.6     7.5    13.5    13.5    80.2    12.9 R    25.7     7.1    14.4
94645 201110  2.402  -67.8833   46.9601    11.8     2.9     7.3     7.4   105.5     7.3 R    16.3     2.1     7.7
94645 201111  2.402  -67.8833   46.9601     7.2    -2.7     2.3     2.4    47.3     4.6 R     9.3    -4.0     1.8
94645 201112  2.402  -67.8833   46.9601    -1.6   -11.3    -6.4    -5.8    97.3     3.6 R    -0.8   -13.9    -6.9
94645 201201  2.402  -67.8833   46.9601    -6.1   -16.7   -11.4   -10.6    90.6     4.2 R    -6.1   -20.5   -12.3
94645 201202  2.402  -67.8833   46.9601    -3.9   -15.6    -9.8    -8.9    64.8     8.6 R    -4.6   -21.2   -11.9
94645 201203  2.402  -67.8833   46.9601     4.4    -7.4    -1.5    -1.2    44.4    13.0 R     3.3   -10.4    -3.7
94645 201204  2.402  -67.8833   46.9601     9.6    -1.1     4.2     4.2   118.4    15.3 R    21.3    -2.6     5.9
94645 201205  2.402  -67.8833   46.9601    16.6     5.3    11.0    11.3    99.1    17.2 R    28.7     4.6    13.5
94645 201206  2.412  -67.8833   46.9601    20.5     9.6    15.0    15.1   185.6    18.1 R    38.6     8.9    17.4
94645 201207  2.412  -67.8833   46.9601    25.0    12.3    18.6    18.9    29.9    17.5 C    36.4    11.8    21.5
94645 201208  2.412  -67.8833   46.9601    25.1    12.9    19.0    19.0    61.6    13.3 C    34.5    12.5    20.8
94645 201209  2.412  -67.8833   46.9601    19.2     6.2    12.7    13.0    91.8    10.3 C    25.5     6.0    14.1
94645 201210  2.412  -67.8833   46.9601    13.0     2.4     7.7     7.7   142.4     5.4 C    17.0     1.9     8.0
94645 201211  2.412  -67.8833   46.9601     2.9    -5.8    -1.5    -1.4    23.8     3.8 C     5.5    -5.9    -1.1
94645 201212  2.412  -67.8833   46.9601    -2.4   -11.6    -7.0    -6.2   100.7     2.8 C    -2.0   -13.4    -7.0
94645 201301  2.412  -67.8833   46.9601    -6.5   -18.9   -12.7   -11.6    52.2     3.9 C    -7.7   -22.7   -14.0
94645 201302  2.412  -67.8833   46.9601    -4.2   -13.8    -9.0    -8.6    93.1     5.9 C    -4.5   -16.6   -10.1
94645 201303  2.412  -67.8833   46.9601     2.2    -6.0    -1.9    -1.8    65.0     9.4 C     0.1    -9.4    -4.0
94645 201304  2.412  -67.8833   46.9601     8.2    -3.1     2.6     3.0    45.4    14.1 C    12.1    -4.5     3.1
94645 201305  2.412  -67.8833   46.9601    17.4     4.7    11.0    11.2   144.0    13.5 C    27.7     4.3    13.9
94645 201306  2.412  -67.8833   46.9601    20.2     8.3    14.3    14.5   162.0    13.8 C    28.7     8.3    16.6
94645 201307  2.412  -67.8833   46.9601    24.9    12.4    18.7    19.0   143.4    16.5 C    35.2    11.9    21.7
94645 201308  2.412  -67.8833   46.9601    22.1    10.5    16.3    16.4   140.8    13.0 C    29.1    10.3    17.9
94645 201309  2.412  -67.8833   46.9601    18.3     7.1    12.7    12.7   200.7     9.4 C    23.1     7.2    13.8
94645 201310  2.422  -67.8833   46.9601    12.0     0.9     6.4     6.5    71.0     8.4 C    16.1    -0.4     6.3
94645 201311  2.422  -67.8833   46.9601     2.7    -5.6    -1.5    -1.3   109.0     4.4 C     3.5    -7.8    -2.5
94645 201312  2.422  -67.8833   46.9601    -7.0   -15.2   -11.1   -10.6    84.4     2.9 C    -8.0   -20.2   -13.0
94645 201401  2.422  -67.8833   46.9601    -5.7   -16.3   -11.0   -10.8 -9999.0     4.6 C    -8.7   -23.3   -15.0
94645 201402  2.422  -67.8833   46.9601    -6.2   -17.5   -11.8   -10.9 -9999.0     8.8 C    -7.3   -25.5   -15.0
94645 201403  2.422  -67.8833   46.9601    -4.0   -17.1   -10.6    -9.4    99.0    12.4 C    -5.4   -23.7   -13.2
94645 201404  2.422  -67.8833   46.9601     7.1    -3.4     1.9     2.2   128.4    15.2 C     2.2    -7.2    -1.7
94645 201405  2.422  -67.8833   46.9601    15.5     4.7    10.1    10.1    92.2    15.7 C    26.9     3.9    12.4
94645 201406  2.422  -67.8833   46.9601    22.4    10.0    16.2    16.5    81.3    20.1 C    34.0     9.1    18.9
94645 201407  2.422  -67.8833   46.9601    24.7    13.5    19.1    19.3 -9999.0    18.7 C    34.4    13.0    21.3
94645 201408  2.422  -67.8833   46.9601    23.5    11.7    17.6    17.6    44.3    17.4 C    34.8    11.3    19.7
94645 201409  2.422  -67.8833   46.9601    18.3     6.0    12.1    12.3    77.9    12.5 C    24.2     5.7    13.2
94645 201410  2.422  -67.8833   46.9601    12.1     2.9     7.5     7.5   150.6     7.0 C    16.1     2.3     7.9
94645 201411  2.422  -67.8833   46.9601     1.7    -6.1    -2.2    -1.8   102.1     3.7 C     0.2    -9.7    -4.0
94645 201412  2.422  -67.8833   46.9601    -2.2   -10.2    -6.2    -5.6   150.3     2.9 C    -3.7   -12.9    -7.6
94645 201501  2.422  -67.8833   46.9601    -8.1   -20.5   -14.3   -13.6    75.2     4.8 C    -9.4   -25.7   -16.8
94645 201502  2.422  -67.8833   46.9601   -11.5   -23.5   -17.5   -16.8    34.8     8.6 C   -13.2   -31.6   -21.0
94645 201503  2.422  -67.8833   46.9601    -1.3   -14.4    -7.9    -7.3    49.5    12.9 C    -3.7   -21.7   -11.6
94645 201504  2.422  -67.8833   46.9601     6.9    -4.1     1.4     1.7    67.0    15.7 C     4.8    -8.8    -2.0
94645 201505  2.422  -67.8833   46.9601    18.8     5.5    12.1    12.3    83.7    18.1 C    29.4     4.1    14.0
94645 201506  2.422  -67.8833   46.9601    18.5     7.9    13.2    13.7   115.3    18.4 C    27.5     7.8    15.8
94645 201507  2.422  -67.8833   46.9601    22.5    11.2    16.9    17.4    91.1    18.8 C    32.0    10.8    19.4
94645 201508  2.422  -67.8833   46.9601    24.5    13.6    19.1    18.8    90.6    17.1 C    32.4    13.0    20.1
94645 201509  2.422  -67.8833   46.9601    21.6     9.0    15.3    15.3   126.5    14.7 C    26.9     8.3    15.9
94645 201510  2.422  -67.8833   46.9601     9.4    -1.0     4.2     4.4    79.7     7.8 C    14.2    -2.5     4.6
94645 201511  2.422  -67.8833   46.9601     4.7    -2.8     0.9     1.2    57.2     3.6 C     6.4    -4.6     0.6
94645 201512  2.422  -67.8833   46.9601     0.1    -5.8    -2.8    -2.6   123.2     2.6 C    -1.1    -9.1    -4.4
94645 201601  2.422  -67.8833   46.9601    -4.5   -13.8    -9.2    -8.6    48.4     4.6 C    -6.6   -20.6   -12.2
94645 201602  2.422  -67.8833   46.9601    -2.6   -15.5    -9.0    -8.1   122.1     7.3 C    -4.7   -19.4   -10.8
94645 201603  2.422  -67.8833   46.9601    -0.2   -11.2    -5.7    -5.1   139.8    11.8 C    -2.4   -17.0    -8.5
94645 201604  2.422  -67.8833   46.9601     7.1    -5.2     1.0     1.4    76.2    18.4 C    13.5    -7.4     1.2
94645 201605  2.422  -67.8833   46.9601    17.0     4.9    11.0    11.1    85.1    17.2 C    29.0     3.6    13.1
94645 201606  2.422  -67.8833   46.9601    21.2     9.2    15.2    15.4    89.2    18.7 C    32.0     8.1    17.5
94645 201607  2.422  -67.8833   46.9601    23.7    12.1    17.9    18.0   141.6    19.9 C    33.0    11.8    19.9
94645 201608  2.422  -67.8833   46.9601    23.6    11.8    17.7    17.8   137.6    17.1 C    31.9    11.1    19.2
94645 201609  2.422  -67.8833   46.9601    19.3     7.6    13.4    13.4    59.7    13.4 C    25.4     6.7    14.1
94645 201610  2.422  -67.8833   46.9601    12.4     1.5     7.0     6.9    82.5     8.4 C    16.6     0.5     7.1
94645 201611  2.422  -67.8833   46.9601     5.0    -1.8     1.6     1.7    97.4     3.6 C     6.4    -3.8     1.2
94645 201612  2.422  -67.8833   46.9601    -4.8   -14.3    -9.6    -9.0   112.5     3.4 C    -6.0   -21.2   -12.2
94645 201701  2.422  -67.8833   46.9601    -4.3   -13.8    -9.0    -8.4   114.5     4.5 C    -6.1   -19.7   -11.9
94645 201702  2.422  -67.8833   46.9601    -3.8   -16.3   -10.0    -9.2 -9999.0     7.4 C    -6.6   -22.4   -13.2
94645 201703  2.422  -67.8833   46.9601    -2.5   -12.7    -7.6    -7.0   113.9    12.8 C    -4.2   -17.7   -10.0
94645 201704  2.422  -67.8833   46.9601     8.3    -0.3     4.0     3.9   116.4    12.7 C     7.3    -2.5     1.8
94645 201705  2.422  -67.8833   46.9601    15.9     4.9    10.4    10.5   128.4    15.9 C    25.3     4.0    12.4
94645 201706  2.422  -67.8833   46.9601    21.1     9.2    15.1    15.4   110.3    19.2 C    32.0     8.1    17.3
94645 201707  2.422  -67.8833   46.9601    23.5    11.6    17.6    17.6    88.4    21.2 C    34.1    11.0    19.8
