53184 201109  6.101 -114.0450   36.0936 -9999.0 -9999.0 -9999.0 -9999.0 -9999.0 -9999.0 U -9999.0 -9999.0 -9999.0
53184 201110  6.101 -114.0450   36.0936    24.5    14.2    19.4    19.5    25.2 -9999.0 U -9999.0 -9999.0 -9999.0
53184 201111  6.101 -114.0450   36.0936    15.1     6.6    10.8    11.0    23.0 -9999.0 U -9999.0 -9999.0 -9999.0
53184 201112  6.101 -114.0450   36.0936     9.4     2.2     5.8     5.8    14.0 -9999.0 U -9999.0 -9999.0 -9999.0
53184 201201  6.101 -114.0450   36.0936    12.8     4.1     8.4     8.7     0.7 -9999.0 U -9999.0 -9999.0 -9999.0
53184 201202  6.101 -114.0450   36.0936    14.4     4.8     9.6     9.7    16.1 -9999.0 U -9999.0 -9999.0 -9999.0
53184 201203  6.101 -114.0450   36.0936    19.5     7.8    13.7    14.1    13.6 -9999.0 U -9999.0 -9999.0 -9999.0
53184 201204  6.101 -114.0450   36.0936    24.3    12.7    18.5    18.9    11.0 -9999.0 U -9999.0 -9999.0 -9999.0
53184 201205  6.101 -114.0450   36.0936    31.0    18.9    25.0    25.3     0.0 -9999.0 U -9999.0 -9999.0 -9999.0
53184 201206  6.101 -114.0450   36.0936    36.5    23.3    29.9    30.4     0.0 -9999.0 U -9999.0 -9999.0 -9999.0
53184 201207  6.101 -114.0450   36.0936    36.1    24.7    30.4    30.5    10.8 -9999.0 U -9999.0 -9999.0 -9999.0
53184 201208  6.101 -114.0450   36.0936    36.6    25.4    31.0    30.8    56.4 -9999.0 U -9999.0 -9999.0 -9999.0
53184 201209  6.101 -114.0450   36.0936    32.7    21.4    27.1    27.2    42.2 -9999.0 U -9999.0 -9999.0 -9999.0
53184 201210  6.101 -114.0450   36.0936    25.4    15.5    20.5    20.4    13.0 -9999.0 U -9999.0 -9999.0 -9999.0
53184 201211  6.101 -114.0450   36.0936    18.8     9.8    14.3    14.4     0.6 -9999.0 U -9999.0 -9999.0 -9999.0
53184 201212  6.101 -114.0450   36.0936    11.0     3.8     7.4     7.6    26.2 -9999.0 U -9999.0 -9999.0 -9999.0
53184 201301  6.101 -114.0450   36.0936     9.3     1.5     5.4     5.5    18.5 -9999.0 U -9999.0 -9999.0 -9999.0
53184 201302  6.101 -114.0450   36.0936    12.7     3.3     8.0     8.1    10.3 -9999.0 U -9999.0 -9999.0 -9999.0
53184 201303  6.101 -114.0450   36.0936    21.0    10.6    15.8    15.9     8.5 -9999.0 U -9999.0 -9999.0 -9999.0
53184 201304  6.101 -114.0450   36.0936    24.6    12.5    18.6    18.9     1.2 -9999.0 U -9999.0 -9999.0 -9999.0
53184 201305  6.101 -114.0450   36.0936    29.8    17.9    23.8    24.1     1.3 -9999.0 U -9999.0 -9999.0 -9999.0
53184 201306  6.101 -114.0450   36.0936    37.6    24.6    31.1    31.5     0.0 -9999.0 U -9999.0 -9999.0 -9999.0
53184 201307  6.101 -114.0450   36.0936    37.6    26.0    31.8    31.9    12.0 -9999.0 U -9999.0 -9999.0 -9999.0
53184 201308  6.101 -114.0450   36.0936    35.8    24.3    30.1    30.0    12.4 -9999.0 U -9999.0 -9999.0 -9999.0
53184 201309  6.101 -114.0450   36.0936    30.1    19.6    24.8    24.7    31.8 -9999.0 U -9999.0 -9999.0 -9999.0
53184 201310  6.101 -114.0450   36.0936    22.5    12.4    17.5    17.5     1.8 -9999.0 U -9999.0 -9999.0 -9999.0
53184 201311  6.101 -114.0450   36.0936    16.7     8.7    12.7    12.7    16.9 -9999.0 U -9999.0 -9999.0 -9999.0
53184 201312  6.101 -114.0450   36.0936    10.1     2.3     6.2     6.4     7.1 -9999.0 U -9999.0 -9999.0 -9999.0
53184 201401  6.101 -114.0450   36.0936    14.1     5.3     9.7    10.0     1.0 -9999.0 U -9999.0 -9999.0 -9999.0
53184 201402  6.101 -114.0450   36.0936    16.9     7.2    12.1    12.3     4.1 -9999.0 U -9999.0 -9999.0 -9999.0
53184 201403  6.101 -114.0450   36.0936    20.6     9.6    15.1    15.2     0.0 -9999.0 U -9999.0 -9999.0 -9999.0
53184 201404  6.101 -114.0450   36.0936    24.3    12.9    18.6    18.9    17.7 -9999.0 U -9999.0 -9999.0 -9999.0
53184 201405  6.101 -114.0450   36.0936    29.5    17.8    23.7    24.0     0.0 -9999.0 U -9999.0 -9999.0 -9999.0
53184 201406  6.101 -114.0450   36.0936 -9999.0 -9999.0 -9999.0 -9999.0 -9999.0 -9999.0 U -9999.0 -9999.0 -9999.0
