04236 200609  1.301 -123.3257   44.4185 -9999.0 -9999.0 -9999.0 -9999.0 -9999.0 -9999.0 U -9999.0 -9999.0 -9999.0
04236 200610  1.301 -123.3257   44.4185    17.8     3.4    10.6    10.1    18.7    11.1 R    30.8     2.1    12.4
04236 200611  1.301 -123.3257   44.4185    10.9     4.7     7.8     7.7   407.5     3.3 R    13.8     4.4     8.0
04236 200612  1.301 -123.3257   44.4185     6.9     0.9     3.9     3.8   218.7     2.8 R     9.6     1.1     4.3
04236 200701  1.301 -123.3257   44.4185     7.0    -1.0     3.0     2.8    93.5     5.3 R    10.9    -1.1     3.4
04236 200702  1.301 -123.3257   44.4185     9.2     2.7     6.0     5.9   158.5     5.7 R    14.3     2.7     6.9
04236 200703  1.301 -123.3257   44.4185    14.3     3.8     9.1     9.0    48.8    11.7 R    19.9     4.1    10.6
04236 200704  1.301 -123.3257   44.4185    15.0     3.3     9.1     9.2    44.2    16.5 R    20.0     2.9    10.0
04236 200705  1.301 -123.3257   44.4185    19.5     5.1    12.3    12.5    26.7    23.0 R    23.5     3.6    12.5
04236 200706  1.302 -123.3257   44.4185    22.4     7.5    14.9    14.8     6.0    23.2 R    34.8     4.6    16.6
04236 200707  1.302 -123.3257   44.4185    27.7    12.0    19.9    19.6     7.4    23.5 R    44.7     9.5    22.7
04236 200708  1.302 -123.3257   44.4185    26.4    10.2    18.3    18.3    16.3    20.8 R    45.2     7.5    21.2
04236 200709  1.302 -123.3257   44.4185    23.1     7.7    15.4    15.3    49.0    15.8 R    38.0     4.9    17.0
04236 200710  1.302 -123.3257   44.4185    15.4     5.3    10.3    10.0    97.3     8.3 R    24.0     2.8    10.2
04236 200711  1.302 -123.3257   44.4185    10.1     1.5     5.8     5.6   103.3     4.7 R    15.1    -0.5     5.3
04236 200712  1.302 -123.3257   44.4185     7.0     1.3     4.2     4.4   312.7     2.5 R     9.7    -0.3     4.0
04236 200801  1.302 -123.3257   44.4185     5.5    -0.4     2.5     2.3   235.1     3.8 R     8.8    -2.2     1.9
04236 200802  1.302 -123.3257   44.4185    10.4     0.9     5.6     5.3    60.0     7.5 R    19.1    -1.5     5.3
04236 200803  1.302 -123.3257   44.4185    10.7     1.0     5.8     5.5   106.3    10.7 R    22.5    -1.3     6.3
04236 200804  1.302 -123.3257   44.4185    13.1     2.3     7.7     7.5    47.7    16.5 R    28.4     0.2     9.5
04236 200805  1.302 -123.3257   44.4185    18.9     7.2    13.1    12.9     6.8    18.2 R    34.3     5.6    15.7
04236 200806  1.302 -123.3257   44.4185    21.7     6.5    14.1    14.2    14.6    22.9 R    35.9     4.7    17.1
04236 200807  1.302 -123.3257   44.4185    27.7    10.0    18.8    19.1     0.0    25.7 R    45.7     7.4    23.1
04236 200808  1.302 -123.3257   44.4185    26.8    10.9    18.8    18.4    22.1    20.2 R    45.3     8.8    21.9
04236 200809  1.302 -123.3257   44.4185    25.0     7.4    16.2    15.9     2.9    17.3 R    44.3     4.3    18.6
04236 200810  1.302 -123.3257   44.4185    16.7     4.5    10.6    10.5    37.2     9.6 R    30.4     2.3    11.6
04236 200811  1.302 -123.3257   44.4185    12.0     4.7     8.3     8.3   113.9     3.9 R    17.2     3.6     8.8
04236 200812  1.302 -123.3257   44.4185     6.5    -1.0     2.8     3.0   168.5     3.4 R    10.4    -2.4     3.1
04236 200901  1.302 -123.3257   44.4185     7.6     0.1     3.8     3.6    92.1     4.8 R    14.6    -0.3     5.1
04236 200902  1.302 -123.3257   44.4185     9.3    -0.1     4.6     4.3    88.3     6.8 R    19.8    -0.6     6.3
04236 200903  1.302 -123.3257   44.4185    10.7     1.5     6.1     5.9   101.4    10.7 R    23.1     1.1     8.5
04236 200904  1.302 -123.3257   44.4185    15.1     2.3     8.7     8.8    30.6    16.6 R    27.0     1.4    10.8
04236 200905  1.302 -123.3257   44.4185    20.1     5.3    12.7    12.9    84.6    23.8 R    27.1     4.3    14.2
04236 200906  1.302 -123.3257   44.4185    22.7     9.5    16.1    16.0    14.4    20.8 R    35.1     7.5    18.5
04236 200907  1.302 -123.3257   44.4185    29.5    11.0    20.2    20.0    15.8    24.9 R    44.8     8.5    23.3
04236 200908  1.302 -123.3257   44.4185    27.2    10.1    18.7    18.3     2.8    19.8 R    42.9     7.4    21.3
04236 200909  2.402 -123.3257   44.4185    24.6     8.7    16.7    16.0    24.4    16.3 R    40.7     6.1    18.3
04236 200910  2.402 -123.3257   44.4185    16.5     5.2    10.8    10.7    70.8     9.3 R    28.0     3.5    11.9
04236 200911  2.402 -123.3257   44.4185    11.5     2.5     7.0     6.8   174.0     5.3 R    16.6     1.3     6.9
04236 200912  2.402 -123.3257   44.4185     5.4    -1.4     2.0     1.8   142.9     4.0 R     9.6    -2.5     2.0
04236 201001  2.402 -123.3257   44.4185    10.2     4.4     7.3     7.2   118.5     3.3 R    13.5     3.3     7.2
04236 201002  2.402 -123.3257   44.4185    11.6     3.5     7.6     7.6   117.2     6.8 R    17.2     2.4     8.1
04236 201003  2.402 -123.3257   44.4185    12.7     2.7     7.7     7.5   164.9    11.4 R    20.5     1.9     8.7
04236 201004  2.402 -123.3257   44.4185    14.3     3.5     8.9     8.6   124.3    16.7 R    23.5     3.2    10.9
04236 201005  2.402 -123.3257   44.4185    16.8     5.3    11.1    10.8    55.7    19.6 R    24.2     4.7    12.5
04236 201006  2.402 -123.3257   44.4185    20.4     8.9    14.7    14.4    58.3    21.4 R    30.1     7.5    16.5
04236 201007  2.402 -123.3257   44.4185    27.2    10.0    18.6    18.5     0.3    27.0 R    41.8     8.0    22.0
04236 201008  2.402 -123.3257   44.4185    27.0     9.4    18.2    17.8    15.5    21.7 R    41.5     7.5    20.9
04236 201009  2.402 -123.3257   44.4185    23.2    10.1    16.7    16.0    46.2    14.6 R    34.7     8.4    17.7
04236 201010  2.402 -123.3257   44.4185    17.2     5.8    11.5    11.3   117.8     9.2 R    24.6     4.1    11.7
04236 201011  2.402 -123.3257   44.4185    10.5     3.6     7.0     6.9   136.6     4.1 R    15.8     2.1     7.1
04236 201012  2.402 -123.3257   44.4185     8.5     3.3     5.9     5.8   247.9     2.9 R    12.6     2.2     5.8
04236 201101  2.402 -123.3257   44.4185     8.6     1.5     5.1     4.9    72.1     4.0 R    13.2     0.0     5.1
04236 201102  2.402 -123.3257   44.4185     8.5     0.2     4.4     4.0   128.7     7.3 R    15.6    -1.4     4.3
04236 201103  2.402 -123.3257   44.4185    11.3     3.7     7.5     7.3   188.8     9.3 R    18.8     2.6     8.0
04236 201104  2.402 -123.3257   44.4185    12.7     2.8     7.8     7.6    89.3    15.9 R    22.0     1.9     9.3
04236 201105  2.402 -123.3257   44.4185    16.0     4.9    10.4    10.3    53.4    19.0 R    25.2     4.2    12.3
04236 201106  2.402 -123.3257   44.4185    20.8     8.7    14.7    14.5    22.5    19.9 R    28.8     7.6    16.3
04236 201107  2.402 -123.3257   44.4185    24.7    10.6    17.7    17.5    24.9    23.7 R    39.7     9.3    21.2
04236 201108  2.402 -123.3257   44.4185    27.0    11.0    19.0    18.7     0.5    21.7 R    44.9     9.6    23.3
04236 201109  2.402 -123.3257   44.4185    26.5     9.7    18.1    17.7     4.1    16.3 R    42.5     8.1    20.8
04236 201110  2.402 -123.3257   44.4185    16.5     7.0    11.8    11.5    52.8     7.9 R    25.5     5.7    12.5
04236 201111  2.402 -123.3257   44.4185    10.4     2.3     6.3     6.3   136.1     4.0 R    14.9     1.2     6.6
04236 201112  2.402 -123.3257   44.4185     6.1    -0.4     2.8     2.7   133.5     2.9 R    10.3    -1.3     3.2
04236 201201  2.402 -123.3257   44.4185     8.7     0.9     4.8     4.6   269.5     4.0 R    12.3    -0.5     4.5
04236 201202  2.402 -123.3257   44.4185     9.6     0.9     5.2     5.0    96.6     6.7 R    15.2    -0.4     5.4
04236 201203  2.402 -123.3257   44.4185    10.1     1.8     6.0     5.8   290.0     9.5 R    15.7     0.8     6.5
04236 201204  2.402 -123.3257   44.4185    15.3     4.9    10.1     9.9    73.4    14.4 R    22.4     3.8    11.2
04236 201205  2.402 -123.3257   44.4185    18.4     5.2    11.8    12.0    48.8    20.8 R    24.6     4.1    13.3
04236 201206  2.402 -123.3257   44.4185    20.4     8.4    14.4    14.1    60.0    20.8 R    30.3     7.1    16.4
04236 201207  2.402 -123.3257   44.4185    25.6    10.3    17.9    17.6     0.4    23.4 R    41.0     8.8    21.4
04236 201208  2.402 -123.3257   44.4185    28.5    10.4    19.4    18.9     0.0    22.9 R    43.5     8.6    22.5
04236 201209  2.412 -123.3257   44.4185    25.7     8.1    16.9    16.4     0.0    17.7 R    39.2     5.6    18.7
04236 201210  2.412 -123.3257   44.4185    18.1     6.1    12.1    12.0   127.2     9.5 C    24.4     4.3    12.7
04236 201211  2.412 -123.3257   44.4185    11.4     5.1     8.2     8.2   240.5     3.7 C    14.5     3.6     8.3
04236 201212  2.412 -123.3257   44.4185     7.9     2.5     5.2     5.2   225.5     2.9 C    10.5     1.2     5.2
04236 201301  2.412 -123.3257   44.4185     5.2    -0.3     2.5     2.3    27.5     3.8 C     9.2    -1.2     2.8
04236 201302  2.412 -123.3257   44.4185     9.6     1.8     5.7     5.6    55.9     6.5 C    15.3     0.0     5.9
04236 201303  2.412 -123.3257   44.4185    13.5     2.8     8.1     8.1    60.4    12.6 C    21.7     0.7     9.2
04236 201304  2.412 -123.3257   44.4185    15.8     4.3    10.1    10.2    48.1    16.6 C    23.5     2.6    11.4
04236 201305  2.412 -123.3257   44.4185    20.0     6.8    13.4    13.5    49.6    20.8 C    27.5     5.4    15.0
04236 201306  2.412 -123.3257   44.4185    24.1     9.3    16.7    16.5    23.1    24.0 C    34.6     7.8    19.4
04236 201307  2.412 -123.3257   44.4185    29.2    10.1    19.6    19.7     0.0    28.0 C    41.5     8.5    23.7
04236 201308  2.412 -123.3257   44.4185    27.5    11.9    19.7    19.1     5.3    18.6 C    39.2    10.4    22.1
04236 201309  2.422 -123.3257   44.4185    22.4    11.0    16.7    16.0   180.8    12.5 C    32.9     8.8    17.7
04236 201310  2.422 -123.3257   44.4185    16.3     3.9    10.1     9.4    15.2    10.3 C    25.0     0.3     9.3
04236 201311  2.422 -123.3257   44.4185    10.4     2.3     6.3     6.2    62.9     5.0 C    15.7    -0.7     5.6
04236 201312  2.422 -123.3257   44.4185     4.6    -2.1     1.2     1.1    47.9     3.4 C     8.1    -4.8     0.6
04236 201401  2.422 -123.3257   44.4185     7.7     0.5     4.1     3.8    79.8     4.0 C    11.7    -1.7     3.5
04236 201402  2.422 -123.3257   44.4185     8.3     1.6     5.0     4.9   220.2     5.5 C    12.8    -0.5     4.6
04236 201403  2.422 -123.3257   44.4185    14.2     3.8     9.0     8.9   196.1    12.1 C    21.9     0.8     9.0
04236 201404  2.422 -123.3257   44.4185    16.3     4.4    10.3    10.5    63.6    17.6 C    23.9     1.6    10.9
04236 201405  2.422 -123.3257   44.4185    20.5     7.1    13.8    13.8    37.5    22.4 C    27.5     3.8    14.0
04236 201406  2.422 -123.3257   44.4185    23.1     8.8    16.0    15.9    25.3    23.6 C    37.0     5.4    18.7
04236 201407  2.422 -123.3257   44.4185    29.8    12.1    20.9    20.7    11.1    25.6 C    46.9     9.0    24.7
04236 201408  2.422 -123.3257   44.4185    29.8    12.1    21.0    20.7     1.3    21.9 C    47.1     8.9    24.2
04236 201409  2.422 -123.3257   44.4185    26.2     9.9    18.0    17.6    27.7    16.4 C    39.8     6.1    19.3
04236 201410  2.422 -123.3257   44.4185    20.1     9.0    14.5    14.1   102.3     9.0 C    29.0     6.0    14.5
04236 201411  2.422 -123.3257   44.4185    10.9     2.9     6.9     6.8   146.0     4.4 C    15.7     0.2     6.2
04236 201412  2.422 -123.3257   44.4185     9.6     3.3     6.4     6.4   199.5     2.8 C    12.7     1.0     6.1
04236 201501  2.422 -123.3257   44.4185     9.4     2.3     5.8     5.5    86.5     3.8 C    14.3     0.0     5.6
04236 201502  2.422 -123.3257   44.4185    13.1     4.8     8.9     8.7   131.9     6.5 C    18.6     1.6     8.2
04236 201503  2.422 -123.3257   44.4185    16.1     3.8    10.0     9.6    80.1    11.1 C    23.3     0.5     9.3
04236 201504  2.422 -123.3257   44.4185    15.7     2.8     9.2     9.3    41.8    15.0 C    24.4    -0.4     9.8
04236 201505  2.422 -123.3257   44.4185    20.4     7.3    13.8    13.6    22.2    17.0 C    28.7     4.9    14.7
04236 201506  2.422 -123.3257   44.4185    27.8     9.9    18.9    19.0     5.3    23.0 C    43.3     6.4    22.3
04236 201507  2.422 -123.3257   44.4185    30.3    11.4    20.9    20.8     0.3    22.2 C    47.9     7.9    24.6
04236 201508  2.422 -123.3257   44.4185    29.2    11.5    20.3    19.8    10.5    17.9 C    44.8     7.8    22.4
04236 201509  2.422 -123.3257   44.4185    24.0     7.9    16.0    15.4    29.9    13.8 C    37.6     4.0    16.7
04236 201510  2.422 -123.3257   44.4185    20.3     7.9    14.1    13.5    73.6     9.1 C    30.2     4.1    13.6
04236 201511  2.422 -123.3257   44.4185    10.8     1.0     5.9     5.8    82.8     5.5 C    15.9    -2.2     5.0
04236 201512  2.422 -123.3257   44.4185     9.1     3.3     6.2     6.1   405.0     2.9 C    12.2     1.3     5.7
04236 201601  2.422 -123.3257   44.4185     8.7     2.6     5.7     5.6   205.4     3.6 C    13.0     0.0     5.5
04236 201602  2.422 -123.3257   44.4185    12.6     3.5     8.0     7.9    61.8     6.7 C    19.8     0.5     7.7
04236 201603  2.422 -123.3257   44.4185    13.5     4.1     8.8     8.8   179.0    10.7 C    23.1     1.5     9.6
04236 201604  2.422 -123.3257   44.4185    18.8     5.1    12.0    11.7    63.2    18.3 C    32.6     2.6    14.0
04236 201605  2.422 -123.3257   44.4185    20.9     7.3    14.1    14.1    50.7    20.6 C    29.9     5.1    15.5
04236 201606  2.422 -123.3257   44.4185    24.5     9.1    16.8    16.7     8.4    24.3 C    36.5     6.9    19.3
04236 201607  2.422 -123.3257   44.4185    26.5    10.8    18.7    18.6    19.0    24.8 C    40.2     8.9    22.0
04236 201608  2.422 -123.3257   44.4185    29.8    10.3    20.0    20.0     0.0    23.0 C    42.8     7.8    22.4
04236 201609  2.422 -123.3257   44.4185    24.1     7.3    15.7    15.4    17.0    16.4 C    34.1     4.7    16.4
04236 201610  2.422 -123.3257   44.4185    16.1     8.5    12.3    11.9   331.2     6.3 C    21.5     6.3    12.2
04236 201611  2.422 -123.3257   44.4185    13.4     6.1     9.7     9.5   162.3     4.5 C    18.7     3.5     9.1
04236 201612  2.422 -123.3257   44.4185     5.3    -0.8     2.2     2.3   138.7     2.9 C     8.8    -3.2     2.1
04236 201701  2.422 -123.3257   44.4185     5.0    -1.7     1.7     1.6   165.9     4.2 C     9.1    -4.2     1.1
04236 201702  2.422 -123.3257   44.4185     9.0     1.8     5.4     5.2   339.9     5.8 C    14.7     0.0     5.4
04236 201703  2.422 -123.3257   44.4185    12.1     4.1     8.1     8.1   185.2     8.6 C    19.1     2.3     8.7
04236 201704  2.422 -123.3257   44.4185    14.2     3.9     9.1     9.0   105.8    14.4 C    22.9     1.9    10.1
04236 201705  2.422 -123.3257   44.4185    20.4     6.3    13.4    13.5    26.1    21.5 C    27.5     4.3    14.5
04236 201706  2.422 -123.3257   44.4185    23.4     9.4    16.4    16.4    29.4    22.8 C    34.6     6.8    18.6
04236 201707  2.422 -123.3257   44.4185    28.7    10.0    19.4    19.3     0.0    27.2 C    44.8     6.7    23.0
