53025 201109  6.101 -108.2020   31.8880 -9999.0 -9999.0 -9999.0 -9999.0 -9999.0 -9999.0 U -9999.0 -9999.0 -9999.0
53025 201110  6.101 -108.2020   31.8880    25.2     5.9    15.6    15.9    10.7 -9999.0 U -9999.0 -9999.0 -9999.0
53025 201111  6.101 -108.2020   31.8880    16.9     0.3     8.6     8.6    42.8 -9999.0 U -9999.0 -9999.0 -9999.0
53025 201112  6.101 -108.2020   31.8880     9.9    -3.3     3.3     2.9    57.1 -9999.0 U -9999.0 -9999.0 -9999.0
53025 201201  6.101 -108.2020   31.8880    15.5    -4.2     5.7     6.1     0.6 -9999.0 U -9999.0 -9999.0 -9999.0
53025 201202  6.101 -108.2020   31.8880    16.1    -2.8     6.6     7.1    18.4 -9999.0 U -9999.0 -9999.0 -9999.0
53025 201203  6.101 -108.2020   31.8880    20.6    -1.5     9.5    10.6     2.5 -9999.0 U -9999.0 -9999.0 -9999.0
53025 201204  6.101 -108.2020   31.8880    26.5     3.5    15.0    16.7     0.0 -9999.0 U -9999.0 -9999.0 -9999.0
53025 201205  6.101 -108.2020   31.8880    30.2     8.8    19.5    21.1     1.7 -9999.0 U -9999.0 -9999.0 -9999.0
53025 201206  6.101 -108.2020   31.8880    36.1    14.3    25.2    26.9     2.9 -9999.0 U -9999.0 -9999.0 -9999.0
53025 201207  6.101 -108.2020   31.8880    32.8    17.6    25.2    24.9    20.7 -9999.0 U -9999.0 -9999.0 -9999.0
53025 201208  6.101 -108.2020   31.8880    33.9    17.2    25.6    26.0     7.6 -9999.0 U -9999.0 -9999.0 -9999.0
53025 201209  6.101 -108.2020   31.8880    29.0    12.5    20.7    21.1    26.7 -9999.0 U -9999.0 -9999.0 -9999.0
53025 201210  6.101 -108.2020   31.8880    26.7     6.4    16.5    17.2     1.0 -9999.0 U -9999.0 -9999.0 -9999.0
53025 201211  6.101 -108.2020   31.8880    20.6     1.2    10.9    11.4     2.7 -9999.0 U -9999.0 -9999.0 -9999.0
53025 201212  6.101 -108.2020   31.8880    13.9    -3.5     5.2     5.4    16.2 -9999.0 U -9999.0 -9999.0 -9999.0
53025 201301  6.101 -108.2020   31.8880    10.5    -5.4     2.5     2.7     9.6 -9999.0 U -9999.0 -9999.0 -9999.0
53025 201302  6.101 -108.2020   31.8880    14.0    -5.8     4.1     4.7     1.7 -9999.0 U -9999.0 -9999.0 -9999.0
53025 201303  6.101 -108.2020   31.8880    22.0     0.9    11.4    12.5     0.4 -9999.0 U -9999.0 -9999.0 -9999.0
53025 201304  6.101 -108.2020   31.8880    25.2     4.4    14.8    16.3     0.0 -9999.0 U -9999.0 -9999.0 -9999.0
53025 201305  6.101 -108.2020   31.8880    28.9     8.8    18.9    20.5     0.0 -9999.0 U -9999.0 -9999.0 -9999.0
53025 201306  6.101 -108.2020   31.8880    36.5    15.7    26.1    27.7     0.0 -9999.0 U -9999.0 -9999.0 -9999.0
53025 201307  6.101 -108.2020   31.8880    32.1    18.3    25.2    24.7    90.0 -9999.0 U -9999.0 -9999.0 -9999.0
53025 201308  6.101 -108.2020   31.8880    31.1    17.3    24.2    24.1    51.3 -9999.0 U -9999.0 -9999.0 -9999.0
53025 201309  6.101 -108.2020   31.8880    28.6    14.4    21.5    21.5    59.7 -9999.0 U -9999.0 -9999.0 -9999.0
53025 201310  6.101 -108.2020   31.8880    24.5     4.5    14.5    15.4     0.0 -9999.0 U -9999.0 -9999.0 -9999.0
53025 201311  6.101 -108.2020   31.8880    17.6     0.5     9.0     9.5     4.3 -9999.0 U -9999.0 -9999.0 -9999.0
53025 201312  6.101 -108.2020   31.8880    12.5    -4.3     4.1     4.2     7.7 -9999.0 U -9999.0 -9999.0 -9999.0
53025 201401  6.101 -108.2020   31.8880    15.8    -4.6     5.6     5.7     0.0 -9999.0 U -9999.0 -9999.0 -9999.0
53025 201402  6.101 -108.2020   31.8880    19.4    -1.7     8.8     9.7     0.3 -9999.0 U -9999.0 -9999.0 -9999.0
53025 201403  6.101 -108.2020   31.8880    20.4     2.2    11.3    12.3    19.0 -9999.0 U -9999.0 -9999.0 -9999.0
53025 201404  6.101 -108.2020   31.8880    24.1     5.7    14.9    15.9     9.0 -9999.0 U -9999.0 -9999.0 -9999.0
53025 201405  6.101 -108.2020   31.8880    28.4     9.1    18.8    20.3     0.0 -9999.0 U -9999.0 -9999.0 -9999.0
53025 201406  6.101 -108.2020   31.8880 -9999.0 -9999.0 -9999.0 -9999.0 -9999.0 -9999.0 U -9999.0 -9999.0 -9999.0
