53009 201009  6.101 -108.3635   35.0461    26.1     5.0    15.5    15.9 -9999.0 -9999.0 U -9999.0 -9999.0 -9999.0
53009 201010  6.101 -108.3635   35.0461    18.9    -0.2     9.4     9.8     8.3 -9999.0 U -9999.0 -9999.0 -9999.0
53009 201011  6.101 -108.3635   35.0461    10.5   -11.7    -0.6    -0.5    10.5 -9999.0 U -9999.0 -9999.0 -9999.0
53009 201012  6.101 -108.3635   35.0461     8.8    -8.0     0.4    -0.1    36.4 -9999.0 U -9999.0 -9999.0 -9999.0
53009 201101  6.101 -108.3635   35.0461     4.7   -14.6    -5.0    -5.6     2.6 -9999.0 U -9999.0 -9999.0 -9999.0
53009 201102  6.101 -108.3635   35.0461     6.5   -13.3    -3.4    -3.2    13.0 -9999.0 U -9999.0 -9999.0 -9999.0
53009 201103  6.101 -108.3635   35.0461    15.0    -6.8     4.1     4.4     9.3 -9999.0 U -9999.0 -9999.0 -9999.0
53009 201104  6.101 -108.3635   35.0461    17.7    -3.8     6.9     8.2     4.9 -9999.0 U -9999.0 -9999.0 -9999.0
53009 201105  6.101 -108.3635   35.0461    20.3    -2.6     8.8    10.3    10.8 -9999.0 U -9999.0 -9999.0 -9999.0
53009 201106  6.101 -108.3635   35.0461    29.2     2.1    15.7    17.7     0.0 -9999.0 U -9999.0 -9999.0 -9999.0
53009 201107  6.101 -108.3635   35.0461    29.3    10.4    19.8    19.7    48.9 -9999.0 U -9999.0 -9999.0 -9999.0
53009 201108  6.101 -108.3635   35.0461    28.5    11.0    19.7    19.0    65.3 -9999.0 U -9999.0 -9999.0 -9999.0
53009 201109  6.101 -108.3635   35.0461    24.0     6.2    15.1    14.4    44.6 -9999.0 U -9999.0 -9999.0 -9999.0
53009 201110  6.101 -108.3635   35.0461    18.2    -2.2     8.0     7.4    46.0 -9999.0 U -9999.0 -9999.0 -9999.0
53009 201111  6.101 -108.3635   35.0461    10.9    -6.8     2.1     1.6    22.4 -9999.0 U -9999.0 -9999.0 -9999.0
53009 201112  6.101 -108.3635   35.0461     3.8   -13.9    -5.1    -4.8    32.7 -9999.0 U -9999.0 -9999.0 -9999.0
53009 201201  6.101 -108.3635   35.0461     8.1    -8.6    -0.2    -1.2     9.1 -9999.0 U -9999.0 -9999.0 -9999.0
53009 201202  6.101 -108.3635   35.0461     7.6    -7.4     0.1    -0.1    15.2 -9999.0 U -9999.0 -9999.0 -9999.0
53009 201203  6.101 -108.3635   35.0461    14.0    -8.3     2.8     3.3    10.2 -9999.0 U -9999.0 -9999.0 -9999.0
53009 201204  6.101 -108.3635   35.0461    19.3    -3.3     8.0     8.9     5.4 -9999.0 U -9999.0 -9999.0 -9999.0
53009 201205  6.101 -108.3635   35.0461    24.5    -0.4    12.0    14.0     0.0 -9999.0 U -9999.0 -9999.0 -9999.0
53009 201206  6.101 -108.3635   35.0461    30.8     4.1    17.5    19.5     3.0 -9999.0 U -9999.0 -9999.0 -9999.0
53009 201207  6.101 -108.3635   35.0461    28.6    11.3    19.9    19.7    44.1 -9999.0 U -9999.0 -9999.0 -9999.0
53009 201208  6.101 -108.3635   35.0461    27.9    10.3    19.1    18.9    69.8 -9999.0 U -9999.0 -9999.0 -9999.0
53009 201209  6.101 -108.3635   35.0461    24.7     5.3    15.0    14.9    16.2 -9999.0 U -9999.0 -9999.0 -9999.0
53009 201210  6.101 -108.3635   35.0461    20.5    -4.2     8.2     8.4     0.7 -9999.0 U -9999.0 -9999.0 -9999.0
53009 201211  6.101 -108.3635   35.0461    13.9    -9.2     2.4     1.5    16.0 -9999.0 U -9999.0 -9999.0 -9999.0
53009 201212  6.101 -108.3635   35.0461     6.0   -12.4    -3.2    -3.5    21.8 -9999.0 U -9999.0 -9999.0 -9999.0
53009 201301  6.101 -108.3635   35.0461     3.4   -16.7    -6.6    -6.7    11.1 -9999.0 U -9999.0 -9999.0 -9999.0
53009 201302  6.101 -108.3635   35.0461     5.0   -11.3    -3.1    -3.1    18.3 -9999.0 U -9999.0 -9999.0 -9999.0
53009 201303  6.101 -108.3635   35.0461    14.2    -7.2     3.5     3.8     6.7 -9999.0 U -9999.0 -9999.0 -9999.0
53009 201304  6.101 -108.3635   35.0461    17.1    -5.3     5.9     7.0     7.6 -9999.0 U -9999.0 -9999.0 -9999.0
53009 201305  6.101 -108.3635   35.0461    22.4    -0.9    10.8    12.3     5.6 -9999.0 U -9999.0 -9999.0 -9999.0
53009 201306  6.101 -108.3635   35.0461    30.5     4.5    17.5    19.3     4.7 -9999.0 U -9999.0 -9999.0 -9999.0
53009 201307  6.101 -108.3635   35.0461    28.1    12.0    20.1    19.5    55.6 -9999.0 U -9999.0 -9999.0 -9999.0
53009 201308  6.101 -108.3635   35.0461    26.7    10.3    18.5    18.2    35.9 -9999.0 U -9999.0 -9999.0 -9999.0
53009 201309  6.101 -108.3635   35.0461    23.5     6.2    14.8    14.8    76.6 -9999.0 U -9999.0 -9999.0 -9999.0
53009 201310  6.101 -108.3635   35.0461    16.9    -4.6     6.2     6.4     8.5 -9999.0 U -9999.0 -9999.0 -9999.0
53009 201311  6.101 -108.3635   35.0461    11.0    -5.2     2.9     2.5    38.5 -9999.0 U -9999.0 -9999.0 -9999.0
53009 201312  6.101 -108.3635   35.0461     6.6   -11.6    -2.5    -3.2     5.0 -9999.0 U -9999.0 -9999.0 -9999.0
53009 201401  6.101 -108.3635   35.0461     9.8   -13.9    -2.0    -3.1     0.0 -9999.0 U -9999.0 -9999.0 -9999.0
53009 201402  6.101 -108.3635   35.0461    10.7    -8.1     1.3     1.3     4.3 -9999.0 U -9999.0 -9999.0 -9999.0
53009 201403  6.101 -108.3635   35.0461    13.1    -6.6     3.3     3.5    21.4 -9999.0 U -9999.0 -9999.0 -9999.0
53009 201404  6.101 -108.3635   35.0461    16.6    -5.3     5.7     6.7     7.3 -9999.0 U -9999.0 -9999.0 -9999.0
53009 201405  6.101 -108.3635   35.0461    21.4    -1.5     9.9    11.5     2.7 -9999.0 U -9999.0 -9999.0 -9999.0
53009 201406  6.101 -108.3635   35.0461 -9999.0 -9999.0 -9999.0 -9999.0 -9999.0 -9999.0 U -9999.0 -9999.0 -9999.0
