03079 200906  6.101 -106.1709   38.0989 -9999.0 -9999.0 -9999.0 -9999.0 -9999.0 -9999.0 U -9999.0 -9999.0 -9999.0
03079 200907  6.101 -106.1709   38.0989    27.4     8.8    18.1    18.1    27.0 -9999.0 U -9999.0 -9999.0 -9999.0
03079 200908  6.101 -106.1709   38.0989    26.1     7.4    16.8    16.8    15.8 -9999.0 U -9999.0 -9999.0 -9999.0
03079 200909  6.101 -106.1709   38.0989    21.2     4.2    12.7    12.3     8.9 -9999.0 U -9999.0 -9999.0 -9999.0
03079 200910  6.101 -106.1709   38.0989    12.7    -3.6     4.5     4.5    19.5 -9999.0 U -9999.0 -9999.0 -9999.0
03079 200911  6.101 -106.1709   38.0989     9.0    -6.9     1.1     0.5     6.5 -9999.0 U -9999.0 -9999.0 -9999.0
03079 200912  6.101 -106.1709   38.0989    -1.1   -15.4    -8.2    -8.4     5.4 -9999.0 U -9999.0 -9999.0 -9999.0
03079 201001  6.101 -106.1709   38.0989     0.8   -13.3    -6.3    -6.2    17.9 -9999.0 U -9999.0 -9999.0 -9999.0
03079 201002  6.101 -106.1709   38.0989    -1.6   -13.6    -7.6    -7.1    13.8 -9999.0 U -9999.0 -9999.0 -9999.0
03079 201003  6.101 -106.1709   38.0989     7.3    -6.7     0.3     0.2    15.6 -9999.0 U -9999.0 -9999.0 -9999.0
03079 201004  6.101 -106.1709   38.0989    13.7    -2.9     5.4     5.6    20.7 -9999.0 U -9999.0 -9999.0 -9999.0
03079 201005  6.101 -106.1709   38.0989    19.1     0.6     9.9    10.4     7.3 -9999.0 U -9999.0 -9999.0 -9999.0
03079 201006  6.101 -106.1709   38.0989    26.6     6.6    16.6    17.0     3.1 -9999.0 U -9999.0 -9999.0 -9999.0
03079 201007  6.101 -106.1709   38.0989    27.4    10.5    19.0    18.6    59.0 -9999.0 U -9999.0 -9999.0 -9999.0
03079 201008  6.101 -106.1709   38.0989    25.6     9.0    17.3    17.2    31.5 -9999.0 U -9999.0 -9999.0 -9999.0
03079 201009  6.101 -106.1709   38.0989    24.6     5.1    14.8    15.2    12.4 -9999.0 U -9999.0 -9999.0 -9999.0
03079 201010  6.101 -106.1709   38.0989    15.9     0.4     8.1     7.7    17.5 -9999.0 U -9999.0 -9999.0 -9999.0
03079 201011  6.101 -106.1709   38.0989     7.0    -9.2    -1.1    -1.4     2.0 -9999.0 U -9999.0 -9999.0 -9999.0
03079 201012  6.101 -106.1709   38.0989     5.1    -8.1    -1.5    -1.8     5.6 -9999.0 U -9999.0 -9999.0 -9999.0
03079 201101  6.101 -106.1709   38.0989     2.4   -13.1    -5.3    -5.1     1.0 -9999.0 U -9999.0 -9999.0 -9999.0
03079 201102  6.101 -106.1709   38.0989     2.2   -13.4    -5.6    -5.5    12.4 -9999.0 U -9999.0 -9999.0 -9999.0
03079 201103  6.101 -106.1709   38.0989    11.1    -5.7     2.7     2.7     4.5 -9999.0 U -9999.0 -9999.0 -9999.0
03079 201104  6.101 -106.1709   38.0989    14.2    -3.5     5.4     5.4     5.0 -9999.0 U -9999.0 -9999.0 -9999.0
03079 201105  6.101 -106.1709   38.0989    18.0    -0.7     8.6     9.2     4.9 -9999.0 U -9999.0 -9999.0 -9999.0
03079 201106  6.101 -106.1709   38.0989    26.8     6.5    16.6    17.4     0.3 -9999.0 U -9999.0 -9999.0 -9999.0
03079 201107  6.101 -106.1709   38.0989    28.6    11.1    19.9    19.7    23.2 -9999.0 U -9999.0 -9999.0 -9999.0
03079 201108  6.101 -106.1709   38.0989    27.4    10.6    19.0    18.6    30.4 -9999.0 U -9999.0 -9999.0 -9999.0
03079 201109  6.101 -106.1709   38.0989    21.8     5.8    13.8    13.4    25.1 -9999.0 U -9999.0 -9999.0 -9999.0
03079 201110  6.101 -106.1709   38.0989    15.4    -0.3     7.6     7.3    14.8 -9999.0 U -9999.0 -9999.0 -9999.0
03079 201111  6.101 -106.1709   38.0989     7.6    -8.1    -0.2    -0.5     2.1 -9999.0 U -9999.0 -9999.0 -9999.0
03079 201112  6.101 -106.1709   38.0989    -4.5   -17.8   -11.1   -10.5    16.7 -9999.0 U -9999.0 -9999.0 -9999.0
03079 201201  6.101 -106.1709   38.0989     0.7   -13.3    -6.3    -6.0     1.7 -9999.0 U -9999.0 -9999.0 -9999.0
03079 201202  6.101 -106.1709   38.0989     1.5   -11.2    -4.8    -4.6    10.8 -9999.0 U -9999.0 -9999.0 -9999.0
03079 201203  6.101 -106.1709   38.0989    13.2    -5.8     3.7     3.9     1.4 -9999.0 U -9999.0 -9999.0 -9999.0
03079 201204  6.101 -106.1709   38.0989    17.1    -1.4     7.8     8.3    13.0 -9999.0 U -9999.0 -9999.0 -9999.0
03079 201205  6.101 -106.1709   38.0989    21.5     2.4    12.0    12.4    17.0 -9999.0 U -9999.0 -9999.0 -9999.0
03079 201206  6.101 -106.1709   38.0989    28.5     7.9    18.2    18.9     2.4 -9999.0 U -9999.0 -9999.0 -9999.0
03079 201207  6.101 -106.1709   38.0989    28.0    11.2    19.6    19.2    38.4 -9999.0 U -9999.0 -9999.0 -9999.0
03079 201208  6.101 -106.1709   38.0989    26.8     9.9    18.4    17.9    13.9 -9999.0 U -9999.0 -9999.0 -9999.0
03079 201209  6.101 -106.1709   38.0989    22.5     6.1    14.3    14.1    18.1 -9999.0 U -9999.0 -9999.0 -9999.0
03079 201210  6.101 -106.1709   38.0989    16.9    -1.3     7.8     7.8     7.2 -9999.0 U -9999.0 -9999.0 -9999.0
03079 201211  6.101 -106.1709   38.0989     9.7    -6.7     1.5     1.1     8.0 -9999.0 U -9999.0 -9999.0 -9999.0
03079 201212  6.101 -106.1709   38.0989    -1.2   -15.0    -8.1    -8.2     7.5 -9999.0 U -9999.0 -9999.0 -9999.0
03079 201301  6.101 -106.1709   38.0989    -4.6   -19.1   -11.9   -11.6     5.6 -9999.0 U -9999.0 -9999.0 -9999.0
03079 201302  6.101 -106.1709   38.0989     2.1   -11.4    -4.6    -4.4     4.5 -9999.0 U -9999.0 -9999.0 -9999.0
03079 201303  6.101 -106.1709   38.0989     9.9    -6.3     1.8     1.6     9.3 -9999.0 U -9999.0 -9999.0 -9999.0
03079 201304  6.101 -106.1709   38.0989    13.8    -2.8     5.5     5.7    16.6 -9999.0 U -9999.0 -9999.0 -9999.0
03079 201305  6.101 -106.1709   38.0989    18.5     1.2     9.8    10.2    20.6 -9999.0 U -9999.0 -9999.0 -9999.0
03079 201306  6.101 -106.1709   38.0989    27.0     7.1    17.1    17.5    18.8 -9999.0 U -9999.0 -9999.0 -9999.0
03079 201307  6.101 -106.1709   38.0989    27.0    10.6    18.8    18.5    25.2 -9999.0 U -9999.0 -9999.0 -9999.0
03079 201308  6.101 -106.1709   38.0989    26.1    10.1    18.1    17.7    42.2 -9999.0 U -9999.0 -9999.0 -9999.0
03079 201309  6.101 -106.1709   38.0989    21.6     6.9    14.3    13.8    50.7 -9999.0 U -9999.0 -9999.0 -9999.0
03079 201310  6.101 -106.1709   38.0989    13.7    -2.3     5.7     5.4    10.4 -9999.0 U -9999.0 -9999.0 -9999.0
03079 201311  6.101 -106.1709   38.0989     5.4    -8.2    -1.4    -1.6    30.5 -9999.0 U -9999.0 -9999.0 -9999.0
03079 201312  6.101 -106.1709   38.0989    -6.5   -19.0   -12.8   -12.4     3.4 -9999.0 U -9999.0 -9999.0 -9999.0
03079 201401  6.101 -106.1709   38.0989    -3.4   -15.7    -9.5    -9.0    11.4 -9999.0 U -9999.0 -9999.0 -9999.0
03079 201402  6.101 -106.1709   38.0989     3.3    -9.9    -3.3    -3.3     3.1 -9999.0 U -9999.0 -9999.0 -9999.0
03079 201403  6.101 -106.1709   38.0989    10.2    -5.7     2.2     2.0     1.8 -9999.0 U -9999.0 -9999.0 -9999.0
03079 201404  6.101 -106.1709   38.0989    13.4    -2.6     5.4     5.5    10.7 -9999.0 U -9999.0 -9999.0 -9999.0
03079 201405  6.101 -106.1709   38.0989    18.9     1.3    10.1    10.2    16.0 -9999.0 U -9999.0 -9999.0 -9999.0
03079 201406  6.101 -106.1709   38.0989 -9999.0 -9999.0 -9999.0 -9999.0 -9999.0 -9999.0 U -9999.0 -9999.0 -9999.0
