63858 200505  1.201  -87.2422   32.4567 -9999.0 -9999.0 -9999.0 -9999.0 -9999.0 -9999.0 U -9999.0 -9999.0 -9999.0
63858 200506  1.201  -87.2422   32.4567    30.4    19.6    25.0    24.8   154.5    23.7 R -9999.0 -9999.0    27.2
63858 200507  1.201  -87.2422   32.4567    31.3    22.2    26.7    26.0   356.7    19.7 R -9999.0 -9999.0    27.4
63858 200508  1.201  -87.2422   32.4567    31.8    22.0    26.9    26.1   152.2    20.4 R -9999.0 -9999.0    27.6
63858 200509  1.201  -87.2422   32.4567    31.0    18.5    24.8    24.1   122.0    19.3 R -9999.0 -9999.0    24.6
63858 200510  1.301  -87.2422   32.4567    24.6     9.8    17.2    16.6     4.2    15.3 R -9999.0 -9999.0    16.6
63858 200511  1.301  -87.2422   32.4567    21.1     5.5    13.3    13.1    88.9    11.1 R    25.3     3.8    12.4
63858 200512  1.301  -87.2422   32.4567    13.8    -1.1     6.3     6.3    80.7     9.1 R    17.1    -2.5     5.4
63858 200601  1.301  -87.2422   32.4567    17.3     3.6    10.5    10.9   116.3     9.6 R    19.5     2.0     9.9
63858 200602  1.301  -87.2422   32.4567    14.3     1.6     7.9     8.0   139.9    12.4 R    18.8     0.7     7.9
63858 200603  1.301  -87.2422   32.4567    20.6     6.2    13.4    13.4    69.6    17.6 R    26.1     4.9    13.4
63858 200604  1.301  -87.2422   32.4567    26.8    11.5    19.2    19.3    42.2    21.0 R    32.2    10.3    19.4
63858 200605  1.301  -87.2422   32.4567    28.0    14.2    21.1    21.2    78.9    23.2 R    33.7    13.3    21.9
63858 200606  1.301  -87.2422   32.4567    32.9    17.6    25.2    25.1    33.3    25.3 R    39.0    16.4    25.6
63858 200607  1.301  -87.2422   32.4567    35.2    21.1    28.1    27.3    32.5    21.6 R    44.3    20.2    28.6
63858 200608  1.301  -87.2422   32.4567    34.9    21.9    28.4    27.4    80.4    20.6 R    45.0    21.3    29.1
63858 200609  1.301  -87.2422   32.4567    30.4    15.7    23.1    22.7    34.7    18.5 R    41.0    14.6    23.9
63858 200610  1.301  -87.2422   32.4567    25.0     9.2    17.1    16.8    86.0    14.7 R    33.2     8.0    17.5
63858 200611  1.301  -87.2422   32.4567    19.0     4.0    11.5    11.1   201.5    11.8 R    22.7     2.6    10.5
63858 200612  1.301  -87.2422   32.4567    16.4     1.8     9.1     8.7   145.4     9.3 R    18.7     0.8     8.2
63858 200701  1.301  -87.2422   32.4567    13.7     2.2     8.0     8.1    84.9     9.2 R    16.7     1.5     7.9
63858 200702  1.301  -87.2422   32.4567    14.8     0.0     7.4     7.6    59.4    13.5 R    19.9    -0.9     7.3
63858 200703  1.301  -87.2422   32.4567    23.1     6.8    15.0    15.1    37.0    18.9 R    28.5     6.0    15.2
63858 200704  1.302  -87.2422   32.4567    22.6     7.7    15.2    15.5    35.9    20.7 R    30.8     6.4    16.2
63858 200705  1.302  -87.2422   32.4567    29.6    13.1    21.4    21.6     3.0    25.4 R    42.3    11.8    23.6
63858 200706  1.302  -87.2422   32.4567    34.0    18.9    26.4    25.8 -9999.0    23.1 R    44.3    17.9    27.5
63858 200707  1.302  -87.2422   32.4567    32.3    21.1    26.7    25.9   102.1    21.1 R    37.6    20.7    26.7
63858 200708  1.302  -87.2422   32.4567    36.8    22.4    29.6    28.7    87.1    22.2 R    44.4    22.0    30.1
63858 200709  1.302  -87.2422   32.4567    31.1    18.1    24.6    24.0    58.9    18.8 R    36.6    17.3    24.2
63858 200710  1.302  -87.2422   32.4567    26.0    12.1    19.1    18.8    69.8    14.3 R    33.5    10.8    19.0
63858 200711  1.302  -87.2422   32.4567    19.7     3.8    11.7    11.6    52.4    12.2 R    24.1     2.2    11.0
63858 200712  1.302  -87.2422   32.4567 -9999.0 -9999.0 -9999.0 -9999.0 -9999.0 -9999.0 U -9999.0 -9999.0 -9999.0
63858 200801  1.302  -87.2422   32.4567    12.3    -0.1     6.1     6.1   144.8     9.9 R    15.7    -1.6     5.7
63858 200802  1.302  -87.2422   32.4567    17.4     1.9     9.7     9.5   102.0    12.8 R    20.8     0.3     8.9
63858 200803  1.302  -87.2422   32.4567    20.2     4.7    12.4    12.8   102.5    18.3 R    24.3     3.0    12.3
63858 200804  1.302  -87.2422   32.4567    23.6     9.9    16.7    16.9   121.8    20.4 R    27.2     8.3    16.7
63858 200805  1.302  -87.2422   32.4567    27.8    14.1    21.0    21.3    86.1    22.4 R    34.4    12.6    22.0
63858 200806  1.302  -87.2422   32.4567    32.0    19.1    25.5    25.1   128.5    24.9 R    36.2    18.2    25.6
63858 200807  1.302  -87.2422   32.4567    33.0    20.1    26.5    26.1    64.6    23.4 R    39.4    19.0    26.7
63858 200808  1.302  -87.2422   32.4567    31.1    20.2    25.6    25.2   253.9    18.9 R    36.3    19.5    25.7
63858 200809  1.302  -87.2422   32.4567    29.1    17.4    23.3    22.8    10.1    17.4 R    33.6    16.4    22.8
63858 200810  1.302  -87.2422   32.4567    23.4     9.0    16.2    15.9    31.3    14.7 R    28.0     7.8    15.9
63858 200811  1.302  -87.2422   32.4567    18.5     1.8    10.2    10.1    41.8    11.1 R    23.3     0.2     9.6
63858 200812  1.302  -87.2422   32.4567    16.6     3.7    10.2    10.0   105.5     8.0 R    19.8     2.5     9.7
63858 200901  1.302  -87.2422   32.4567    14.4     0.8     7.6     7.3    63.3     9.8 R    18.6    -0.6     7.0
63858 200902  1.302  -87.2422   32.4567    17.1     0.9     9.0     9.0    88.9    13.1 R    24.5    -1.5     8.7
63858 200903  1.302  -87.2422   32.4567    20.5     7.3    13.9    14.0   227.7    15.5 R    28.3     5.6    14.2
63858 200904  2.402  -87.2422   32.4567    23.5     9.0    16.3    16.5    87.3    20.5 R    33.4     7.4    17.6
63858 200905  2.402  -87.2422   32.4567    26.8    16.8    21.8    21.5   129.5    18.5 R    32.5    16.2    22.4
63858 200906  2.402  -87.2422   32.4567    32.5    19.3    25.9    25.8    43.3    24.6 R    36.0    18.7    26.3
63858 200907  2.402  -87.2422   32.4567    31.8    19.6    25.7    25.2   126.3    21.7 R    38.8    19.2    26.6
63858 200908  2.402  -87.2422   32.4567    30.7    19.8    25.3    24.7   168.3    19.5 R    39.2    19.6    26.5
63858 200909  2.402  -87.2422   32.4567    28.9    19.3    24.1    23.1   223.1    14.5 R    37.4    19.3    24.7
63858 200910  2.402  -87.2422   32.4567    22.6    11.6    17.1    17.1   125.0    11.1 R    28.4    11.8    18.3
63858 200911  2.402  -87.2422   32.4567    18.5     4.0    11.2    10.8   129.4    11.7 R    22.2     4.3    11.6
63858 200912  2.402  -87.2422   32.4567    12.2     1.8     7.0     7.0   279.9     6.9 R    14.0     2.3     7.4
63858 201001  2.402  -87.2422   32.4567    10.4    -1.7     4.3     3.8   225.7     9.9 R    12.2    -0.9     4.5
63858 201002  2.402  -87.2422   32.4567    10.7    -0.8     5.0     4.8   121.5    12.2 R    15.3     0.3     6.1
63858 201003  2.402  -87.2422   32.4567    17.0     4.2    10.6    10.6   110.1    14.6 R    22.6     4.6    11.7
63858 201004  2.402  -87.2422   32.4567    25.2     9.1    17.1    17.5    72.8    21.4 R    39.8    10.1    21.7
63858 201005  2.402  -87.2422   32.4567    29.0    16.3    22.7    22.6 -9999.0    21.4 R    40.3    16.9    25.7
63858 201006  2.402  -87.2422   32.4567    33.3    20.8    27.1    26.5    60.0    23.3 R    37.7    20.8    27.8
63858 201007  2.402  -87.2422   32.4567    34.1    22.2    28.2    27.5    99.4    21.9 R    45.2    22.3    30.1
63858 201008  2.402  -87.2422   32.4567    34.4    22.5    28.4    27.5    90.2    20.0 R    45.7    22.7    30.3
63858 201009  2.402  -87.2422   32.4567    32.9    16.6    24.8    24.4    20.0    19.6 R    48.9    17.0    28.5
63858 201010  2.402  -87.2422   32.4567    27.3     7.8    17.5    17.2    77.7    16.8 R    37.5     8.0    19.4
63858 201011  2.402  -87.2422   32.4567    20.4     4.8    12.6    12.3   148.5    10.4 R    24.8     4.8    13.0
63858 201012  2.402  -87.2422   32.4567    11.7    -1.8     5.0     4.6    40.7     9.2 R    15.4    -1.9     5.1
63858 201101  2.402  -87.2422   32.4567    11.2    -1.3     5.0     5.0    80.6     9.0 R    14.5    -1.4     5.2
63858 201102  2.402  -87.2422   32.4567    16.7     2.0     9.3     9.3   158.6    12.0 R    20.0     1.2     9.2
63858 201103  2.402  -87.2422   32.4567    20.8     7.4    14.1    14.2   222.9    16.0 R    28.0     6.9    15.2
63858 201104  2.402  -87.2422   32.4567    25.8    11.4    18.6    18.9   130.4    21.2 R    36.3    12.0    21.4
63858 201105  2.402  -87.2422   32.4567    27.9    12.3    20.1    20.3    38.8    23.9 R    45.1    13.7    25.9
63858 201106  2.402  -87.2422   32.4567    35.0    19.9    27.4    26.9    95.0    24.0 R    48.5    20.7    31.2
63858 201107  2.402  -87.2422   32.4567    33.3    21.8    27.6    26.6   106.3    20.1 R    45.7    22.3    29.8
63858 201108  2.402  -87.2422   32.4567    35.7    20.4    28.1    27.4    45.7    21.4 R    54.6    21.5    33.0
63858 201109  2.402  -87.2422   32.4567    28.9    16.3    22.6    22.1   171.2    16.6 R    40.3    17.1    25.3
63858 201110  2.402  -87.2422   32.4567    24.1     6.9    15.5    14.9    11.8    16.4 R    31.6     7.7    16.9
63858 201111  2.402  -87.2422   32.4567    19.7     5.5    12.6    12.6    95.2    10.1 R    23.9     5.5    12.9
63858 201112  2.402  -87.2422   32.4567    16.5     3.1     9.8     9.5    94.6     8.1 R    18.7     3.6    10.0
63858 201201  2.402  -87.2422   32.4567    17.5     3.1    10.3    10.5   132.8     9.9 R    19.9     3.5    10.5
63858 201202  2.402  -87.2422   32.4567    17.0     6.2    11.6    11.6   144.4    10.7 R    20.7     6.4    12.2
63858 201203  2.402  -87.2422   32.4567    24.5    11.6    18.1    18.0   180.5    16.4 R    28.3    11.7    18.5
63858 201204  2.402  -87.2422   32.4567    25.1    11.1    18.1    18.2    53.5    21.0 R    36.3    11.6    21.2
63858 201205  2.402  -87.2422   32.4567    29.3    15.7    22.5    22.4    91.2    23.0 R    41.5    16.4    26.5
63858 201206  2.402  -87.2422   32.4567    31.6    18.6    25.1    25.0    32.8    23.0 R    43.8    19.3    29.5
63858 201207  2.402  -87.2422   32.4567    33.0    21.5    27.2    26.4   265.9    20.5 R    46.8    22.4    30.7
63858 201208  2.402  -87.2422   32.4567    30.9    20.4    25.7    25.0   117.8    18.2 R    38.5    21.0    27.2
63858 201209  2.402  -87.2422   32.4567    28.6    16.6    22.6    22.1   154.8    16.4 R    34.8    16.7    23.7
63858 201210  2.402  -87.2422   32.4567    24.0     8.8    16.4    16.0    26.7    13.2 R    29.6     8.5    17.1
63858 201211  2.402  -87.2422   32.4567    19.0     1.3    10.2     9.6    32.4     9.6 R    24.3     1.1    10.4
63858 201212  2.402  -87.2422   32.4567    17.2     3.3    10.3    10.0   153.4     6.2 R    20.6     3.0    10.3
63858 201301  2.402  -87.2422   32.4567    15.9     4.6    10.2    10.1   177.4     6.2 R    19.2     4.1    10.3
63858 201302  2.412  -87.2422   32.4567    14.9     2.1     8.5     9.0   317.3     9.3 R    19.2     2.1     9.5
63858 201303  2.412  -87.2422   32.4567    17.3     2.7    10.0    10.2    84.4    16.5 C    22.2     3.1    11.4
63858 201304  2.412  -87.2422   32.4567    23.6    10.3    16.9    17.0   136.3    18.4 C    28.2    10.6    18.5
63858 201305  2.412  -87.2422   32.4567    26.2    13.5    19.9    20.1    69.4    20.9 C    31.5    13.7    22.1
63858 201306  2.412  -87.2422   32.4567    31.3    19.9    25.6    25.1   100.4    20.9 C    35.5    20.0    26.8
63858 201307  2.412  -87.2422   32.4567    30.2    21.1    25.7    24.8   154.4    18.1 C    34.9    21.3    26.4
63858 201308  2.412  -87.2422   32.4567    31.1    20.5    25.8    25.1   131.2    19.1 C    37.1    20.8    27.2
63858 201309  2.412  -87.2422   32.4567    30.2    17.3    23.7    23.2    42.7    18.3 C    37.1    17.5    25.5
63858 201310  2.412  -87.2422   32.4567    25.1    11.2    18.2    17.7    50.6    13.9 C    29.8    11.0    19.0
63858 201311  2.422  -87.2422   32.4567    17.4     3.0    10.2    10.1    94.7    11.3 C    21.0     1.6    10.1
63858 201312  2.422  -87.2422   32.4567    15.0     2.8     8.9     8.6   214.2     7.0 C    17.6     1.9     8.3
63858 201401  2.422  -87.2422   32.4567    10.2    -4.9     2.6     2.9    45.0    11.1 C    14.1    -5.9     2.5
63858 201402  2.422  -87.2422   32.4567    15.8     2.6     9.2     8.8   133.7    11.1 C    20.5     1.9     9.1
63858 201403  2.422  -87.2422   32.4567    18.7     4.7    11.7    11.7   214.2    15.4 C    24.5     4.2    12.4
63858 201404  2.422  -87.2422   32.4567    23.7    11.1    17.4    17.4   216.6    18.6 C    29.1    10.8    18.3
63858 201405  2.422  -87.2422   32.4567    27.6    14.9    21.2    21.1   110.3    22.8 C    40.6    15.9    25.2
63858 201406  2.422  -87.2422   32.4567    31.2    19.9    25.5    25.0    81.8    22.8 C    37.9    20.3    27.0
63858 201407  2.422  -87.2422   32.4567    31.7    19.5    25.6    25.3    61.6    21.4 C    34.1    19.8    25.9
63858 201408  2.422  -87.2422   32.4567    34.5    19.8    27.2    26.1    36.3    19.4 C    39.0    20.3    27.5
63858 201409  2.422  -87.2422   32.4567    31.3    18.7    25.0    24.3    25.8    16.2 C    35.5    18.7    25.0
63858 201410  2.422  -87.2422   32.4567    26.5    10.0    18.3    17.8   158.0    15.7 C    32.7     9.9    18.1
63858 201411  2.422  -87.2422   32.4567    17.2     0.9     9.1     8.8    26.1    11.6 C    22.2     0.4     8.6
63858 201412  2.422  -87.2422   32.4567    16.3     3.2     9.8     9.7   117.8     8.1 C    20.3     2.6     9.5
63858 201501  2.422  -87.2422   32.4567    13.5    -0.7     6.4     6.4    99.8    10.0 C    16.9    -1.5     5.9
63858 201502  2.422  -87.2422   32.4567    12.5    -1.7     5.4     5.3    94.6    11.6 C    17.8    -2.9     5.5
63858 201503  2.422  -87.2422   32.4567    20.9     9.0    15.0    14.7   165.9    11.9 C    24.3     8.5    14.7
63858 201504  2.422  -87.2422   32.4567    24.8    13.2    19.0    19.1    98.6    15.8 C    31.3    13.0    20.4
63858 201505  2.422  -87.2422   32.4567    28.5    15.4    22.0    21.5   127.0    21.6 C    42.5    16.2    25.8
63858 201506  2.422  -87.2422   32.4567    31.5    20.0    25.7    25.3    67.9    23.2 C    40.9    20.6    28.2
63858 201507  2.422  -87.2422   32.4567    33.9    21.7    27.8    27.1    93.5    22.3 C    43.9    22.1    29.7
63858 201508  2.422  -87.2422   32.4567    33.3    19.9    26.6    25.9    62.2    20.9 C    47.6    20.6    29.8
63858 201509  2.422  -87.2422   32.4567    31.0    17.2    24.1    23.4    31.0    17.2 C    44.3    17.5    26.5
63858 201510  2.422  -87.2422   32.4567    26.0    11.3    18.6    18.2   114.7    13.1 C    33.9    11.3    19.5
63858 201511  2.422  -87.2422   32.4567    21.3     9.1    15.2    14.9   118.2     9.4 C    25.2     9.2    15.1
63858 201512  2.422  -87.2422   32.4567    19.5     8.0    13.8    13.7   267.6     7.5 C    21.7     8.0    13.5
63858 201601  2.422  -87.2422   32.4567    12.8    -0.1     6.4     6.3    76.2     9.6 C    15.0     0.2     6.3
63858 201602  2.422  -87.2422   32.4567    17.1     3.3    10.2     9.9   215.6    14.0 C    20.5     2.3     9.3
63858 201603  2.422  -87.2422   32.4567    21.8     9.1    15.5    15.4   187.5    14.8 C    24.8     7.9    14.7
63858 201604  2.422  -87.2422   32.4567    24.2    11.2    17.7    17.7   157.9    20.2 C    27.5    10.6    17.7
63858 201605  2.422  -87.2422   32.4567    27.6    14.9    21.3    21.2    57.1    22.6 C    35.9    15.1    23.4
63858 201606  2.422  -87.2422   32.4567    32.6    20.2    26.4    25.7   147.7    23.8 C    47.1    21.0    30.4
63858 201607  2.422  -87.2422   32.4567    33.6    21.9    27.7    26.9    46.2    22.8 C    52.5    22.8    32.4
63858 201608  2.422  -87.2422   32.4567    33.0    22.4    27.7    26.7    93.9    20.4 C    46.0    22.9    30.1
63858 201609  2.422  -87.2422   32.4567    33.0    18.9    25.9    24.9     9.8    19.0 C    42.3    18.8    27.1
63858 201610  2.422  -87.2422   32.4567    29.5    11.1    20.3    19.5     9.4    16.7 C    42.1    10.6    21.6
63858 201611  2.422  -87.2422   32.4567    23.1     4.5    13.8    13.3    96.9    11.9 C    32.0     3.7    14.1
63858 201612  2.422  -87.2422   32.4567    16.4     4.2    10.3    10.2   105.7     6.9 C    19.5     4.3    10.5
63858 201701  2.422  -87.2422   32.4567    17.5     5.5    11.5    11.6   259.8     8.9 C    20.9     5.2    11.5
63858 201702  2.422  -87.2422   32.4567    20.1     6.2    13.2    13.3    83.9    11.4 C    23.3     5.4    12.8
63858 201703  2.422  -87.2422   32.4567    21.7     8.2    15.0    14.9   122.7    16.2 C    24.8     6.8    14.2
63858 201704  2.422  -87.2422   32.4567    26.5    12.1    19.3    19.3   110.7    22.0 C    35.2    11.6    20.9
63858 201705  2.422  -87.2422   32.4567    27.1    14.4    20.7    20.8   152.0    21.5 C    43.1    15.8    25.8
63858 201706  2.422  -87.2422   32.4567    29.2    19.9    24.6    23.9   278.5    19.1 C    41.1    20.8    27.6
63858 201707  2.422  -87.2422   32.4567    32.5    21.8    27.1    26.4   149.1    23.0 C    46.5    22.7    30.8
