23908 200705  1.302  -94.5829   37.4277 -9999.0 -9999.0 -9999.0 -9999.0 -9999.0 -9999.0 U -9999.0 -9999.0 -9999.0
23908 200706  1.302  -94.5829   37.4277    28.2    18.1    23.2    22.8   465.1    21.2 R    34.4    18.6    24.2
23908 200707  1.302  -94.5829   37.4277    29.9    19.7    24.8    24.5    67.7    23.1 R    36.9    20.5    26.3
23908 200708  1.302  -94.5829   37.4277    32.9    20.4    26.7    26.5    61.2    22.3 R    35.5    20.4    26.4
23908 200709  1.302  -94.5829   37.4277    27.2    15.0    21.1    20.8   151.4    16.2 R    28.3    15.0    20.5
23908 200710  1.302  -94.5829   37.4277    22.4     8.8    15.6    15.3   104.9    13.8 R    24.1     8.4    14.9
23908 200711  1.302  -94.5829   37.4277    15.5     0.9     8.2     8.0    15.6 -9999.0 R    17.2     0.3     7.4
23908 200712  1.302  -94.5829   37.4277 -9999.0 -9999.0 -9999.0 -9999.0    83.0     7.3 U -9999.0 -9999.0 -9999.0
23908 200801  1.302  -94.5829   37.4277     7.3    -4.7     1.3     1.0    21.4     8.9 R    10.3    -5.5     1.1
23908 200802  1.302  -94.5829   37.4277     7.0    -4.2     1.4     1.1    87.1     9.8 R     9.6    -4.7     1.3
23908 200803  1.302  -94.5829   37.4277    14.4     0.7     7.6     7.4   124.7    13.8 R    19.3    -0.1     7.7
23908 200804  1.302  -94.5829   37.4277    18.3     6.2    12.3    12.2   176.9    16.9 R    23.2     5.0    12.2
23908 200805  1.302  -94.5829   37.4277    24.1    12.3    18.2    18.3   258.1    20.6 R    28.0    11.8    18.4
23908 200806  1.302  -94.5829   37.4277    28.6    17.6    23.1    23.2   191.0    22.3 R    31.0    17.1    23.0
23908 200807  1.302  -94.5829   37.4277    31.5    19.5    25.5    25.3    70.2    23.3 R    34.3    18.7    25.0
23908 200808  1.302  -94.5829   37.4277    29.7    17.5    23.6    23.4    47.7    20.1 R    33.8    17.0    23.5
23908 200809  1.302  -94.5829   37.4277    25.6    12.9    19.3    18.9   238.8    15.8 R    29.5    12.3    18.8
23908 200810  1.302  -94.5829   37.4277    20.8     6.5    13.6    13.3    67.7    13.3 R    23.6     4.9    12.7
23908 200811  1.302  -94.5829   37.4277    13.0     0.9     7.0     6.9    49.2     8.8 R    15.9    -0.7     6.1
23908 200812  1.302  -94.5829   37.4277     7.9    -5.3     1.3     1.1    64.1     7.0 R    10.1    -6.5     0.9
23908 200901  1.302  -94.5829   37.4277     5.7    -7.0    -0.6    -0.9     5.6     9.1 R     9.4    -8.4    -1.3
23908 200902  1.302  -94.5829   37.4277    11.8    -1.4     5.2     5.0    63.8    12.2 R    16.4    -3.5     4.9
23908 200903  1.302  -94.5829   37.4277    15.8     2.4     9.1     9.2   106.5    14.5 R    20.9     0.3     9.1
23908 200904  1.302  -94.5829   37.4277    18.6     6.7    12.7    12.5   116.6    15.8 R    23.1     4.9    12.3
23908 200905  1.302  -94.5829   37.4277    23.2    12.0    17.6    17.6   159.6    20.7 R    28.3    10.8    17.7
23908 200906  2.402  -94.5829   37.4277    29.8    18.4    24.1    23.9   144.1    24.0 R    34.7    17.2    24.1
23908 200907  2.402  -94.5829   37.4277    29.0    17.7    23.4    23.3   175.9    21.4 R    37.4    16.3    24.1
23908 200908  2.402  -94.5829   37.4277    28.7    16.8    22.8    22.7   101.9    20.7 R    31.6    15.5    22.2
23908 200909  2.402  -94.5829   37.4277    24.7    13.4    19.1    18.5   198.4    14.9 R    28.2    12.2    18.3
23908 200910  2.402  -94.5829   37.4277    16.4     5.5    10.9    11.1   195.0     9.5 R    19.2     4.3    10.8
23908 200911  2.402  -94.5829   37.4277    16.5     4.7    10.6    10.2    56.5     9.0 R    19.3     2.6     9.3
23908 200912  2.402  -94.5829   37.4277     5.0    -5.4    -0.2    -0.4    49.4     6.7 R     7.1    -7.2    -0.9
23908 201001  2.402  -94.5829   37.4277     2.2    -7.4    -2.6    -2.4    44.6     7.6 R     4.4    -8.7    -2.7
23908 201002  2.402  -94.5829   37.4277     4.4    -4.8    -0.2    -0.3    33.9     9.3 R     9.2    -6.3    -0.3
23908 201003  2.402  -94.5829   37.4277    14.1     2.4     8.3     7.9    86.3    12.3 R    20.0    -0.4     7.5
23908 201004  2.402  -94.5829   37.4277    22.6     9.8    16.2    16.2    62.5    16.6 R    30.3     7.1    15.9
23908 201005  2.402  -94.5829   37.4277    24.2    13.0    18.6    18.7   170.9    17.7 R    29.3    11.8    19.1
23908 201006  2.402  -94.5829   37.4277    30.4    19.7    25.1    25.0   107.9    21.0 R    33.2    18.7    24.8
23908 201007  2.402  -94.5829   37.4277    31.6    21.1    26.3    26.0    98.8    20.8 R    34.4    20.4    26.0
23908 201008  2.402  -94.5829   37.4277    33.8    19.0    26.4    26.2    57.3    20.3 R    38.5    17.9    26.3
23908 201009  2.402  -94.5829   37.4277    27.6    14.6    21.1    20.8   257.9    15.7 R    30.8    13.6    20.6
23908 201010  2.402  -94.5829   37.4277    23.3     6.3    14.8    14.3    45.2    13.0 R    25.8     4.5    13.4
23908 201011  2.402  -94.5829   37.4277    15.5     2.2     8.9     8.6    57.5     8.4 R    18.0     0.6     8.1
23908 201012  2.402  -94.5829   37.4277     6.9    -4.8     1.0     1.0    17.0     6.7 R    10.3    -6.2     0.8
23908 201101  2.402  -94.5829   37.4277     4.2    -6.8    -1.3    -1.7     7.6     7.7 R     7.4    -8.6    -2.0
23908 201102  2.402  -94.5829   37.4277     6.3    -5.7     0.3     0.7   116.7     9.0 R     8.2    -7.8     0.1
23908 201103  2.402  -94.5829   37.4277    13.2     2.9     8.0     7.9   114.0    11.4 R    18.3     1.5     8.1
23908 201104  2.402  -94.5829   37.4277    21.1     8.2    14.7    14.9   127.1    17.1 R    27.7     6.6    15.0
23908 201105  2.402  -94.5829   37.4277    23.1    12.0    17.6    17.5   111.4    18.0 R    28.8    11.2    18.1
23908 201106  2.402  -94.5829   37.4277    31.4    19.3    25.4    25.7   122.2    25.2 R    33.8    18.3    25.6
23908 201107  2.402  -94.5829   37.4277    35.8    22.0    28.9    28.6    20.9    25.0 R    40.2    20.9    29.1
23908 201108  2.402  -94.5829   37.4277    34.7    20.0    27.3    26.8    59.0    20.5 R    41.1    19.1    27.9
23908 201109  2.402  -94.5829   37.4277    26.5    10.9    18.7    18.4    64.0    17.6 R    33.9     9.5    19.3
23908 201110  2.402  -94.5829   37.4277    23.6     6.3    15.0    14.6    23.7    15.4 R    29.4     4.8    14.7
23908 201111  2.402  -94.5829   37.4277    14.6     2.7     8.7     8.8   139.0     8.7 R    18.7     1.1     8.5
23908 201112  2.402  -94.5829   37.4277     9.1    -1.7     3.7     3.4    79.0     7.0 R    13.0    -3.7     3.0
23908 201201  2.402  -94.5829   37.4277 -9999.0 -9999.0 -9999.0 -9999.0     9.2     9.5 R    16.2    -5.7     3.3
23908 201202  2.402  -94.5829   37.4277    11.2    -0.3     5.4     5.3    61.0    11.4 R    16.6    -2.0     5.4
23908 201203  2.412  -94.5829   37.4277    21.5     8.4    15.0    14.6   156.1    14.6 R    28.3     5.6    13.9
23908 201204  2.412  -94.5829   37.4277    22.2    10.3    16.2    16.2   213.8    19.3 C    28.1     8.5    16.6
23908 201205  2.412  -94.5829   37.4277    27.1    14.6    20.9    21.1    70.2    24.9 C    29.3    13.0    20.5
23908 201206  2.412  -94.5829   37.4277    31.0    16.9    24.0    24.2    58.5    25.9 C    32.9    15.0    23.5
23908 201207  2.412  -94.5829   37.4277    36.8    20.4    28.6    28.5    37.9    24.3 C    41.9    18.3    28.6
23908 201208  2.412  -94.5829   37.4277    33.2    17.0    25.1    24.8   115.1    20.4 C    38.4    15.0    24.9
23908 201209  2.412  -94.5829   37.4277    26.5    14.1    20.3    19.9   181.7    16.6 C    29.4    12.6    19.7
23908 201210  2.412  -94.5829   37.4277    19.5     6.6    13.1    13.0    66.8    11.7 C    22.2     4.9    12.3
23908 201211  2.412  -94.5829   37.4277    16.7     1.0     8.9     8.4    36.9    10.9 C    18.7    -1.5     6.8
23908 201212  2.412  -94.5829   37.4277    10.5    -1.2     4.6     4.4    26.4     7.3 C    12.8    -3.5     3.5
23908 201301  2.412  -94.5829   37.4277     8.7    -3.9     2.4     1.9    67.0     8.6 C    11.1    -6.3     1.1
23908 201302  2.412  -94.5829   37.4277     7.9    -2.8     2.5     2.5    87.5    11.0 C    11.2    -4.9     2.1
23908 201303  2.412  -94.5829   37.4277    11.5    -0.2     5.6     5.4   102.7    14.4 C    16.5    -2.9     5.3
23908 201304  2.422  -94.5829   37.4277    18.2     6.1    12.1    11.7   148.6    15.3 C    24.9     3.7    12.0
23908 201305  2.422  -94.5829   37.4277    22.8    11.9    17.4    17.3   234.7    17.4 C    31.4    10.1    18.1
23908 201306  2.422  -94.5829   37.4277    28.7    17.9    23.3    23.3   135.3    23.3 C    30.9    16.2    22.9
23908 201307  2.422  -94.5829   37.4277    30.8    18.2    24.5    24.3   191.4    21.3 C    32.9    16.7    23.9
23908 201308  2.422  -94.5829   37.4277    29.7    18.2    24.0    23.7    90.5    19.2 C    31.4    17.5    23.4
23908 201309  2.422  -94.5829   37.4277    28.3    13.9    21.1    20.8    50.3    16.8 C    30.0    12.7    20.5
23908 201310  2.422  -94.5829   37.4277    20.4     6.7    13.5    13.1   123.6    12.2 C    22.6     5.2    12.7
23908 201311  2.422  -94.5829   37.4277    12.7     0.3     6.5     6.4    50.0     8.8 C    14.8    -1.1     5.9
23908 201312  2.422  -94.5829   37.4277     5.8    -5.9    -0.1    -0.5    37.8     6.1 C     6.7    -7.4    -1.1
23908 201401  2.422  -94.5829   37.4277     5.3    -8.1    -1.4    -1.4    15.9     9.0 C     7.0    -9.9    -2.0
23908 201402  2.422  -94.5829   37.4277     5.3    -7.5    -1.1    -0.9    10.0    10.8 C     8.1    -9.4    -1.1
23908 201403  2.422  -94.5829   37.4277    13.4    -2.0     5.7     5.5    40.8    15.3 C    17.4    -4.5     5.3
23908 201404  2.422  -94.5829   37.4277    20.4     5.6    13.0    13.4    63.9    17.3 C    27.8     1.9    13.3
23908 201405  2.422  -94.5829   37.4277    25.6    12.5    19.1    19.2    49.9    21.6 C    31.2     9.8    19.2
23908 201406  2.422  -94.5829   37.4277    28.0    18.3    23.1    23.0   176.7    20.1 C    30.0    17.0    22.7
23908 201407  2.422  -94.5829   37.4277    29.4    16.4    22.9    23.0    32.6    23.1 C    31.7    14.6    22.5
23908 201408  2.422  -94.5829   37.4277    33.0    18.4    25.7    25.3    69.0    22.8 C    37.1    16.4    25.3
23908 201409  2.422  -94.5829   37.4277    27.1    14.1    20.6    20.1   147.1    17.0 C    32.1    12.6    20.3
23908 201410  2.422  -94.5829   37.4277    21.8     8.9    15.3    15.0   170.0    12.4 C    25.4     6.2    14.1
23908 201411  2.422  -94.5829   37.4277    11.1    -2.1     4.5     4.7    41.6    10.0 C    14.2    -4.8     3.9
23908 201412  2.422  -94.5829   37.4277     6.8    -0.5     3.1     3.0    53.0     4.2 C     9.2    -1.8     3.2
23908 201501  2.422  -94.5829   37.4277     7.4    -5.3     1.0     0.9    18.1     8.9 C    11.1    -9.1    -0.1
23908 201502  2.422  -94.5829   37.4277     4.5    -6.9    -1.2    -1.5    27.8    11.4 C    10.3    -9.4    -1.3
23908 201503  2.422  -94.5829   37.4277    14.9     2.3     8.6     8.3    38.1    14.1 C    21.9    -1.8     8.0
23908 201504  2.422  -94.5829   37.4277    20.5     8.7    14.6    14.6    91.7    16.4 C    29.8     4.9    14.8
23908 201505  2.422  -94.5829   37.4277    23.1    13.4    18.3    18.3   288.7    17.4 C    31.9    11.3    19.0
23908 201506  2.422  -94.5829   37.4277    29.5    19.4    24.5    24.3   137.7    21.9 C    34.5    18.0    24.5
23908 201507  2.422  -94.5829   37.4277    30.9    21.1    26.0    25.7   169.3    20.5 C    31.9    20.0    25.2
23908 201508  2.422  -94.5829   37.4277    29.2    16.9    23.1    23.0   137.9    19.8 C    30.6    15.3    22.3
23908 201509  2.422  -94.5829   37.4277    28.4    15.3    21.9    21.4    66.0    16.6 C    31.4    13.3    20.7
23908 201510  2.422  -94.5829   37.4277    22.0     7.4    14.7    14.4    50.8    12.7 C    24.9     4.6    13.4
23908 201511  2.422  -94.5829   37.4277    16.6     3.2     9.9     9.8 -9999.0     8.5 C    18.2     0.2     8.3
23908 201512  2.422  -94.5829   37.4277    13.3    -0.3     6.5     6.6 -9999.0     7.1 C    14.6    -2.5     5.3
23908 201601  2.422  -94.5829   37.4277     7.5    -4.2     1.7     1.4 -9999.0     7.6 C     9.3    -6.3     0.3
23908 201602  2.422  -94.5829   37.4277    12.9    -2.1     5.4     5.7     8.5    12.4 C    17.7    -5.5     5.1
23908 201603  2.422  -94.5829   37.4277    18.2     4.1    11.1    11.1    50.3    13.3 C    24.9     0.9    11.5
23908 201604  2.422  -94.5829   37.4277    22.1     8.4    15.3    15.3   126.5    18.9 C    30.9     6.1    16.7
23908 201605  2.422  -94.5829   37.4277    23.3    11.1    17.2    17.3   167.3    19.7 C    35.0    10.2    19.9
23908 201606  2.422  -94.5829   37.4277    31.3    19.0    25.2    25.0   113.2    25.0 C    38.8    18.8    26.7
23908 201607  2.422  -94.5829   37.4277    31.4    20.7    26.1    26.0   187.4    21.7 C    33.7    21.3    26.9
23908 201608  2.422  -94.5829   37.4277    30.8    19.2    25.0    24.7    84.6    19.1 C    33.0    19.6    25.5
23908 201609  2.422  -94.5829   37.4277    28.5    14.8    21.7    21.3   132.2    17.9 C    31.9    15.4    22.4
23908 201610  2.422  -94.5829   37.4277    24.2    10.8    17.5    17.1   145.5    12.1 C    27.6    11.3    18.2
23908 201611  2.422  -94.5829   37.4277    18.2     4.0    11.1    10.7    25.1     9.2 C    21.4     4.6    11.7
23908 201612  2.422  -94.5829   37.4277     7.7    -4.1     1.8     2.4    21.5     6.6 C    10.6    -4.5     2.5
23908 201701  2.422  -94.5829   37.4277 -9999.0 -9999.0 -9999.0 -9999.0    96.6     7.3 C    12.6    -2.8     4.4
23908 201702  2.422  -94.5829   37.4277    15.9     0.5     8.2     8.2     6.9    11.7 C    21.2     0.0     9.5
23908 201703  2.422  -94.5829   37.4277    17.0     4.8    10.9    10.8    59.8    12.3 C    23.3     4.5    12.6
23908 201704  2.422  -94.5829   37.4277    21.2     9.7    15.5    15.2   283.5    15.5 C    28.3     8.5    16.6
23908 201705  2.422  -94.5829   37.4277    25.1    12.1    18.6    18.5   218.7    21.3 C    37.2     9.8    20.5
23908 201706  2.422  -94.5829   37.4277    29.2    16.9    23.0    23.1   124.2    22.9 C    39.9    15.9    25.2
23908 201707  2.422  -94.5829   37.4277    31.5    19.7    25.6    25.6    63.9    23.8 C    38.0    19.1    26.6
