03759 200703  1.302  -78.4656   37.9975 -9999.0 -9999.0 -9999.0 -9999.0 -9999.0 -9999.0 U -9999.0 -9999.0 -9999.0
03759 200704  1.302  -78.4656   37.9975    16.9     7.5    12.2    11.9   102.0    17.8 R    31.8     4.5    13.8
03759 200705  1.302  -78.4656   37.9975    22.9    13.3    18.1    18.2    58.7    21.7 R    40.9    12.1    21.9
03759 200706  1.302  -78.4656   37.9975    25.9    17.6    21.8    21.7   128.1    22.0 R    33.5    16.3    22.6
03759 200707  1.302  -78.4656   37.9975    27.7    18.7    23.2    23.0    43.6    21.9 R    35.1    17.4    23.6
03759 200708  1.302  -78.4656   37.9975    29.2    20.1    24.7    24.3    79.0    19.6 R    35.3    19.3    25.0
03759 200709  1.302  -78.4656   37.9975    26.3    16.2    21.3    20.9     8.1    18.9 R    44.1    14.2    24.2
03759 200710  1.302  -78.4656   37.9975    22.3    13.3    17.8    17.6   112.9    13.1 R    38.0    11.2    19.9
03759 200711  1.302  -78.4656   37.9975    13.0     3.8     8.4     8.2    18.3     9.4 R    24.1     1.4     9.0
03759 200712  1.302  -78.4656   37.9975     8.9     0.8     4.9     4.6    66.8     5.8 R    18.7    -0.3     4.8
03759 200801  1.302  -78.4656   37.9975     7.1    -2.0     2.6     2.4    27.7     9.1 R    21.1    -4.1     2.8
03759 200802  1.302  -78.4656   37.9975     8.6    -1.1     3.7     3.7    56.6     9.8 R    22.8    -3.2     4.7
03759 200803  1.302  -78.4656   37.9975    13.5     2.7     8.1     8.1    87.2    15.5 R    29.3     0.5    10.0
03759 200804  1.302  -78.4656   37.9975    17.8     8.8    13.3    13.2   120.8    15.9 R    30.4     7.4    14.7
03759 200805  1.302  -78.4656   37.9975    21.4    12.0    16.7    16.8   101.5    22.2 R    31.1    10.5    17.7
03759 200806  1.302  -78.4656   37.9975    28.9    19.1    24.0    23.6    35.2    25.2 R    38.8    17.6    24.9
03759 200807  1.302  -78.4656   37.9975    28.8    19.7    24.2    23.9   131.3    23.3 R    40.8    18.8    26.0
03759 200808  1.302  -78.4656   37.9975    28.1    18.3    23.2    22.6   133.0    20.2 R    40.7    16.9    24.8
03759 200809  1.302  -78.4656   37.9975    23.6    16.3    20.0    19.7   153.4    15.2 R    33.2    15.0    20.7
03759 200810  1.302  -78.4656   37.9975    18.1     9.2    13.7    13.4    41.2    13.7 R    27.3     6.7    13.7
03759 200811  1.302  -78.4656   37.9975    10.6     3.1     6.8     6.7    77.8     8.7 R    18.5     0.9     6.9
03759 200812  1.302  -78.4656   37.9975     8.9    -0.8     4.1     3.7    79.6     6.2 R    13.6    -2.2     3.9
03759 200901  1.302  -78.4656   37.9975     4.5    -4.6    -0.1    -0.2    56.2     8.3 R    12.5    -6.5     0.3
03759 200902  1.302  -78.4656   37.9975     9.8    -1.4     4.2     4.1    20.5    12.9 R    19.2    -4.1     4.6
03759 200903  1.302  -78.4656   37.9975    11.8     2.1     6.9     6.8    81.6    13.6 R    18.5     0.2     7.3
03759 200904  1.302  -78.4656   37.9975    18.4     8.2    13.3    13.3    86.9    17.4 R    23.1     6.4    13.3
03759 200905  1.302  -78.4656   37.9975    21.7    13.2    17.5    17.3   141.3    18.5 R    25.6    12.5    17.7
03759 200906  1.302  -78.4656   37.9975    25.7    17.5    21.6    21.5   152.7    22.1 R    33.6    16.7    23.0
03759 200907  1.302  -78.4656   37.9975    25.9    18.1    22.0    21.8   119.0    21.4 R    38.9    17.1    24.3
03759 200908  1.302  -78.4656   37.9975    27.7    19.9    23.8    23.6    55.5    19.8 R    42.6    19.1    26.5
03759 200909  1.302  -78.4656   37.9975    22.8    15.1    18.9    18.5   118.5    14.8 R    34.6    14.4    20.7
03759 200910  1.302  -78.4656   37.9975    17.1     9.1    13.1    13.0    93.7    10.9 R    24.6     7.7    13.9
03759 200911  1.302  -78.4656   37.9975    14.0     6.4    10.2    10.1   207.8     7.8 R    18.3     4.8     9.8
03759 200912  1.302  -78.4656   37.9975     5.6    -1.9     1.8     1.7   259.6     7.1 R     7.7    -4.8     0.5
03759 201001  1.302  -78.4656   37.9975     4.6    -3.3     0.6     0.4   148.9     8.1 R    11.0    -5.4     0.4
03759 201002  1.302  -78.4656   37.9975     3.2    -3.5    -0.2    -0.2   102.3    11.5 R     4.3    -7.2    -2.1
03759 201003  1.302  -78.4656   37.9975    14.3     5.3     9.8     9.5   143.2    14.3 R    23.0     2.7     9.9
03759 201004  1.302  -78.4656   37.9975    21.3    10.3    15.8    15.8    45.6    21.4 R    28.5     8.0    16.2
03759 201005  1.302  -78.4656   37.9975    23.3    14.5    18.9    18.8   139.1    19.3 R    31.3    13.5    20.1
03759 201006  1.302  -78.4656   37.9975    28.8    19.7    24.2    24.1   111.3    24.5 R    43.4    18.8    27.2
03759 201007  1.302  -78.4656   37.9975    30.9    21.3    26.1    25.8    38.3    23.6 R    44.2    20.2    28.7
03759 201008  1.302  -78.4656   37.9975    29.0    20.1    24.6    24.0    72.5    18.1 R    41.8    19.7    26.6
03759 201009  1.302  -78.4656   37.9975    27.8    16.9    22.4    22.0   160.2    18.1 R    42.9    15.4    25.0
03759 201010  2.302  -78.4656   37.9975    20.0    10.9    15.4    15.5    63.8    13.5 R    30.4     9.1    16.5
03759 201011  2.302  -78.4656   37.9975    13.2     4.3     8.8     8.6    75.9     9.8 R    21.9     2.2     9.2
03759 201012  2.302  -78.4656   37.9975     2.9    -4.5    -0.8    -1.2    48.7     7.5 R    10.0    -5.9    -0.6
03759 201101  2.302  -78.4656   37.9975     4.1    -4.0     0.0    -0.1    34.7     7.6 R    12.8    -5.6     0.6
03759 201102  2.302  -78.4656   37.9975    10.4    -0.4     5.0     4.8    51.4    10.7 R    19.8    -2.5     5.6
03759 201103  2.302  -78.4656   37.9975    12.3     2.1     7.2     7.2   178.9    12.9 R    21.3     0.8     8.3
03759 201104  2.403  -78.4656   37.9975    20.2     9.4    14.8    14.4   117.4    16.9 R    32.1     7.8    14.8
03759 201105  2.403  -78.4656   37.9975    22.5    14.1    18.3    18.2   169.4    19.7 R    39.7    13.1    18.3
03759 201106  2.403  -78.4656   37.9975    27.7    18.4    23.1    22.9   107.2    23.0 R    47.6    17.0    23.7
03759 201107  2.403  -78.4656   37.9975    30.5    21.2    25.9    25.7    83.0    24.0 R    50.3    20.0    26.7
03759 201108  2.403  -78.4656   37.9975    28.4    19.5    23.9    23.4   101.3    19.3 R    55.9    18.3    26.0
03759 201109  2.403  -78.4656   37.9975    22.6    16.1    19.3    19.2   244.0    11.9 R    41.5    15.5    20.3
03759 201110  2.403  -78.4656   37.9975    17.6     9.4    13.5    13.3   185.8    12.1 R    38.3     7.9    13.5
03759 201111  2.403  -78.4656   37.9975    15.1     6.0    10.6    10.7    93.1     9.4 R    36.7     3.7    10.3
03759 201112  2.403  -78.4656   37.9975    10.6     2.8     6.7     6.8   150.2     7.2 R    32.6     0.6     6.4
03759 201201  2.403  -78.4656   37.9975     8.7    -0.6     4.1     4.0    59.3     8.5 R    31.8    -2.6     4.0
03759 201202  2.403  -78.4656   37.9975    10.6     0.8     5.7     5.6    76.1    11.6 R    37.0    -1.6     6.1
03759 201203  2.403  -78.4656   37.9975    18.7     7.7    13.2    13.2    71.5    15.8 R    43.1     5.4    13.7
03759 201204  2.403  -78.4656   37.9975    18.4     8.2    13.3    13.1    51.4    19.2 R    45.3     6.3    14.1
03759 201205  2.413  -78.4656   37.9975    23.9    15.2    19.6    19.4   137.7    20.6 R    41.4    14.4    21.1
03759 201206  2.413  -78.4656   37.9975    26.5    16.9    21.7    21.7    48.4    23.4 C    34.5    15.1    23.0
03759 201207  2.413  -78.4656   37.9975    31.3    21.2    26.2    25.7    69.4    21.0 C    41.5    20.5    27.7
03759 201208  2.413  -78.4656   37.9975    27.9    18.8    23.4    23.0    94.4    19.2 C    36.6    18.4    24.9
03759 201209  2.413  -78.4656   37.9975    23.4    15.1    19.2    19.1   133.6    16.4 C    29.3    14.1    20.1
03759 201210  2.413  -78.4656   37.9975    18.0     9.8    13.9    13.9    99.5    11.4 C    22.4     8.4    14.3
03759 201211  2.413  -78.4656   37.9975    11.3     2.9     7.1     6.6    15.4     9.9 C    16.7     0.7     6.8
03759 201212  2.413  -78.4656   37.9975    10.4     2.5     6.5     6.2    69.6     6.5 C    14.0     1.2     6.2
03759 201301  2.413  -78.4656   37.9975     8.0    -0.2     3.9     3.6   141.4     7.4 C    12.0    -1.5     3.8
03759 201302  2.413  -78.4656   37.9975     6.9    -2.1     2.4     2.1    52.5    10.2 C    13.0    -3.8     2.8
03759 201303  2.413  -78.4656   37.9975     9.1    -0.1     4.5     4.2   120.6    13.9 C    15.0    -2.8     4.2
03759 201304  2.413  -78.4656   37.9975    18.8     8.2    13.5    13.4    59.9    19.9 C    26.4     6.3    14.5
03759 201305  2.413  -78.4656   37.9975    21.7    11.9    16.8    16.8    88.7    21.0 C    26.5    10.9    17.6
03759 201306  2.423  -78.4656   37.9975    26.1    17.8    22.0    21.7   201.3    19.7 C    39.0    16.2    23.9
03759 201307  2.423  -78.4656   37.9975    27.2    20.3    23.8    23.4   173.1    19.1 C    32.7    19.3    23.9
03759 201308  2.423  -78.4656   37.9975    25.2    18.0    21.6    21.4   201.5    17.4 C    28.2    16.7    21.2
03759 201309  2.423  -78.4656   37.9975    22.8    14.4    18.6    18.6     9.6    16.8 C    26.9    12.6    18.4
03759 201310  2.423  -78.4656   37.9975    18.3    10.7    14.5    14.4   102.6    10.7 C    27.4     8.5    15.0
03759 201311  2.423  -78.4656   37.9975    11.0     1.7     6.3     6.4    84.3     8.3 C    18.2    -1.5     6.2
03759 201312  2.423  -78.4656   37.9975     9.3     0.8     5.1     5.0   143.3     6.1 C    14.2    -1.9     4.5
03759 201401  2.423  -78.4656   37.9975     3.9    -6.2    -1.2    -1.1    69.9     8.3 C    10.7    -8.4    -1.1
03759 201402  2.423  -78.4656   37.9975     7.3    -2.0     2.7     2.1    86.9    10.1 C    13.7    -5.8     1.6
03759 201403  2.423  -78.4656   37.9975    10.6    -0.6     5.0     4.8   107.3    12.7 C    17.9    -4.4     4.5
03759 201404  2.423  -78.4656   37.9975    18.0     7.4    12.7    12.7   196.5    16.9 C    27.9     3.9    13.3
03759 201405  2.423  -78.4656   37.9975    23.6    14.3    18.9    18.8   142.5    20.6 C    30.3    11.5    19.0
03759 201406  2.423  -78.4656   37.9975    27.1    17.9    22.5    22.3    79.2    23.3 C    37.2    16.1    23.8
03759 201407  2.423  -78.4656   37.9975    27.7    18.6    23.2    23.0    57.1    22.3 C    44.3    16.7    26.1
03759 201408  2.423  -78.4656   37.9975    25.9    17.8    21.8    21.6    92.9    17.9 C    38.7    16.0    23.6
03759 201409  2.423  -78.4656   37.9975    23.7    16.0    19.8    19.5    47.7    14.8 C    32.4    14.5    20.6
03759 201410  2.423  -78.4656   37.9975    18.8    10.4    14.6    14.5   114.1    11.4 C    24.9     7.8    14.5
03759 201411  2.423  -78.4656   37.9975    11.0     1.8     6.4     6.4    71.8     9.3 C    16.1     0.1     6.7
03759 201412  2.423  -78.4656   37.9975     8.5     1.0     4.7     4.4    81.4     6.0 C    12.9    -1.0     4.3
03759 201501  2.423  -78.4656   37.9975     5.2    -3.3     0.9     0.7    52.2     7.5 C    12.1    -6.0     0.7
03759 201502  2.423  -78.4656   37.9975     3.3    -7.6    -2.2    -2.1    48.9    11.6 C    10.0   -10.8    -2.2
03759 201503  2.423  -78.4656   37.9975    12.5     1.7     7.1     6.9   114.3    13.7 C    21.0    -1.9     7.3
03759 201504  2.423  -78.4656   37.9975    18.9     8.2    13.5    13.4   147.4    18.2 C    27.3     5.6    13.9
03759 201505  2.423  -78.4656   37.9975    24.7    15.1    19.9    19.7    40.3    22.7 C    35.7    12.5    21.2
03759 201506  2.423  -78.4656   37.9975    26.7    19.0    22.9    22.6   150.1    20.0 C    36.9    17.3    24.1
03759 201507  2.423  -78.4656   37.9975    27.4    20.0    23.7    23.5    74.3    20.1 C    35.3    18.6    24.3
03759 201508  2.423  -78.4656   37.9975    27.3    19.0    23.2    22.9    67.8    19.3 C    41.9    16.9    25.1
03759 201509  2.423  -78.4656   37.9975    24.9    16.9    20.9    20.5   200.1    14.6 C    36.5    15.0    22.0
03759 201510  2.423  -78.4656   37.9975    17.9     9.6    13.7    13.7   182.9    11.6 C    25.6     6.6    13.9
03759 201511  2.423  -78.4656   37.9975    15.6     7.3    11.4    11.4    84.6     8.3 C    20.1     3.7    10.3
03759 201512  2.423  -78.4656   37.9975    14.0     6.5    10.2    10.2   110.8     5.7 C    16.8     4.0     9.4
03759 201601  2.423  -78.4656   37.9975     5.0    -3.5     0.8     1.0   123.1     8.2 C     8.8    -6.6    -0.4
03759 201602  2.423  -78.4656   37.9975     8.0    -0.7     3.6     3.1   124.0     9.8 C    16.6    -3.6     3.6
03759 201603  2.423  -78.4656   37.9975    16.8     6.6    11.7    11.3    41.5    14.2 C    24.6     3.2    11.5
03759 201604  2.423  -78.4656   37.9975    18.4     7.5    12.9    13.0    79.3    19.3 C    27.1     4.7    13.7
03759 201605  2.423  -78.4656   37.9975    20.2    12.3    16.3    16.1   188.2    16.4 C    25.7    11.2    16.7
03759 201606  2.423  -78.4656   37.9975    26.7    17.9    22.3    22.2   123.9    21.9 C    30.0    16.2    22.0
03759 201607  2.423  -78.4656   37.9975    29.8    21.0    25.4    25.0   108.2    21.7 C    35.4    19.6    25.4
03759 201608  2.423  -78.4656   37.9975    28.8    20.8    24.8    24.5    94.4    19.8 C    39.3    19.6    26.3
03759 201609  2.423  -78.4656   37.9975    25.9    18.2    22.1    21.7    75.2    13.7 C    37.8    17.0    23.4
03759 201610  2.423  -78.4656   37.9975    20.2    11.5    15.8    15.7    36.2    12.8 C    27.6     8.9    15.9
03759 201611  2.423  -78.4656   37.9975    15.5     5.7    10.6    10.7    45.5     9.6 C    22.6     1.6     9.6
03759 201612  2.423  -78.4656   37.9975     8.2    -0.6     3.8     3.5    55.1     6.6 C    13.5    -3.0     3.2
03759 201701  2.423  -78.4656   37.9975     8.0     0.1     4.0     4.0    93.2     6.0 C    12.2    -2.0     3.7
03759 201702  2.423  -78.4656   37.9975    15.0     3.3     9.1     8.9    15.3    10.9 C    24.0    -0.9     8.5
03759 201703  2.423  -78.4656   37.9975    13.4     2.3     7.8     7.3    81.4    15.6 C    24.9    -0.6     8.6
03759 201704  2.423  -78.4656   37.9975    21.4    11.4    16.4    16.2   104.0    17.5 C    32.2     8.8    17.4
03759 201705  2.423  -78.4656   37.9975    21.2    12.8    17.0    16.9   232.3    18.0 C    31.4    11.4    18.5
03759 201706  2.423  -78.4656   37.9975    26.5    18.3    22.4    22.3    72.2    23.3 C    38.7    15.9    24.0
03759 201707  2.423  -78.4656   37.9975    29.8    20.8    25.3    25.1    47.1    22.1 C    42.7    19.0    27.0
