63831 200211  1.001  -89.0703   32.3378    17.4     4.2    10.8    10.7 -9999.0    11.4 R -9999.0 -9999.0    11.6
63831 200212  1.001  -89.0703   32.3378    14.3     1.8     8.0     7.7   202.5     8.5 R -9999.0 -9999.0     8.0
63831 200301  1.001  -89.0703   32.3378    10.9    -1.7     4.6     4.6    43.2     9.8 R -9999.0 -9999.0     5.3
63831 200302  1.001  -89.0703   32.3378    14.5     2.8     8.7     8.5   196.9    10.0 R -9999.0 -9999.0     9.1
63831 200303  1.001  -89.0703   32.3378    19.7     7.3    13.5    13.4   110.7    13.5 R -9999.0 -9999.0    14.2
63831 200304  1.001  -89.0703   32.3378    24.1     9.9    17.0    17.4   287.0    19.3 R -9999.0 -9999.0    18.7
63831 200305  1.001  -89.0703   32.3378    28.0    16.8    22.4    22.2    77.4    19.8 R -9999.0 -9999.0    24.0
63831 200306  1.001  -89.0703   32.3378    29.5    18.9    24.2    23.8   268.7    20.9 R -9999.0 -9999.0    25.3
63831 200307  1.001  -89.0703   32.3378    31.0    20.4    25.7    24.9   238.4    20.9 R -9999.0 -9999.0    26.0
63831 200308  1.101  -89.0703   32.3378    31.7    21.1    26.4    25.4   123.7    19.5 R -9999.0 -9999.0    27.7
63831 200309  1.101  -89.0703   32.3378    28.7    16.5    22.6    22.1    65.8    18.9 R -9999.0 -9999.0    24.5
63831 200310  1.101  -89.0703   32.3378    24.4    10.4    17.4    17.1    66.5    13.8 R -9999.0 -9999.0    18.3
63831 200311  1.101  -89.0703   32.3378    21.2     7.0    14.1    13.9   139.7    12.2 R -9999.0 -9999.0    14.7
63831 200312  1.101  -89.0703   32.3378    13.7    -0.8     6.5     6.3    76.2     9.3 R -9999.0 -9999.0     6.3
63831 200401  1.101  -89.0703   32.3378    14.2     1.2     7.7     7.4    96.1     9.7 R -9999.0 -9999.0     7.7
63831 200402  1.101  -89.0703   32.3378    12.7     2.5     7.6     7.6   283.7     8.9 R -9999.0 -9999.0     8.1
63831 200403  1.101  -89.0703   32.3378    22.3     7.2    14.7    15.0    49.9    17.7 R -9999.0 -9999.0    16.7
63831 200404  1.101  -89.0703   32.3378    24.1     8.5    16.3    16.4    78.5    20.9 R -9999.0 -9999.0    19.4
63831 200405  1.101  -89.0703   32.3378    28.2    15.6    21.9    21.7    87.1    20.9 R -9999.0 -9999.0    24.4
63831 200406  1.201  -89.0703   32.3378    29.8    20.2    25.0    24.4   179.9    19.8 R -9999.0 -9999.0    26.9
63831 200407  1.201  -89.0703   32.3378    31.5    20.3    25.9    25.3   116.1    22.8 R -9999.0 -9999.0    27.1
63831 200408  1.201  -89.0703   32.3378    29.9    18.0    23.9    23.5   109.8    20.5 R -9999.0 -9999.0    25.1
63831 200409  1.201  -89.0703   32.3378    29.1    17.0    23.1    22.7   107.9    19.2 R -9999.0 -9999.0    24.1
63831 200410  1.201  -89.0703   32.3378    26.7    15.9    21.3    20.7   175.7    12.1 R -9999.0 -9999.0    22.3
63831 200411  1.201  -89.0703   32.3378    19.9     8.8    14.3    13.9   187.9     8.9 R -9999.0 -9999.0    14.8
63831 200412  1.201  -89.0703   32.3378    14.4     0.1     7.3     7.2    88.5     9.9 R -9999.0 -9999.0     7.6
63831 200501  1.201  -89.0703   32.3378    15.9     3.8     9.9     9.5   113.6     8.8 R -9999.0 -9999.0    10.0
63831 200502  1.201  -89.0703   32.3378    16.6     4.6    10.6    10.8   125.0     8.8 R -9999.0 -9999.0    11.0
63831 200503  1.201  -89.0703   32.3378    18.5     4.9    11.7    11.7   153.3    14.1 R -9999.0 -9999.0    12.3
63831 200504  1.201  -89.0703   32.3378    23.3     8.3    15.8    16.0   229.6    18.8 R -9999.0 -9999.0    17.0
63831 200505  1.201  -89.0703   32.3378    27.3    12.7    20.0    19.9    89.8    22.5 R -9999.0 -9999.0    23.8
63831 200506  1.201  -89.0703   32.3378    30.4    18.7    24.6    24.3    78.0    21.9 R -9999.0 -9999.0    27.3
63831 200507  1.201  -89.0703   32.3378    31.7    21.4    26.5    25.7   188.8    19.5 R -9999.0 -9999.0    27.3
63831 200508  1.201  -89.0703   32.3378    32.8    20.8    26.8    26.1   184.8    19.5 R -9999.0 -9999.0    29.7
63831 200509  1.201  -89.0703   32.3378    31.1    17.6    24.4    24.0    97.2    17.4 R -9999.0 -9999.0    27.3
63831 200510  1.301  -89.0703   32.3378    25.5     9.0    17.2    16.6     0.7    15.9 R -9999.0 -9999.0    18.7
63831 200511  1.301  -89.0703   32.3378    20.8     4.9    12.9    12.8    52.9    10.6 R    28.6     4.1    13.3
63831 200512  1.301  -89.0703   32.3378    14.3    -1.3     6.5     6.5   127.6     9.0 R    19.0    -1.8     6.4
63831 200601  1.301  -89.0703   32.3378    18.1     3.0    10.5    10.9   123.2     9.3 R    22.4     2.0    10.3
63831 200602  1.301  -89.0703   32.3378    14.6     1.2     7.9     7.8   153.1    11.4 R    21.2     1.0     8.4
63831 200603  1.301  -89.0703   32.3378    20.1     6.4    13.2    13.4   165.2    15.8 R    26.8     5.7    14.0
63831 200604  1.301  -89.0703   32.3378    26.9    11.6    19.3    19.2    72.7    20.7 R    35.4    10.9    20.4
63831 200605  1.301  -89.0703   32.3378    29.1    15.4    22.3    22.0   165.7    22.5 R    43.6    14.7    25.0
63831 200606  1.301  -89.0703   32.3378    33.0    17.7    25.4    25.1    70.9    24.6 R    49.5    18.0    29.4
63831 200607  1.301  -89.0703   32.3378    33.7    20.3    27.0    26.4    94.9    21.3 R    47.5    20.3    29.4
63831 200608  1.301  -89.0703   32.3378    34.0    21.1    27.5    26.6    54.5    20.5 R    50.9    21.1    30.3
63831 200609  1.301  -89.0703   32.3378    29.9    14.9    22.4    22.2    44.6    18.3 R    44.7    14.6    25.0
63831 200610  1.301  -89.0703   32.3378    25.1     8.8    16.9    16.9   145.7    14.4 R    35.0     8.4    18.6
63831 200611  1.301  -89.0703   32.3378    19.2     3.0    11.1    10.6    68.7    11.6 R    24.4     2.6    10.9
63831 200612  1.301  -89.0703   32.3378    15.4     1.6     8.5     8.3   125.8     8.5 R    19.3     1.1     8.5
63831 200701  1.302  -89.0703   32.3378    13.3     1.9     7.6     7.5   101.5     8.3 R    17.6     1.4     7.9
63831 200702  1.302  -89.0703   32.3378    15.3    -0.1     7.6     7.8    42.9    13.3 R    22.2    -1.0     8.1
63831 200703  1.302  -89.0703   32.3378    23.7     5.9    14.8    14.9    23.4    17.8 R    31.1     4.5    15.0
63831 200704  1.302  -89.0703   32.3378    23.0     7.4    15.2    15.4    71.8    20.3 R    35.9     6.8    17.9
63831 200705  1.302  -89.0703   32.3378    29.1    13.4    21.2    21.2    57.4    23.2 R    52.6    13.2    26.9
63831 200706  1.302  -89.0703   32.3378    32.9    18.1    25.5    25.1    70.4    23.2 R    54.9    18.1    30.4
63831 200707  1.302  -89.0703   32.3378    30.8    19.9    25.4    24.6   116.5    19.9 R    46.0    20.7    28.4
63831 200708  1.302  -89.0703   32.3378    34.9    20.6    27.8    27.1    82.5    21.5 R    50.7    21.0    31.0
63831 200709  1.302  -89.0703   32.3378    30.2    17.3    23.8    23.3    74.7    17.3 R    43.7    17.6    26.3
63831 200710  1.302  -89.0703   32.3378    25.6    11.1    18.3    17.9    59.9    14.2 R    38.0    11.1    20.3
63831 200711  1.302  -89.0703   32.3378    19.7     4.0    11.9    11.6    50.8    11.5 R    28.6     4.2    13.2
63831 200712  1.302  -89.0703   32.3378 -9999.0 -9999.0 -9999.0 -9999.0 -9999.0 -9999.0 U -9999.0 -9999.0 -9999.0
63831 200801  1.302  -89.0703   32.3378    11.6     0.5     6.0     6.1    95.2     8.6 R    16.1     0.6     6.8
63831 200802  1.302  -89.0703   32.3378    17.6     1.8     9.7     9.7   178.3    12.8 R    22.0     1.7    10.3
63831 200803  1.302  -89.0703   32.3378    21.1     5.2    13.2    13.1    84.5    18.6 R    28.3     4.5    14.1
63831 200804  1.302  -89.0703   32.3378    24.0     9.1    16.5    16.5    81.9    20.6 R    38.4     9.3    19.7
63831 200805  1.302  -89.0703   32.3378    27.5    14.5    21.0    21.2   167.5    21.8 R    38.7    14.8    24.0
63831 200806  1.302  -89.0703   32.3378    31.6    18.6    25.1    24.7    65.6    25.1 R    42.7    18.9    27.8
63831 200807  1.302  -89.0703   32.3378    32.7    19.4    26.1    25.5   111.8    24.3 R    43.7    19.6    28.6
63831 200808  1.302  -89.0703   32.3378    30.1    19.9    25.0    24.4   289.8    18.6 R    38.4    20.0    26.5
63831 200809  1.302  -89.0703   32.3378    28.1    17.4    22.7    22.1   135.3    16.3 R    37.2    17.6    24.1
63831 200810  1.302  -89.0703   32.3378    23.1     8.8    16.0    15.5    69.5    15.7 R    31.4     8.8    17.4
63831 200811  1.302  -89.0703   32.3378    18.0     2.5    10.3    10.1    65.3    11.9 R    24.4     2.3    11.1
63831 200812  1.302  -89.0703   32.3378    15.6     3.5     9.6     9.5   202.4     8.4 R    18.9     3.4     9.9
63831 200901  1.302  -89.0703   32.3378    14.3     1.2     7.8     7.4    78.5    10.1 R    18.2     1.1     8.0
63831 200902  1.302  -89.0703   32.3378    17.2     1.9     9.6     9.6    84.0    13.6 R    21.9     1.6    10.2
63831 200903  1.302  -89.0703   32.3378    20.5     7.4    13.9    13.8   221.7    15.8 R    26.6     7.1    14.9
63831 200904  1.302  -89.0703   32.3378    23.9     8.6    16.3    16.5    50.0    21.4 R    31.9     8.4    18.3
63831 200905  2.402  -89.0703   32.3378    26.9    16.3    21.6    21.2   143.2    18.9 R    34.4    16.5    23.2
63831 200906  2.402  -89.0703   32.3378    32.8    18.7    25.8    25.7    29.0    25.6 R    41.2    18.7    28.4
63831 200907  2.402  -89.0703   32.3378    31.7    19.6    25.7    25.1   119.5    21.2 R    40.5    19.7    27.7
63831 200908  2.402  -89.0703   32.3378    30.9    19.1    25.0    24.5    81.9    20.7 R    40.4    19.1    27.1
63831 200909  2.402  -89.0703   32.3378    29.2    18.7    23.9    23.1   237.5    15.4 R    37.4    18.6    25.0
63831 200910  2.402  -89.0703   32.3378    22.4    11.2    16.8    16.6   181.5    11.4 R    27.7    11.1    17.9
63831 200911  2.402  -89.0703   32.3378    18.7     4.3    11.5    11.0    40.4    11.8 R    24.0     4.0    12.3
63831 200912  2.402  -89.0703   32.3378    12.3     1.4     6.8     6.6   191.7     7.5 R    15.2     1.3     7.3
63831 201001  2.402  -89.0703   32.3378    10.7    -2.8     4.0     3.6   108.0    10.8 R    14.8    -2.4     4.6
63831 201002  2.402  -89.0703   32.3378    10.5    -1.7     4.4     4.3   100.3    12.1 R    17.0    -1.4     5.7
63831 201003  2.402  -89.0703   32.3378    17.5     3.8    10.6    10.5   159.1    15.3 R    23.9     4.1    11.5
63831 201004  2.402  -89.0703   32.3378    25.0     9.5    17.2    17.5   113.5    21.6 R    34.9     9.5    19.4
63831 201005  2.402  -89.0703   32.3378    29.1    16.6    22.9    22.6   137.4    21.9 R    39.3    17.2    25.0
63831 201006  2.402  -89.0703   32.3378    32.7    20.9    26.8    26.3    58.5    22.5 R    46.0    21.1    29.3
63831 201007  2.402  -89.0703   32.3378    33.3    21.7    27.5    26.7    83.1    21.4 R    50.8    21.8    30.5
63831 201008  2.402  -89.0703   32.3378    33.6    22.2    27.9    26.8    80.9    18.9 R    48.9    22.3    29.9
63831 201009  2.402  -89.0703   32.3378    32.8    15.7    24.3    23.9     8.7    20.4 R    53.7    16.1    29.0
63831 201010  2.402  -89.0703   32.3378    27.6     7.8    17.7    17.3    84.7    17.4 R    45.0     8.2    21.1
63831 201011  2.402  -89.0703   32.3378 -9999.0 -9999.0 -9999.0 -9999.0 -9999.0 -9999.0 U -9999.0 -9999.0 -9999.0
63831 201012  2.402  -89.0703   32.3378    12.5    -0.7     5.9     5.6    45.1     9.5 R    16.8    -0.3     5.9
63831 201101  2.402  -89.0703   32.3378    11.4    -0.5     5.4     5.2   109.1     9.1 R    15.8     0.1     5.9
63831 201102  2.402  -89.0703   32.3378    16.3     2.1     9.2     9.3    73.9    12.2 R    21.2     1.9     9.1
63831 201103  2.402  -89.0703   32.3378    20.8     6.5    13.6    13.8   207.5    15.3 R    26.1     6.6    14.3
63831 201104  2.402  -89.0703   32.3378    26.1    11.4    18.8    19.0   125.3    20.9 R    33.1    11.5    19.8
63831 201105  2.402  -89.0703   32.3378    28.1    13.6    20.8    20.8    18.7    23.3 R    43.1    13.3    24.1
63831 201106  2.402  -89.0703   32.3378    33.9    19.6    26.7    26.3   148.7    23.9 R    47.4    19.8    29.6
63831 201107  2.402  -89.0703   32.3378    32.0    21.9    26.9    26.0   188.3    19.5 R    39.5    22.0    27.5
63831 201108  2.402  -89.0703   32.3378    34.1    20.5    27.3    26.6    29.3    22.2 R    44.9    20.3    28.7
63831 201109  2.402  -89.0703   32.3378    28.0    15.7    21.9    21.3   194.5    17.2 R    37.5    15.8    23.3
63831 201110  2.402  -89.0703   32.3378    23.2     6.5    14.9    14.4    21.6    16.1 R    33.2     6.3    16.1
63831 201111  2.402  -89.0703   32.3378    19.8     5.2    12.5    12.5    69.7    10.4 R    28.7     4.4    13.2
63831 201112  2.402  -89.0703   32.3378    15.2     2.7     9.0     8.7   134.2     8.0 R    19.3     1.3     7.7
63831 201201  2.402  -89.0703   32.3378    17.5     3.2    10.4    10.4   121.7     9.9 R    21.2     2.0     9.3
63831 201202  2.402  -89.0703   32.3378    16.6     5.7    11.2    11.1   174.3    10.8 R    21.3     4.7    10.8
63831 201203  2.402  -89.0703   32.3378    24.1    11.0    17.6    17.6   193.7    16.2 R    30.1     9.6    17.0
63831 201204  2.402  -89.0703   32.3378    25.0    10.7    17.9    17.8    56.0    21.2 R    36.5    10.3    20.1
63831 201205  2.402  -89.0703   32.3378    29.7    15.4    22.5    22.1   191.5    22.4 R    40.3    15.4    24.4
63831 201206  2.402  -89.0703   32.3378    31.1    18.3    24.7    24.7    93.5    24.0 R    39.2    18.4    26.6
63831 201207  2.402  -89.0703   32.3378    32.1    21.1    26.6    25.7   281.8    19.5 R    41.7    21.5    27.8
63831 201208  2.402  -89.0703   32.3378    30.7    20.3    25.5    24.8   259.5    17.9 R    39.1    20.9    26.7
63831 201209  2.402  -89.0703   32.3378    28.7    16.4    22.5    22.2   133.4    17.8 R    38.1    17.2    24.4
63831 201210  2.402  -89.0703   32.3378    23.6     9.1    16.3    15.7    87.9    15.5 R    32.5     9.8    17.8
63831 201211  2.412  -89.0703   32.3378    18.4     1.8    10.1     9.6    69.3    12.3 R    25.4     2.7    11.1
63831 201212  2.412  -89.0703   32.3378    16.5     3.8    10.2    10.0   244.2     7.7 C    19.1     4.7    10.8
63831 201301  2.412  -89.0703   32.3378    14.9     4.1     9.5     9.3   179.1     7.4 C    17.7     4.8    10.1
63831 201302  2.412  -89.0703   32.3378    15.2     2.1     8.6     8.8   203.6    11.0 C    19.3     2.6     9.7
63831 201303  2.412  -89.0703   32.3378    17.3     2.4     9.9     9.9    88.0    17.2 C    23.9     2.5    11.2
63831 201304  2.412  -89.0703   32.3378    22.8     9.5    16.2    16.2   145.1    17.8 C    29.4    10.4    18.2
63831 201305  2.412  -89.0703   32.3378    25.7    13.5    19.6    19.6   205.0    20.5 C    34.3    14.7    22.6
63831 201306  2.412  -89.0703   32.3378    30.9    19.4    25.2    24.8   112.6    23.3 C    39.5    20.6    27.9
63831 201307  2.412  -89.0703   32.3378    30.5    20.6    25.5    25.0    99.8    21.1 C    40.0    21.5    28.0
63831 201308  2.412  -89.0703   32.3378    31.3    20.2    25.7    25.0   148.2    19.9 C    41.8    20.9    28.2
63831 201309  2.412  -89.0703   32.3378    30.5    17.2    23.9    23.2    82.7    18.5 C    42.6    17.8    26.6
63831 201310  2.412  -89.0703   32.3378    24.4    11.9    18.1    17.7    52.7    13.2 C    32.5    12.4    19.9
63831 201311  2.422  -89.0703   32.3378    16.6     3.3     9.9     9.6   149.8    11.2 C    22.8     4.0    11.2
63831 201312  2.422  -89.0703   32.3378    14.3     2.4     8.3     8.0   136.5     7.6 C    18.5     3.2     8.9
63831 201401  2.422  -89.0703   32.3378    11.0    -4.7     3.2     3.2    46.3    11.6 C    16.3    -3.8     4.0
63831 201402  2.422  -89.0703   32.3378    14.4     1.3     7.9     7.8   168.5     9.9 C    19.6     2.2     9.0
63831 201403  2.422  -89.0703   32.3378    18.7     4.1    11.4    11.2   132.1    15.8 C    25.8     4.8    13.0
63831 201404  2.422  -89.0703   32.3378    23.1     9.8    16.5    16.7   381.3    18.7 C    30.8    10.2    18.5
63831 201405  2.422  -89.0703   32.3378    27.4    14.2    20.8    20.5    84.4    22.1 C    38.5    14.9    23.8
63831 201406  2.422  -89.0703   32.3378    30.5    19.5    25.0    24.4   181.0    21.5 C    39.7    20.5    27.3
63831 201407  2.422  -89.0703   32.3378    30.6    19.0    24.8    24.6    52.2    22.1 C    41.4    19.2    27.5
63831 201408  2.422  -89.0703   32.3378    32.1    19.7    25.9    25.1   162.4    20.0 C    45.7    19.9    28.6
63831 201409  2.422  -89.0703   32.3378    30.3    18.4    24.4    23.7    20.8    17.4 C    47.4    18.3    27.7
63831 201410  2.422  -89.0703   32.3378    25.9    10.7    18.3    17.8    53.4    15.6 C    41.8    10.3    21.0
63831 201411  2.422  -89.0703   32.3378    16.6     1.5     9.0     8.8    87.4    11.5 C    27.8     0.9    10.8
63831 201412  2.422  -89.0703   32.3378    15.6     4.1     9.8     9.6   239.7     7.5 C    23.1     4.3    11.0
63831 201501  2.422  -89.0703   32.3378    13.1    -0.3     6.4     6.1   146.5     9.8 C    18.4     0.5     7.2
63831 201502  2.422  -89.0703   32.3378    12.1    -0.9     5.6     5.4   122.2    11.5 C    18.8    -0.2     7.1
63831 201503  2.422  -89.0703   32.3378    20.3     8.4    14.4    14.4   108.0    11.8 C    26.3     9.0    15.8
63831 201504  2.422  -89.0703   32.3378    24.2    13.5    18.9    18.8   168.6    15.1 C    31.7    13.8    20.4
63831 201505  2.422  -89.0703   32.3378    28.4    15.2    21.8    21.4    98.5    19.5 C    42.4    15.6    25.0
63831 201506  2.422  -89.0703   32.3378    31.1    19.6    25.3    24.8    88.5    22.2 C    42.1    20.2    28.1
63831 201507  2.422  -89.0703   32.3378    33.2    21.6    27.4    26.9    69.0    22.4 C    44.5    22.0    30.2
63831 201508  2.422  -89.0703   32.3378    32.9    19.8    26.3    25.6   109.4    21.0 C    51.0    20.3    30.7
63831 201509  2.422  -89.0703   32.3378    30.9    16.7    23.8    23.3    57.6    17.2 C    51.6    17.0    28.5
63831 201510  2.422  -89.0703   32.3378    25.0    11.5    18.3    18.0   155.1    12.3 C    36.5    11.7    20.7
63831 201511  2.422  -89.0703   32.3378    20.9     9.4    15.2    14.6   265.2     9.1 C    24.9     9.9    15.5
63831 201512  2.422  -89.0703   32.3378    19.4     7.8    13.6    13.2   216.4     8.7 C    22.0     8.0    13.6
63831 201601  2.422  -89.0703   32.3378    13.5     0.2     6.9     6.4    75.0    10.5 C    17.8     0.2     7.0
63831 201602  2.422  -89.0703   32.3378    17.2     3.0    10.1     9.9   170.4    14.0 C    21.8     2.3    10.0
63831 201603  2.422  -89.0703   32.3378    21.7     8.5    15.1    15.2   308.5    15.4 C    26.3     7.7    15.5
63831 201604  2.422  -89.0703   32.3378    24.2    11.3    17.7    17.6   134.5    18.7 C    30.4    10.8    18.6
63831 201605  2.422  -89.0703   32.3378    27.2    14.6    20.9    20.9   103.0    21.8 C    38.5    14.2    23.8
63831 201606  2.422  -89.0703   32.3378    31.9    20.1    26.0    25.5    72.0    23.0 C    47.8    20.5    29.9
63831 201607  2.422  -89.0703   32.3378    33.2    21.5    27.4    26.5   136.4    22.4 C    47.6    21.9    30.7
63831 201608  2.422  -89.0703   32.3378    32.6    21.9    27.3    26.3    81.1    19.4 C    46.0    22.3    29.8
63831 201609  2.422  -89.0703   32.3378    32.6    18.7    25.6    24.8    14.6    18.6 C    53.6    18.9    30.1
63831 201610  2.422  -89.0703   32.3378    29.4    10.6    20.0    19.3     0.0    17.1 C    48.1    10.4    23.6
63831 201611  2.422  -89.0703   32.3378    22.9     4.4    13.6    13.3    93.6    12.1 C    34.7     4.0    15.2
63831 201612  2.422  -89.0703   32.3378 -9999.0 -9999.0 -9999.0 -9999.0 -9999.0 -9999.0 U -9999.0 -9999.0 -9999.0
63831 201701  2.422  -89.0703   32.3378    18.2     5.8    12.0    11.9   207.9     9.2 C    21.8     5.7    12.1
63831 201702  2.422  -89.0703   32.3378    20.9     6.6    13.7    13.6    63.8    11.5 C    25.3     5.9    13.6
63831 201703  2.422  -89.0703   32.3378    21.6     8.2    14.9    14.8   122.5    14.2 C    26.8     7.9    15.3
63831 201704  2.422  -89.0703   32.3378    26.0    11.6    18.8    18.7   224.6    19.1 C    33.5    11.0    20.0
63831 201705  2.422  -89.0703   32.3378    26.9    14.1    20.5    20.4   139.9    19.2 C    38.3    14.6    23.3
63831 201706  2.422  -89.0703   32.3378    29.0    19.4    24.2    23.6   282.3    15.3 C    39.3    20.1    26.5
63831 201707  2.422  -89.0703   32.3378    31.9    21.3    26.6    26.0    92.6    17.7 C    41.8    21.7    28.8
