63892 200703  5.001  -88.1374   32.8369 -9999.0 -9999.0 -9999.0 -9999.0 -9999.0 -9999.0 U -9999.0 -9999.0 -9999.0
63892 200704  5.001  -88.1374   32.8369    22.9     8.8    15.9    15.9    52.1 -9999.0 U -9999.0 -9999.0 -9999.0
63892 200705  5.001  -88.1374   32.8369    29.7    14.8    22.2    22.3    19.6 -9999.0 U -9999.0 -9999.0 -9999.0
63892 200706  5.001  -88.1374   32.8369    33.3    19.5    26.4    26.1   129.4 -9999.0 U -9999.0 -9999.0 -9999.0
63892 200707  5.001  -88.1374   32.8369    30.7    21.4    26.0    25.4   166.7 -9999.0 U -9999.0 -9999.0 -9999.0
63892 200708  5.001  -88.1374   32.8369    36.1    22.8    29.4    28.6    57.0 -9999.0 U -9999.0 -9999.0 -9999.0
63892 200709  5.001  -88.1374   32.8369    30.7    18.8    24.7    24.2    56.9 -9999.0 U -9999.0 -9999.0 -9999.0
63892 200710  5.001  -88.1374   32.8369    25.2    12.9    19.1    18.6   112.8 -9999.0 U -9999.0 -9999.0 -9999.0
63892 200711  5.001  -88.1374   32.8369    19.1     4.8    12.0    11.7    41.0 -9999.0 U -9999.0 -9999.0 -9999.0
63892 200712  5.001  -88.1374   32.8369    17.1     5.0    11.1    10.7   105.8 -9999.0 U -9999.0 -9999.0 -9999.0
63892 200801  5.001  -88.1374   32.8369    11.2     0.7     6.0     6.0    79.4 -9999.0 U -9999.0 -9999.0 -9999.0
63892 200802  5.001  -88.1374   32.8369    16.9     2.6     9.8     9.8   174.4 -9999.0 U -9999.0 -9999.0 -9999.0
63892 200803  5.001  -88.1374   32.8369    20.9     6.6    13.7    13.7    80.6 -9999.0 U -9999.0 -9999.0 -9999.0
63892 200804  5.001  -88.1374   32.8369    23.7    10.6    17.1    17.1    92.7 -9999.0 U -9999.0 -9999.0 -9999.0
63892 200805  5.001  -88.1374   32.8369    27.3    15.6    21.4    21.5   136.3 -9999.0 U -9999.0 -9999.0 -9999.0
63892 200806  5.001  -88.1374   32.8369    32.3    20.0    26.2    25.6    65.1 -9999.0 U -9999.0 -9999.0 -9999.0
63892 200807  5.001  -88.1374   32.8369 -9999.0 -9999.0 -9999.0 -9999.0 -9999.0 -9999.0 U -9999.0 -9999.0 -9999.0
63892 200808  5.001  -88.1374   32.8369    30.8    20.7    25.7    25.2   194.5 -9999.0 U -9999.0 -9999.0 -9999.0
63892 200809  5.001  -88.1374   32.8369    28.1    18.2    23.1    22.6 -9999.0 -9999.0 U -9999.0 -9999.0 -9999.0
63892 200810  5.001  -88.1374   32.8369    23.4    10.6    17.0    16.6    24.4 -9999.0 U -9999.0 -9999.0 -9999.0
63892 200811  5.001  -88.1374   32.8369    17.7     3.7    10.7    10.5    47.2 -9999.0 U -9999.0 -9999.0 -9999.0
63892 200812  5.001  -88.1374   32.8369    15.5     4.3     9.9     9.7   138.9 -9999.0 U -9999.0 -9999.0 -9999.0
63892 200901  5.001  -88.1374   32.8369    13.6     1.9     7.8     7.4   102.2 -9999.0 U -9999.0 -9999.0 -9999.0
63892 200902  5.001  -88.1374   32.8369    16.8     2.8     9.8     9.7    66.7 -9999.0 U -9999.0 -9999.0 -9999.0
63892 200903  5.001  -88.1374   32.8369    20.2     8.6    14.4    14.4   194.2 -9999.0 U -9999.0 -9999.0 -9999.0
63892 200904  5.001  -88.1374   32.8369    23.3    10.0    16.6    16.8   101.9 -9999.0 U -9999.0 -9999.0 -9999.0
63892 200905  5.101  -88.1374   32.8369    26.7    17.2    21.9    21.6   228.0 -9999.0 U -9999.0 -9999.0 -9999.0
63892 200906  5.101  -88.1374   32.8369    32.6    20.5    26.6    26.4    41.2 -9999.0 U -9999.0 -9999.0 -9999.0
63892 200907  5.101  -88.1374   32.8369    31.5    20.6    26.1    25.5   281.4 -9999.0 U -9999.0 -9999.0 -9999.0
63892 200908  5.101  -88.1374   32.8369    30.2    21.0    25.6    24.9   153.9 -9999.0 U -9999.0 -9999.0 -9999.0
63892 200909  5.101  -88.1374   32.8369    28.2    19.7    24.0    23.2   204.4 -9999.0 U -9999.0 -9999.0 -9999.0
63892 200910  5.101  -88.1374   32.8369    21.8    11.9    16.9    16.8   129.8 -9999.0 U -9999.0 -9999.0 -9999.0
63892 200911  5.101  -88.1374   32.8369    18.4     5.8    12.1    11.6    80.2 -9999.0 U -9999.0 -9999.0 -9999.0
63892 200912  5.101  -88.1374   32.8369    11.9     2.5     7.2     7.0   155.6 -9999.0 U -9999.0 -9999.0 -9999.0
63892 201001  5.101  -88.1374   32.8369     9.9    -1.2     4.3     4.0   149.9 -9999.0 U -9999.0 -9999.0 -9999.0
63892 201002  5.101  -88.1374   32.8369    10.4    -0.3     5.1     5.0    93.9 -9999.0 U -9999.0 -9999.0 -9999.0
63892 201003  5.101  -88.1374   32.8369    16.7     5.1    10.9    10.6   157.7 -9999.0 U -9999.0 -9999.0 -9999.0
63892 201004  5.101  -88.1374   32.8369    25.3    11.0    18.1    18.1    72.3 -9999.0 U -9999.0 -9999.0 -9999.0
63892 201005  5.101  -88.1374   32.8369    28.6    17.4    23.0    22.7   117.7 -9999.0 U -9999.0 -9999.0 -9999.0
63892 201006  5.101  -88.1374   32.8369    33.4    21.8    27.6    27.0    96.7 -9999.0 U -9999.0 -9999.0 -9999.0
63892 201007  5.101  -88.1374   32.8369    33.5    22.9    28.2    27.5   109.7 -9999.0 U -9999.0 -9999.0 -9999.0
63892 201008  5.101  -88.1374   32.8369    34.5    23.3    28.9    27.8    74.4 -9999.0 U -9999.0 -9999.0 -9999.0
63892 201009  5.101  -88.1374   32.8369    32.5    17.7    25.1    24.5    50.1 -9999.0 U -9999.0 -9999.0 -9999.0
63892 201010  5.101  -88.1374   32.8369    26.2     9.7    18.0    17.4    49.9 -9999.0 U -9999.0 -9999.0 -9999.0
63892 201011  5.101  -88.1374   32.8369    19.7     6.2    13.0    12.4   138.7 -9999.0 U -9999.0 -9999.0 -9999.0
63892 201012  5.101  -88.1374   32.8369    11.7    -0.2     5.7     5.5    32.5 -9999.0 U -9999.0 -9999.0 -9999.0
63892 201101  5.101  -88.1374   32.8369    11.2     0.0     5.6     5.4   132.9 -9999.0 U -9999.0 -9999.0 -9999.0
63892 201102  5.101  -88.1374   32.8369    16.6     2.7     9.7     9.7    83.8 -9999.0 U -9999.0 -9999.0 -9999.0
63892 201103  5.101  -88.1374   32.8369    20.6     8.1    14.4    14.4   211.4 -9999.0 U -9999.0 -9999.0 -9999.0
63892 201104  5.101  -88.1374   32.8369    25.8    12.5    19.1    19.2    98.9 -9999.0 U -9999.0 -9999.0 -9999.0
63892 201105  5.101  -88.1374   32.8369    27.8    14.6    21.2    21.1    35.1 -9999.0 U -9999.0 -9999.0 -9999.0
63892 201106  5.101  -88.1374   32.8369    34.9    20.9    27.9    27.3    26.9 -9999.0 U -9999.0 -9999.0 -9999.0
63892 201107  5.101  -88.1374   32.8369    34.0    22.7    28.4    27.2    73.9 -9999.0 U -9999.0 -9999.0 -9999.0
63892 201108  5.101  -88.1374   32.8369    34.6    21.8    28.2    27.3    96.6 -9999.0 U -9999.0 -9999.0 -9999.0
63892 201109  5.101  -88.1374   32.8369    28.3    16.6    22.5    22.0   275.9 -9999.0 U -9999.0 -9999.0 -9999.0
63892 201110  5.101  -88.1374   32.8369    23.1     8.5    15.8    15.1    13.2 -9999.0 U -9999.0 -9999.0 -9999.0
63892 201111  5.101  -88.1374   32.8369    19.5     6.7    13.1    12.9    75.0 -9999.0 U -9999.0 -9999.0 -9999.0
63892 201112  5.101  -88.1374   32.8369    15.2     3.7     9.5     9.1   136.5 -9999.0 U -9999.0 -9999.0 -9999.0
63892 201201  5.101  -88.1374   32.8369    17.2     4.0    10.6    10.6   147.5 -9999.0 U -9999.0 -9999.0 -9999.0
63892 201202  5.101  -88.1374   32.8369    16.3     6.0    11.2    11.1   131.9 -9999.0 U -9999.0 -9999.0 -9999.0
63892 201203  5.101  -88.1374   32.8369    24.6    12.1    18.3    18.2   147.2 -9999.0 U -9999.0 -9999.0 -9999.0
63892 201204  5.101  -88.1374   32.8369    25.2    11.6    18.4    18.4    27.7 -9999.0 U -9999.0 -9999.0 -9999.0
63892 201205  5.101  -88.1374   32.8369    29.4    16.7    23.1    22.6   137.9 -9999.0 U -9999.0 -9999.0 -9999.0
63892 201206  5.101  -88.1374   32.8369    31.8    19.3    25.6    25.5    22.1 -9999.0 U -9999.0 -9999.0 -9999.0
63892 201207  5.101  -88.1374   32.8369    32.6    22.3    27.4    26.6   156.3 -9999.0 U -9999.0 -9999.0 -9999.0
63892 201208  5.101  -88.1374   32.8369    30.5    21.0    25.8    25.1   191.2 -9999.0 U -9999.0 -9999.0 -9999.0
63892 201209  5.101  -88.1374   32.8369    28.5    17.3    22.9    22.4   133.8 -9999.0 U -9999.0 -9999.0 -9999.0
63892 201210  5.101  -88.1374   32.8369    23.3    10.0    16.6    16.2     9.8 -9999.0 U -9999.0 -9999.0 -9999.0
63892 201211  5.101  -88.1374   32.8369    18.5     2.8    10.7    10.0    67.9 -9999.0 U -9999.0 -9999.0 -9999.0
63892 201212  5.101  -88.1374   32.8369    16.4     4.6    10.5    10.2   284.8 -9999.0 U -9999.0 -9999.0 -9999.0
63892 201301  5.101  -88.1374   32.8369    14.3     4.5     9.4     9.2   191.9 -9999.0 U -9999.0 -9999.0 -9999.0
63892 201302  5.101  -88.1374   32.8369    14.5     3.1     8.8     8.9   199.1 -9999.0 U -9999.0 -9999.0 -9999.0
63892 201303  5.101  -88.1374   32.8369    16.8     3.7    10.2    10.2   162.9 -9999.0 U -9999.0 -9999.0 -9999.0
63892 201304  5.101  -88.1374   32.8369    23.0    10.7    16.8    16.8   136.0 -9999.0 U -9999.0 -9999.0 -9999.0
63892 201305  5.101  -88.1374   32.8369    25.9    14.4    20.1    20.1    67.9 -9999.0 U -9999.0 -9999.0 -9999.0
63892 201306  5.101  -88.1374   32.8369    31.0    20.6    25.8    25.3   129.0 -9999.0 U -9999.0 -9999.0 -9999.0
63892 201307  5.101  -88.1374   32.8369    30.3    21.4    25.9    25.1   181.0 -9999.0 U -9999.0 -9999.0 -9999.0
63892 201308  5.101  -88.1374   32.8369    31.1    21.3    26.2    25.5    56.9 -9999.0 U -9999.0 -9999.0 -9999.0
63892 201309  5.101  -88.1374   32.8369    30.9    18.3    24.6    23.9    55.7 -9999.0 U -9999.0 -9999.0 -9999.0
63892 201310  5.101  -88.1374   32.8369    24.3    12.9    18.6    18.1    73.4 -9999.0 U -9999.0 -9999.0 -9999.0
63892 201311  5.101  -88.1374   32.8369    16.2     4.1    10.2     9.9   124.2 -9999.0 U -9999.0 -9999.0 -9999.0
63892 201312  5.101  -88.1374   32.8369    13.8     2.8     8.3     7.9   165.7 -9999.0 U -9999.0 -9999.0 -9999.0
63892 201401  5.101  -88.1374   32.8369    10.2    -3.8     3.2     3.3    44.8 -9999.0 U -9999.0 -9999.0 -9999.0
63892 201402  5.101  -88.1374   32.8369    14.2     2.2     8.2     8.0   156.2 -9999.0 U -9999.0 -9999.0 -9999.0
63892 201403  5.101  -88.1374   32.8369    18.7     5.0    11.8    11.5   157.5 -9999.0 U -9999.0 -9999.0 -9999.0
63892 201404  5.101  -88.1374   32.8369    23.0    10.9    17.0    17.0   267.0 -9999.0 U -9999.0 -9999.0 -9999.0
63892 201405  5.101  -88.1374   32.8369    27.7    15.2    21.5    21.2    71.3 -9999.0 U -9999.0 -9999.0 -9999.0
63892 201406  5.101  -88.1374   32.8369    30.9    20.5    25.7    25.0   112.6 -9999.0 U -9999.0 -9999.0 -9999.0
63892 201407  5.101  -88.1374   32.8369    30.5    20.0    25.2    25.0    84.4 -9999.0 U -9999.0 -9999.0 -9999.0
63892 201408  5.101  -88.1374   32.8369    32.8    20.7    26.7    25.8   135.9 -9999.0 U -9999.0 -9999.0 -9999.0
63892 201409  5.101  -88.1374   32.8369    30.9    19.1    25.0    24.1    13.5 -9999.0 U -9999.0 -9999.0 -9999.0
63892 201410  5.101  -88.1374   32.8369    26.1    11.6    18.8    18.2    61.4 -9999.0 U -9999.0 -9999.0 -9999.0
63892 201411  5.101  -88.1374   32.8369    16.4     2.3     9.4     9.1   149.7 -9999.0 U -9999.0 -9999.0 -9999.0
63892 201412  5.101  -88.1374   32.8369    15.1     4.2     9.6     9.4 -9999.0 -9999.0 U -9999.0 -9999.0 -9999.0
63892 201501  5.101  -88.1374   32.8369    12.5     0.2     6.3     6.2   165.3 -9999.0 U -9999.0 -9999.0 -9999.0
63892 201502  5.101  -88.1374   32.8369    11.3    -0.6     5.4     5.1   103.0 -9999.0 U -9999.0 -9999.0 -9999.0
63892 201503  5.101  -88.1374   32.8369    19.8     8.7    14.3    14.1   114.8 -9999.0 U -9999.0 -9999.0 -9999.0
63892 201504  5.101  -88.1374   32.8369    24.1    13.4    18.7    18.7   146.9 -9999.0 U -9999.0 -9999.0 -9999.0
63892 201505  5.101  -88.1374   32.8369    27.9    15.9    21.9    21.5    73.1 -9999.0 U -9999.0 -9999.0 -9999.0
63892 201506  5.101  -88.1374   32.8369    31.4    20.4    25.9    25.4    57.0 -9999.0 U -9999.0 -9999.0 -9999.0
63892 201507  5.101  -88.1374   32.8369    33.4    22.3    27.9    27.1    96.9 -9999.0 U -9999.0 -9999.0 -9999.0
63892 201508  5.101  -88.1374   32.8369    32.9    20.7    26.8    26.0    62.7 -9999.0 U -9999.0 -9999.0 -9999.0
63892 201509  5.101  -88.1374   32.8369    30.5    17.8    24.1    23.5    52.9 -9999.0 U -9999.0 -9999.0 -9999.0
63892 201510  5.101  -88.1374   32.8369    25.0    12.3    18.7    18.2   100.8 -9999.0 U -9999.0 -9999.0 -9999.0
63892 201511  5.101  -88.1374   32.8369    20.3     9.3    14.8    14.5   179.0 -9999.0 U -9999.0 -9999.0 -9999.0
63892 201512  5.101  -88.1374   32.8369    18.8     8.0    13.4    13.2   182.4 -9999.0 U -9999.0 -9999.0 -9999.0
63892 201601  5.101  -88.1374   32.8369    12.0     0.5     6.3     6.1    91.9 -9999.0 U -9999.0 -9999.0 -9999.0
63892 201602  5.101  -88.1374   32.8369    16.7     4.7    10.7    10.3 -9999.0 -9999.0 U -9999.0 -9999.0 -9999.0
63892 201603  5.101  -88.1374   32.8369    21.1     9.3    15.2    15.2   239.7 -9999.0 U -9999.0 -9999.0 -9999.0
63892 201604  5.101  -88.1374   32.8369    24.0    11.6    17.8    17.6    86.6 -9999.0 U -9999.0 -9999.0 -9999.0
63892 201605  5.101  -88.1374   32.8369    27.5    15.0    21.3    21.1    23.3 -9999.0 U -9999.0 -9999.0 -9999.0
63892 201606  5.101  -88.1374   32.8369    33.2    20.8    27.0    26.3    53.4 -9999.0 U -9999.0 -9999.0 -9999.0
63892 201607  5.101  -88.1374   32.8369 -9999.0 -9999.0 -9999.0 -9999.0 -9999.0 -9999.0 U -9999.0 -9999.0 -9999.0
63892 201608  5.102  -88.1374   32.8369    33.5    22.8    28.1    27.0    60.0 -9999.0 U -9999.0 -9999.0 -9999.0
63892 201609  5.102  -88.1374   32.8369    33.2    19.6    26.4    25.3    18.6 -9999.0 U -9999.0 -9999.0 -9999.0
63892 201610  5.102  -88.1374   32.8369    29.3    12.0    20.7    19.9     0.2 -9999.0 U -9999.0 -9999.0 -9999.0
63892 201611  5.102  -88.1374   32.8369    22.4     5.9    14.1    13.6    91.4 -9999.0 U -9999.0 -9999.0 -9999.0
63892 201612  5.102  -88.1374   32.8369    15.6     4.7    10.1     9.9    68.6 -9999.0 U -9999.0 -9999.0 -9999.0
63892 201701  5.102  -88.1374   32.8369    17.3     6.3    11.8    11.6   188.4 -9999.0 U -9999.0 -9999.0 -9999.0
63892 201702  5.102  -88.1374   32.8369    19.3     6.9    13.1    13.1    97.5 -9999.0 U -9999.0 -9999.0 -9999.0
63892 201703  5.102  -88.1374   32.8369    21.2     8.7    14.9    14.8   130.5 -9999.0 U -9999.0 -9999.0 -9999.0
63892 201704  5.102  -88.1374   32.8369    26.4    12.7    19.6    19.3   183.7 -9999.0 U -9999.0 -9999.0 -9999.0
63892 201705  5.102  -88.1374   32.8369    27.0    14.9    21.0    20.8   116.2 -9999.0 U -9999.0 -9999.0 -9999.0
63892 201706  5.102  -88.1374   32.8369    28.8    19.9    24.4    23.8   317.2 -9999.0 U -9999.0 -9999.0 -9999.0
63892 201707  5.102  -88.1374   32.8369    32.2    22.3    27.2    26.6   112.2 -9999.0 U -9999.0 -9999.0 -9999.0
