03063 200408  1.201 -103.8224   37.8639    29.7    10.9    20.3    20.3 -9999.0    23.5 R -9999.0 -9999.0    24.2
03063 200409  1.201 -103.8224   37.8639    29.0     8.5    18.7    19.4    20.9    20.1 R -9999.0 -9999.0    21.8
03063 200410  1.201 -103.8224   37.8639    22.0     1.1    11.6    11.9     7.6    15.4 R -9999.0 -9999.0    13.2
03063 200411  1.201 -103.8224   37.8639    10.6    -4.7     2.9     2.5    29.2     8.9 R -9999.0 -9999.0     2.7
03063 200412  1.201 -103.8224   37.8639    11.0    -9.6     0.7     0.6     9.6    10.0 R -9999.0 -9999.0     0.3
03063 200501  1.201 -103.8224   37.8639     7.8    -8.5    -0.4    -0.8    24.9     9.1 R -9999.0 -9999.0    -1.0
03063 200502  1.201 -103.8224   37.8639    11.0    -6.0     2.5     2.1     6.9    12.7 R -9999.0 -9999.0     3.2
03063 200503  1.201 -103.8224   37.8639    13.0    -4.4     4.3     4.1    86.0    16.7 R -9999.0 -9999.0     5.7
03063 200504  1.201 -103.8224   37.8639    18.7     0.7     9.7     9.6    42.2    20.9 R -9999.0 -9999.0    11.7
03063 200505  1.201 -103.8224   37.8639    24.6     5.8    15.2    15.7    17.1    24.0 R -9999.0 -9999.0    19.3
03063 200506  1.201 -103.8224   37.8639    32.1    10.8    21.5    22.2    34.3    28.1 R -9999.0 -9999.0    26.7
03063 200507  1.201 -103.8224   37.8639    36.5    14.2    25.3    26.3    39.0    27.4 R -9999.0 -9999.0    31.9
03063 200508  1.201 -103.8224   37.8639    32.3    13.1    22.7    23.0    35.0    22.8 R -9999.0 -9999.0    28.5
03063 200509  1.201 -103.8224   37.8639    30.8     9.7    20.3    20.7    20.3    19.6 R -9999.0 -9999.0    24.5
03063 200510  1.201 -103.8224   37.8639    21.8     1.9    11.8    12.1    43.3    14.8 R -9999.0 -9999.0    14.0
03063 200511  1.201 -103.8224   37.8639    17.2    -6.0     5.6     5.4     2.0    11.6 R -9999.0 -9999.0     5.3
03063 200512  1.201 -103.8224   37.8639     9.2   -11.6    -1.2    -1.7     4.3     9.5 R -9999.0 -9999.0    -2.1
03063 200601  1.201 -103.8224   37.8639    12.8    -7.8     2.5     2.7    17.4    11.5 R -9999.0 -9999.0     1.5
03063 200602  1.201 -103.8224   37.8639    11.6   -11.7     0.0    -0.3     0.6    15.3 R -9999.0 -9999.0     1.8
03063 200603  1.201 -103.8224   37.8639    15.9    -5.3     5.3     5.9    23.9    19.0 R -9999.0 -9999.0     7.8
03063 200604  1.301 -103.8224   37.8639    23.8     1.0    12.4    13.2    12.1    22.3 R -9999.0 -9999.0    17.3
03063 200605  1.301 -103.8224   37.8639    27.7     7.1    17.4    17.9    14.8    25.2 R    54.8     7.0    24.4
03063 200606  1.301 -103.8224   37.8639    34.4    13.3    23.9    24.7     7.6    26.9 R    64.3    12.4    31.6
03063 200607  1.301 -103.8224   37.8639    34.3    16.6    25.4    25.6    73.4    26.1 R    58.4    16.6    31.5
03063 200608  1.301 -103.8224   37.8639    31.5    15.2    23.4    22.8    40.3    21.8 R    53.4    15.5    27.9
03063 200609  1.301 -103.8224   37.8639    24.3     6.4    15.4    15.3    48.4    19.7 R    37.8     6.8    18.3
03063 200610  1.301 -103.8224   37.8639    19.0     1.7    10.3     9.8    70.5    14.5 R    27.6     1.8    11.1
03063 200611  1.301 -103.8224   37.8639    15.1    -4.5     5.3     4.5     6.8    11.8 R    21.7    -4.7     4.6
03063 200612  1.301 -103.8224   37.8639     5.9    -9.5    -1.8    -1.8    71.2     8.9 R     8.2   -10.9    -3.0
03063 200701  1.301 -103.8224   37.8639    -2.2   -17.3    -9.8    -9.4     9.9    11.7 R    -2.0   -19.8   -11.6
03063 200702  1.301 -103.8224   37.8639     1.6   -10.8    -4.6    -4.2     4.5    14.0 R     1.0   -12.4    -5.6
03063 200703  1.301 -103.8224   37.8639    17.4    -1.4     8.0     8.0     3.3    18.5 U -9999.0 -9999.0 -9999.0
03063 200704  1.302 -103.8224   37.8639    17.7     0.8     9.2     9.4    44.1    20.3 R    32.5     0.9    11.9
03063 200705  1.302 -103.8224   37.8639    23.8     6.8    15.3    15.4    39.6    25.0 R    39.2     7.4    19.2
03063 200706  1.302 -103.8224   37.8639    29.6    10.2    19.9    20.1    97.5    26.8 R    35.8    10.3    21.0
03063 200707  1.302 -103.8224   37.8639    34.7    13.5    24.1    24.4    14.2    26.6 R    41.0    13.3    25.4
03063 200708  1.302 -103.8224   37.8639    36.2    14.7    25.4    25.2    42.6    24.1 R    43.9    14.6    26.5
03063 200709  1.302 -103.8224   37.8639    30.9     8.6    19.8    19.9    30.0    19.5 R    38.4     8.6    20.8
03063 200710  1.302 -103.8224   37.8639    24.0     0.4    12.2    12.4     9.1    15.6 R    30.1     0.2    12.8
03063 200711  1.302 -103.8224   37.8639    16.9    -8.7     4.1     3.4     1.9    12.2 R    20.9    -9.0     3.2
03063 200712  1.302 -103.8224   37.8639     6.1   -12.7    -3.3    -2.7    22.8     8.9 R     7.9   -13.4    -3.2
03063 200801  1.302 -103.8224   37.8639     6.9   -11.4    -2.2    -2.2    17.6    10.9 R     8.6   -11.9    -2.9
03063 200802  1.302 -103.8224   37.8639    10.8    -9.7     0.6     0.6    20.2    13.4 R    15.5   -10.0     0.6
03063 200803  1.302 -103.8224   37.8639    15.3    -5.2     5.1     5.2    17.7    17.4 R    25.6    -5.5     6.6
03063 200804  1.302 -103.8224   37.8639    20.2    -3.1     8.6     9.7    23.8    23.4 R    33.8    -3.1    12.1
03063 200805  1.302 -103.8224   37.8639    26.4     3.2    14.8    15.7    10.1    24.8 R    43.3     2.9    18.8
03063 200806  1.302 -103.8224   37.8639    32.8     9.8    21.3    21.9    18.8    26.4 R    56.3     9.6    27.2
03063 200807  1.302 -103.8224   37.8639    35.6    15.0    25.3    25.7    23.7    26.9 R    69.8    14.4    34.1
03063 200808  1.302 -103.8224   37.8639    31.5    14.7    23.1    22.7   117.6    22.8 R    55.1    14.3    27.8
03063 200809  1.302 -103.8224   37.8639    27.0     7.8    17.4    17.5     1.7    21.2 R    41.2     7.8    20.3
03063 200810  1.302 -103.8224   37.8639    21.5     0.8    11.1    10.9    35.8    15.8 R    30.7     0.6    12.0
03063 200811  1.302 -103.8224   37.8639    15.4    -5.3     5.0     4.4     5.4    11.4 R    24.5    -5.7     4.7
03063 200812  1.302 -103.8224   37.8639     8.3    -9.7    -0.7    -1.1    17.9     9.8 R    12.3   -10.6    -1.9
03063 200901  1.302 -103.8224   37.8639    11.3   -10.1     0.6     0.1     0.6    11.9 R    21.7   -11.7    -0.4
03063 200902  1.302 -103.8224   37.8639    14.2    -9.5     2.3     2.2     2.0    15.8 R    30.3   -11.2     3.6
03063 200903  1.302 -103.8224   37.8639    16.5    -6.0     5.3     5.8    26.2    19.5 R    34.1    -7.6     8.1
03063 200904  1.302 -103.8224   37.8639    19.4     0.7    10.1    10.1    24.3    23.0 R    40.3    -0.2    13.8
03063 200905  1.302 -103.8224   37.8639    26.2     7.4    16.8    16.9    37.2    24.6 R    50.0     7.4    22.2
03063 200906  1.302 -103.8224   37.8639    29.9    11.5    20.7    20.8    43.3    24.6 R    55.0    11.6    26.4
03063 200907  1.302 -103.8224   37.8639    32.6    14.5    23.5    23.2   126.8    25.7 R    53.1    14.9    28.3
03063 200908  1.302 -103.8224   37.8639    31.3    11.9    21.6    21.9    45.4    25.3 R    43.0    12.4    24.1
03063 200909  1.302 -103.8224   37.8639    27.0     6.9    17.0    17.0    15.4    19.9 R    37.5     7.4    18.8
03063 200910  1.302 -103.8224   37.8639    16.4    -1.4     7.5     6.8    87.8    13.8 R    19.9    -1.0     7.3
03063 200911  2.402 -103.8224   37.8639    15.5    -4.5     5.5     4.4    14.0    11.4 R    16.6    -4.4     3.5
03063 200912  2.402 -103.8224   37.8639     4.5   -13.4    -4.4    -4.7     4.9     8.7 R     9.1   -13.0    -4.5
03063 201001  2.402 -103.8224   37.8639     8.8   -12.5    -1.8    -2.7    12.2    10.1 R    15.9   -12.5    -2.1
03063 201002  2.402 -103.8224   37.8639     5.6    -8.4    -1.4    -1.5    19.8    11.8 R    11.1    -7.8    -0.3
03063 201003  2.402 -103.8224   37.8639    14.2    -3.8     5.2     5.0    65.2    16.6 R    23.6    -3.9     6.7
03063 201004  2.402 -103.8224   37.8639    20.0     0.7    10.4    10.9    40.3    21.6 R    31.9     0.7    13.5
03063 201005  2.402 -103.8224   37.8639    24.9     5.0    15.0    15.9    13.5    27.9 R    34.2     5.2    18.6
03063 201006  2.402 -103.8224   37.8639    32.6    12.9    22.7    23.5    30.2    27.9 R    36.6    13.5    25.4
03063 201007  2.402 -103.8224   37.8639    32.8    16.2    24.5    24.2   158.2    26.7 R    38.4    16.3    26.3
03063 201008  2.402 -103.8224   37.8639    33.7    13.9    23.8    23.8    15.1    26.3 R    39.4    14.1    26.1
03063 201009  2.402 -103.8224   37.8639    32.7     8.3    20.5    21.0     7.8    24.1 R    37.9     8.7    23.2
03063 201010  2.402 -103.8224   37.8639    24.2     0.5    12.4    12.3     0.3    17.2 R    29.0     0.8    14.1
03063 201011  2.402 -103.8224   37.8639    15.2    -9.2     3.0     3.4     4.0    13.8 R    20.1    -8.9     4.9
03063 201012  2.402 -103.8224   37.8639    10.5    -9.6     0.4     0.1     7.7     9.3 R    15.1    -9.4     1.4
03063 201101  2.402 -103.8224   37.8639     7.3   -13.3    -3.0    -3.7    12.3    11.5 R    13.0   -13.2    -2.1
03063 201102  2.402 -103.8224   37.8639     9.6   -11.8    -1.1    -1.1    11.3    16.2 R    14.2   -11.6     0.5
03063 201103  2.402 -103.8224   37.8639    17.9    -5.2     6.3     6.8    16.7    18.8 R    27.4    -5.0     9.2
03063 201104  2.402 -103.8224   37.8639    22.1    -1.1    10.5    11.5    12.4    22.8 R    48.3    -1.9    16.2
03063 201105  2.402 -103.8224   37.8639    25.9     2.8    14.4    15.7     3.8    24.8 R    56.9     1.8    22.2
03063 201106  2.402 -103.8224   37.8639    33.9    12.9    23.4    23.8    51.1    26.0 R    59.5    11.3    29.3
03063 201107  2.402 -103.8224   37.8639    37.0    16.4    26.7    26.3    25.9    25.5 R    66.1    15.8    33.2
03063 201108  2.402 -103.8224   37.8639    35.9    16.2    26.1    26.1    37.1    23.3 R    63.7    15.6    32.3
03063 201109  2.402 -103.8224   37.8639    28.5     8.1    18.3    18.5    14.6    19.4 R    54.0     7.6    23.5
03063 201110  2.402 -103.8224   37.8639    22.5     0.1    11.3    11.0    10.6    15.1 R    40.6    -0.6    13.7
03063 201111  2.402 -103.8224   37.8639    14.7    -5.7     4.5     4.4    24.5    10.3 R    23.3    -6.9     3.9
03063 201112  2.402 -103.8224   37.8639     2.2   -14.0    -5.9    -5.9    43.2     8.7 R     1.2   -15.3    -7.2
03063 201201  2.402 -103.8224   37.8639     9.5    -7.4     1.1     0.6     1.2     9.6 R    11.0    -7.0    -0.4
03063 201202  2.402 -103.8224   37.8639     9.4    -8.3     0.5     0.7    11.5    12.2 R    19.5    -8.6     1.8
03063 201203  2.412 -103.8224   37.8639    20.7    -2.7     9.0     9.9     0.8    17.6 R    42.3    -5.4    11.8
03063 201204  2.412 -103.8224   37.8639    23.2     2.6    12.9    13.3    34.8    22.6 C    42.4     1.6    17.0
03063 201205  2.412 -103.8224   37.8639    27.4     6.4    16.9    18.0     7.2    26.7 C    51.7     5.5    24.0
03063 201206  2.412 -103.8224   37.8639    36.0    14.6    25.3    26.2    15.3    28.9 C    61.8    12.7    32.2
03063 201207  2.412 -103.8224   37.8639    36.7    16.6    26.7    27.2    21.8    27.5 C    63.0    15.6    33.8
03063 201208  2.412 -103.8224   37.8639    34.6    14.2    24.4    24.8     3.0    24.1 C    59.6    12.8    30.7
03063 201209  2.412 -103.8224   37.8639    28.8     8.3    18.6    18.6    17.9    20.1 C    48.6     7.2    22.6
03063 201210  2.412 -103.8224   37.8639    21.0    -1.4     9.8     9.8     3.9    15.6 C    36.0    -3.0    11.8
03063 201211  2.412 -103.8224   37.8639    18.4    -6.9     5.8     5.5     0.0    11.8 C    28.5    -8.8     5.1
03063 201212  2.412 -103.8224   37.8639     8.8   -10.9    -1.0    -0.8     5.6     8.6 C    14.1   -13.2    -2.0
03063 201301  2.412 -103.8224   37.8639     9.4   -13.0    -1.8    -2.4     3.5    10.9 C    17.7   -15.3    -2.8
03063 201302  2.412 -103.8224   37.8639     9.9    -9.5     0.2     0.2    10.0    13.5 C    21.5   -11.0     1.0
03063 201303  2.412 -103.8224   37.8639    15.2    -5.9     4.7     4.7    25.8    18.4 C    29.3    -7.7     6.5
03063 201304  2.422 -103.8224   37.8639    17.4    -1.8     7.8     8.0    21.9    19.7 C    38.1    -3.1    12.3
03063 201305  2.422 -103.8224   37.8639    25.9     5.9    15.9    16.4    13.1    23.6 C    50.2     4.4    21.5
03063 201306  2.422 -103.8224   37.8639    34.0    12.8    23.4    23.8    24.3    24.7 C    57.1    11.1    28.6
03063 201307  2.422 -103.8224   37.8639    34.3    15.7    25.0    24.9    17.7    24.7 C    59.9    14.5    31.3
03063 201308  2.422 -103.8224   37.8639    33.6    15.6    24.6    24.6    36.9    22.2 C    54.1    14.8    29.2
03063 201309  2.422 -103.8224   37.8639    30.3    12.7    21.5    21.7    66.8    18.1 C    45.5    11.6    24.4
03063 201310  2.422 -103.8224   37.8639    20.2     0.1    10.2    10.3     5.4    14.9 C    32.5    -0.7    12.0
03063 201311  2.422 -103.8224   37.8639    13.8    -4.7     4.6     4.1    10.7    10.0 C    20.6    -6.1     4.0
03063 201312  2.422 -103.8224   37.8639     8.5   -11.1    -1.3    -1.7     2.1     8.6 C    14.9   -12.4    -2.2
03063 201401  2.422 -103.8224   37.8639     8.9   -10.9    -1.0    -1.1     7.5     9.0 C    13.3   -12.5    -2.1
03063 201402  2.422 -103.8224   37.8639     8.8    -7.7     0.6     0.0    17.2    11.8 C    11.7    -9.6    -0.8
03063 201403  2.422 -103.8224   37.8639    15.2    -4.8     5.2     5.5    19.5    16.6 C    28.0    -6.2     7.2
03063 201404  2.422 -103.8224   37.8639    19.6     1.4    10.5    10.6    38.0    19.7 C    34.3     0.1    12.9
03063 201405  2.422 -103.8224   37.8639    25.8     6.4    16.1    16.4    19.3    24.2 C    45.5     5.5    20.5
03063 201406  2.422 -103.8224   37.8639    33.1    12.5    22.8    23.2    18.6    27.3 C    56.6    11.5    28.8
03063 201407  2.422 -103.8224   37.8639    32.6    15.8    24.2    24.0   102.0    24.8 C    51.2    15.3    28.8
03063 201408  2.422 -103.8224   37.8639    32.8    12.9    22.9    22.8    31.0    23.6 C    39.0    12.7    24.0
03063 201409  2.422 -103.8224   37.8639    29.6     9.0    19.3    19.3    14.7    19.2 C    35.5     8.6    20.5
03063 201410  2.422 -103.8224   37.8639    23.4     1.5    12.5    12.1    47.4    15.3 C    28.1     1.4    12.8
03063 201411  2.422 -103.8224   37.8639    12.6    -7.5     2.6     2.3    11.3    10.4 C    15.5    -7.9     2.2
03063 201412  2.422 -103.8224   37.8639     8.3    -8.5    -0.1    -0.9    26.0     8.1 C     9.3    -9.9    -1.8
03063 201501  2.422 -103.8224   37.8639     8.9    -6.9     1.0     0.3    12.4     9.1 C    10.0    -7.8    -0.3
03063 201502  2.422 -103.8224   37.8639    10.4    -7.6     1.4     0.9    34.7    13.5 C    13.7    -8.3     1.1
03063 201503  2.422 -103.8224   37.8639    17.0    -2.7     7.1     7.1    10.0    18.1 C    22.7    -3.4     7.6
03063 201504  2.422 -103.8224   37.8639    21.5     1.4    11.5    11.7    22.9    20.7 C    35.0    -0.1    13.9
03063 201505  2.422 -103.8224   37.8639    21.2     6.7    13.9    13.8   166.4    20.1 C    32.8     6.4    16.1
03063 201506  2.422 -103.8224   37.8639    31.4    13.0    22.2    22.3    25.8    25.9 C    43.4    12.3    24.9
03063 201507  2.422 -103.8224   37.8639    33.8    15.3    24.6    24.7    27.9    23.2 C    52.0    14.3    28.8
03063 201508  2.422 -103.8224   37.8639    34.7    14.4    24.6    24.5    28.4    22.7 C    51.5    13.5    28.1
03063 201509  2.422 -103.8224   37.8639    31.9    11.0    21.5    21.8    98.7    19.1 C    47.9     9.1    24.3
03063 201510  2.422 -103.8224   37.8639    23.6     5.3    14.4    13.8    39.0    13.8 C    33.0     4.0    14.6
03063 201511  2.422 -103.8224   37.8639    14.5    -5.0     4.7     4.1    11.7    10.3 C    19.6    -6.5     3.3
03063 201512  2.422 -103.8224   37.8639     9.1    -7.9     0.6     0.5     9.0     7.7 C    11.8    -9.1    -0.7
03063 201601  2.422 -103.8224   37.8639     9.8   -10.6    -0.4    -0.9     4.8     9.0 C    16.3   -11.9    -1.4
03063 201602  2.422 -103.8224   37.8639    14.0    -7.4     3.3     3.2    12.3    13.4 C    22.8    -9.5     3.3
03063 201603  2.422 -103.8224   37.8639    17.3    -5.5     5.9     6.6    13.4    16.4 C    29.7    -7.2     7.8
03063 201604  2.422 -103.8224   37.8639    19.6    -0.3     9.6    10.3    78.1    20.5 C    34.2    -1.8    12.6
03063 201605  2.422 -103.8224   37.8639    24.0     4.1    14.1    14.5    77.0    23.6 C    38.8     3.2    17.5
03063 201606  2.422 -103.8224   37.8639    33.8    12.9    23.3    23.6    39.3    27.1 C    50.7    12.2    27.5
03063 201607  2.422 -103.8224   37.8639    36.8    15.3    26.1    26.5    28.1    25.9 C    57.3    14.2    30.9
03063 201608  2.422 -103.8224   37.8639    32.1    14.1    23.1    23.0    50.8    21.7 C    51.4    13.1    27.0
03063 201609  2.422 -103.8224   37.8639    30.8     9.4    20.1    20.4    12.0    19.6 C    47.1     8.3    22.8
03063 201610  2.422 -103.8224   37.8639    26.6     2.9    14.7    15.1     0.0    15.4 C    39.1     0.9    15.8
03063 201611  2.422 -103.8224   37.8639    17.9    -3.7     7.1     6.5    25.5    11.3 C    25.3    -4.9     6.1
03063 201612  2.422 -103.8224   37.8639     6.4   -12.7    -3.1    -3.2    21.0     9.6 C     7.8   -13.7    -4.8
03063 201701  2.422 -103.8224   37.8639     5.9    -9.2    -1.6    -1.4    38.9     9.4 C     8.0   -10.1    -2.6
03063 201702  2.422 -103.8224   37.8639    15.8    -5.4     5.2     5.4     5.2    13.2 C    26.3    -7.3     5.3
03063 201703  2.422 -103.8224   37.8639    20.5    -2.9     8.8     9.0    24.4    17.1 U -9999.0 -9999.0 -9999.0
03063 201704  2.422 -103.8224   37.8639    19.6     1.8    10.7    11.0   104.2    20.8 U -9999.0 -9999.0 -9999.0
03063 201705  2.422 -103.8224   37.8639    23.4     5.2    14.3    14.5    96.2    23.8 C    36.6     3.6    16.4
03063 201706  2.422 -103.8224   37.8639    31.8    11.0    21.4    22.0     9.2    26.7 C    46.3    10.7    25.5
03063 201707  2.422 -103.8224   37.8639    33.3    15.0    24.1    24.0   126.4    24.7 C    35.2    14.3    24.1
