03062 200408  1.201 -106.5214   35.8584    20.7     5.8    13.2    13.2    47.9    21.3 R -9999.0 -9999.0    17.2
03062 200409  1.201 -106.5214   35.8584 -9999.0 -9999.0 -9999.0 -9999.0    58.8    18.7 R -9999.0 -9999.0    13.4
03062 200410  1.201 -106.5214   35.8584    10.9    -2.4     4.3     4.2    82.6    13.4 R -9999.0 -9999.0     5.4
03062 200411  1.201 -106.5214   35.8584     4.4    -7.5    -1.5    -1.5    49.8     9.8 R -9999.0 -9999.0    -1.6
03062 200412  1.201 -106.5214   35.8584     2.1   -14.8    -6.4    -5.7    47.1    10.8 R -9999.0 -9999.0    -9.9
03062 200501  1.201 -106.5214   35.8584     2.6    -9.4    -3.4    -3.4    81.4    10.0 R -9999.0 -9999.0    -5.9
03062 200502  1.201 -106.5214   35.8584     1.2    -9.2    -4.0    -3.5   105.6    12.0 R -9999.0 -9999.0    -5.7
03062 200503  1.201 -106.5214   35.8584     3.0    -9.5    -3.3    -2.3    90.2    16.7 R -9999.0 -9999.0    -5.4
03062 200504  1.201 -106.5214   35.8584     9.5    -4.1     2.7     2.9    65.0    23.4 R -9999.0 -9999.0     0.7
03062 200505  1.201 -106.5214   35.8584    16.3     1.2     8.7     9.2    20.7    25.3 R -9999.0 -9999.0    12.7
03062 200506  1.201 -106.5214   35.8584    20.8     3.8    12.3    13.4     8.1    28.3 R -9999.0 -9999.0    18.2
03062 200507  1.201 -106.5214   35.8584    25.3     6.4    15.8    16.3    12.7    24.8 R -9999.0 -9999.0    20.4
03062 200508  1.201 -106.5214   35.8584    21.0     5.9    13.5    13.2    68.4    19.5 R -9999.0 -9999.0    15.4
03062 200509  1.201 -106.5214   35.8584    19.4     3.6    11.5    11.4    71.1    19.0 R -9999.0 -9999.0    12.6
03062 200510  1.201 -106.5214   35.8584    12.8    -2.6     5.1     4.9    45.8    16.2 R -9999.0 -9999.0     5.4
03062 200511  1.201 -106.5214   35.8584     9.1    -7.4     0.9     0.9     5.0    13.7 R -9999.0 -9999.0    -0.4
03062 200512  1.201 -106.5214   35.8584     4.8   -10.8    -3.0    -2.4     6.1    11.5 R -9999.0 -9999.0    -4.5
03062 200601  1.201 -106.5214   35.8584     4.2   -11.5    -3.7    -3.1    15.1    12.6 R -9999.0 -9999.0    -5.5
03062 200602  1.201 -106.5214   35.8584     6.0   -11.4    -2.7    -1.9     5.4    17.1 R -9999.0 -9999.0    -2.4
03062 200603  1.201 -106.5214   35.8584     5.4    -6.3    -0.4    -0.2    53.1    18.1 R -9999.0 -9999.0    -0.7
03062 200604  1.201 -106.5214   35.8584    13.2    -3.2     5.0     5.7    29.8    24.9 R -9999.0 -9999.0     7.6
03062 200605  1.301 -106.5214   35.8584    18.6     0.4     9.5    10.8     4.4    26.0 R -9999.0 -9999.0    14.5
03062 200606  1.301 -106.5214   35.8584    23.5     4.4    13.9    14.6    34.5    24.9 R    49.7     1.5    18.8
03062 200607  1.301 -106.5214   35.8584    22.1     7.7    14.9    14.6   206.2    20.4 R    34.5     6.9    16.5
03062 200608  1.301 -106.5214   35.8584    19.2     7.7    13.4    12.8   187.3    16.8 R    26.9     6.8    13.8
03062 200609  1.301 -106.5214   35.8584    15.3     0.7     8.0     7.9    47.6    19.2 R    23.2    -0.9     8.1
03062 200610  1.301 -106.5214   35.8584    11.9    -2.6     4.6     4.7    70.3    16.1 R    18.7    -5.3     3.9
03062 200611  1.301 -106.5214   35.8584     8.6    -7.7     0.5     0.5    12.3    13.5 R    13.5   -10.7    -1.4
03062 200612  1.301 -106.5214   35.8584     2.7   -12.5    -4.9    -4.5    77.8    10.2 R     1.7   -16.9    -8.3
03062 200701  1.301 -106.5214   35.8584     0.0   -15.3    -7.7    -7.3    54.0    12.0 R    -2.9   -20.6   -11.9
03062 200702  1.301 -106.5214   35.8584     2.4   -11.5    -4.5    -3.6    30.2    15.4 R    -0.3   -18.0    -8.7
03062 200703  1.301 -106.5214   35.8584     8.1    -7.1     0.5     0.7    30.4    20.8 R     8.6   -11.9    -2.8
03062 200704  1.301 -106.5214   35.8584    11.0    -3.7     3.6     4.1    42.1    22.9 R    26.2    -7.1     5.2
03062 200705  1.301 -106.5214   35.8584    14.8     0.2     7.5     7.6    88.0    23.1 R    30.0    -1.5     9.4
03062 200706  1.302 -106.5214   35.8584    21.4     3.0    12.2    12.9    26.8    26.2 R    36.8     0.2    14.2
03062 200707  1.302 -106.5214   35.8584    22.9     6.7    14.8    14.6    95.0    21.2 R    38.8     4.8    16.6
03062 200708  1.302 -106.5214   35.8584    22.7     6.9    14.8    14.5   106.7    21.9 R    33.1     4.9    15.7
03062 200709  1.302 -106.5214   35.8584    18.7     3.0    10.8    10.7    85.8    18.5 R    28.1     0.8    11.2
03062 200710  1.302 -106.5214   35.8584    14.8    -4.0     5.4     5.5    15.2    18.0 R    24.4    -7.3     5.0
03062 200711  1.302 -106.5214   35.8584    10.5    -8.9     0.8     1.0    45.8    13.2 R    17.2   -13.6    -1.6
03062 200712  1.302 -106.5214   35.8584     0.1   -13.5    -6.7    -5.9   115.9     9.9 R    -0.6   -18.7    -9.6
03062 200801  1.302 -106.5214   35.8584    -1.8   -16.5    -9.1    -8.3    95.3    11.2 R    -3.4   -22.2   -12.7
03062 200802  1.302 -106.5214   35.8584     2.1   -10.9    -4.4    -3.6    72.2    15.0 R     0.7   -16.9    -7.7
03062 200803  1.302 -106.5214   35.8584     5.4    -8.5    -1.6    -0.8     6.7    21.3 R     2.1   -14.0    -5.3
03062 200804  1.302 -106.5214   35.8584    10.7    -4.7     3.0     3.8    11.0    25.9 R    32.0    -9.4     5.6
03062 200805  1.302 -106.5214   35.8584    14.8    -0.7     7.0     7.8    61.4    26.4 R    34.8    -4.2    10.4
03062 200806  1.302 -106.5214   35.8584    21.8     2.8    12.3    13.4     8.0    28.4 R    44.3    -1.0    16.2
03062 200807  1.302 -106.5214   35.8584    21.7     6.6    14.2    13.9    88.8    20.7 R    38.1     5.0    16.0
03062 200808  1.302 -106.5214   35.8584    21.3     6.0    13.6    13.6   144.5    21.0 R    35.5     4.1    15.1
03062 200809  1.302 -106.5214   35.8584    18.1     0.7     9.4     9.4     8.7    19.4 R    31.2    -1.7     9.9
03062 200810  1.302 -106.5214   35.8584    14.2    -4.1     5.0     5.0    68.9    16.1 R    26.1    -7.2     4.5
03062 200811  1.302 -106.5214   35.8584     8.7    -8.4     0.1    -0.1    24.5    12.6 R    16.4   -12.2    -1.8
03062 200812  1.302 -106.5214   35.8584     2.4   -10.1    -3.9    -3.6   128.0     8.9 R     0.9   -15.2    -7.7
03062 200901  1.302 -106.5214   35.8584     3.4   -13.2    -4.9    -4.3    23.5    12.7 R     2.7   -18.2    -9.8
03062 200902  1.302 -106.5214   35.8584     3.9   -10.6    -3.4    -2.8    15.1    15.9 R     2.9   -17.0    -8.4
03062 200903  1.302 -106.5214   35.8584     6.8    -6.1     0.3     0.6    33.0    19.0 R     9.9   -10.3    -1.8
03062 200904  1.302 -106.5214   35.8584    10.1    -5.5     2.3     2.9    61.4    23.5 R    30.5    -9.5     4.9
03062 200905  1.302 -106.5214   35.8584    17.4     1.1     9.2     9.9    58.9    24.3 R    39.3    -1.6    12.6
03062 200906  1.302 -106.5214   35.8584    18.6     2.9    10.7    11.5    69.8    23.6 R    36.0     1.3    13.7
03062 200907  1.302 -106.5214   35.8584    22.9     6.7    14.8    14.8    84.5    22.4 R    37.9     4.6    16.3
03062 200908  1.302 -106.5214   35.8584    22.0     4.0    13.0    13.2    67.0    22.6 R    34.3     1.7    13.8
03062 200909  1.302 -106.5214   35.8584    17.2     1.2     9.2     8.8    98.5    16.1 R    28.3    -0.2     9.6
03062 200910  1.302 -106.5214   35.8584    11.0    -3.7     3.7     3.9    45.2    16.3 R    22.2    -7.1     3.8
03062 200911  2.402 -106.5214   35.8584     9.5    -9.4     0.1    -0.3    22.2    13.1 R    17.3   -12.5    -2.6
03062 200912  2.402 -106.5214   35.8584    -0.9   -15.3    -8.1    -7.7    57.1     9.3 R     1.1   -20.6   -11.5
03062 201001  2.402 -106.5214   35.8584     1.3   -15.8    -7.3    -6.6    94.0    10.5 R     0.2   -20.9   -11.4
03062 201002  2.402 -106.5214   35.8584    -0.1   -13.8    -6.9    -6.2    69.1    12.9 R     0.6   -20.1   -10.3
03062 201003  2.402 -106.5214   35.8584     4.3   -10.8    -3.2    -2.3    55.6    18.4 R     3.2   -15.7    -6.5
03062 201004  2.402 -106.5214   35.8584    10.0    -4.4     2.8     3.0    42.1    22.2 R    18.4    -7.7     1.5
03062 201005  2.402 -106.5214   35.8584    15.5    -0.7     7.4     8.4    22.3    27.8 R    41.4    -3.8    11.5
03062 201006  2.402 -106.5214   35.8584    22.8     3.7    13.2    14.4    21.0    28.2 R    51.0     0.6    18.1
03062 201007  2.402 -106.5214   35.8584    22.4     8.0    15.2    15.0   124.3    20.5 R    42.6     6.4    17.1
03062 201008  2.402 -106.5214   35.8584    21.9     5.8    13.8    13.8    56.3    22.1 R    38.2     4.1    14.9
03062 201009  2.402 -106.5214   35.8584    21.5     1.9    11.7    12.2    33.6    20.9 R    40.7    -1.0    12.9
03062 201010  2.402 -106.5214   35.8584    14.1    -2.9     5.6     5.5    60.9    15.0 R    30.9    -5.3     5.5
03062 201011  2.402 -106.5214   35.8584     6.5   -10.7    -2.1    -1.6     4.5    13.1 R    20.2   -13.9    -2.8
03062 201012  2.402 -106.5214   35.8584     4.9    -8.5    -1.8    -1.3    81.2     9.0 R    17.7   -12.5    -4.2
03062 201101  2.402 -106.5214   35.8584     1.6   -14.8    -6.6    -6.3     5.6    12.5 R     9.1   -20.6   -12.0
03062 201102  2.402 -106.5214   35.8584     1.4   -13.1    -5.8    -5.0    20.4    15.3 R     9.5   -18.9    -9.8
03062 201103  2.402 -106.5214   35.8584     9.1    -5.4     1.8     2.7    18.3    20.4 R    26.8   -10.0     0.9
03062 201104  2.402 -106.5214   35.8584    12.2    -3.1     4.5     5.4    41.8    24.0 R    40.3    -6.8     7.8
03062 201105  2.402 -106.5214   35.8584    14.2    -1.8     6.2     7.4    21.7    26.7 R    35.9    -5.5    10.1
03062 201106  2.402 -106.5214   35.8584    23.6     5.3    14.5    16.1     2.9    29.4 R    50.1     0.7    19.8
03062 201107  2.402 -106.5214   35.8584    24.7     7.5    16.1    16.1    96.3    20.4 R    47.4     5.5    18.7
03062 201108  2.402 -106.5214   35.8584    22.9     8.1    15.5    14.8   154.0    18.6 R    34.2     6.6    15.6
03062 201109  2.402 -106.5214   35.8584    17.9     2.6    10.3    10.2    59.8    17.3 R    26.8     1.2    10.2
03062 201110  2.402 -106.5214   35.8584    13.1    -2.9     5.1     5.3    81.9    15.6 R    22.3    -5.2     4.6
03062 201111  2.402 -106.5214   35.8584     6.8    -7.7    -0.4    -0.5    51.0    11.7 R    11.5   -10.3    -2.2
03062 201112  2.402 -106.5214   35.8584     0.3   -15.8    -7.7    -6.6    64.7    10.0 R    -2.2   -20.2   -11.4
03062 201201  2.402 -106.5214   35.8584     3.4   -12.8    -4.7    -3.7    37.1    12.2 R     0.3   -18.0    -9.4
03062 201202  2.402 -106.5214   35.8584     0.9   -12.8    -6.0    -4.6    43.9    14.7 R     0.8   -17.7    -8.4
03062 201203  2.402 -106.5214   35.8584     8.2    -7.3     0.4     1.1    35.9    20.8 R     9.5   -12.3    -2.5
03062 201204  2.412 -106.5214   35.8584    13.6    -2.5     5.6     6.2    30.7    22.4 R    35.5    -5.3     8.5
03062 201205  2.412 -106.5214   35.8584    17.4     0.9     9.2    10.3    30.2    27.0 C    36.2    -1.6    13.4
03062 201206  2.412 -106.5214   35.8584    24.8     5.3    15.1    16.5     4.2    28.7 C    48.4     1.9    20.6
03062 201207  2.412 -106.5214   35.8584    23.2     7.2    15.2    14.8   117.8    21.3 C    40.5     6.3    17.8
03062 201208  2.412 -106.5214   35.8584    23.3     7.2    15.2    15.0    47.5    20.9 C    38.9     5.3    17.1
03062 201209  2.412 -106.5214   35.8584    20.4     2.3    11.3    11.4    18.8    18.1 C    37.4    -0.6    13.1
03062 201210  2.412 -106.5214   35.8584    15.6    -2.7     6.5     7.1     9.6    17.9 C    30.4    -6.9     7.3
03062 201211  2.412 -106.5214   35.8584    10.7    -9.5     0.6     0.4    12.3    13.0 C    19.2   -12.9    -1.2
03062 201212  2.412 -106.5214   35.8584     2.0   -14.3    -6.2    -5.3    57.6     9.6 C     4.4   -19.2    -8.7
03062 201301  2.412 -106.5214   35.8584     0.0   -18.8    -9.4    -8.8    39.3    11.8 C    -3.0   -23.6   -13.7
03062 201302  2.412 -106.5214   35.8584     0.7   -14.8    -7.0    -6.0    47.1    15.2 C    -0.6   -20.4   -10.6
03062 201303  2.412 -106.5214   35.8584     7.8    -6.8     0.5     1.2    20.5    20.0 C    10.1   -11.1    -1.3
03062 201304  2.412 -106.5214   35.8584    11.9    -4.2     3.9     4.7    29.5    22.6 C    30.5    -7.3     7.0
03062 201305  2.412 -106.5214   35.8584    16.5    -0.6     7.9     9.0     3.7    25.9 C    41.5    -4.5    13.5
03062 201306  2.412 -106.5214   35.8584    24.6     4.9    14.7 -9999.0     8.4    25.3 C    49.2     1.0    19.9
03062 201307  2.412 -106.5214   35.8584    22.5     8.1    15.3    14.8   110.8    19.1 C    39.1     7.3    17.7
03062 201308  2.412 -106.5214   35.8584    21.6     6.7    14.1    14.0    67.5    19.0 C    34.7     5.7    15.8
03062 201309  2.422 -106.5214   35.8584    18.1     4.2    11.1    11.2   222.8    16.9 C    27.0     2.9    11.9
03062 201310  2.422 -106.5214   35.8584    11.6    -4.1     3.8     4.1    44.0    16.9 C    22.3    -7.5     3.4
03062 201311  2.422 -106.5214   35.8584     6.1    -8.3    -1.1    -1.0    59.0    10.6 C     8.0   -11.3    -3.6
03062 201312  2.422 -106.5214   35.8584     2.6   -12.2    -4.8    -4.5     7.4    10.1 C    -1.6   -18.7   -10.4
03062 201401  2.422 -106.5214   35.8584     5.2   -11.2    -3.0    -2.4     1.5    11.3 C     7.4   -14.7    -5.8
03062 201402  2.422 -106.5214   35.8584     5.4    -6.4    -0.5     0.2    14.7    14.0 C    12.5   -10.6    -1.9
03062 201403  2.422 -106.5214   35.8584     7.6    -6.5     0.6     1.2    41.8    18.7 C    18.4   -10.2     0.9
03062 201404  2.422 -106.5214   35.8584    11.1    -4.4     3.3     4.2    45.5    21.1 C    28.3    -8.7     5.0
03062 201405  2.422 -106.5214   35.8584    15.6    -1.0     7.3     8.5    26.5    23.1 C    35.7    -4.7    10.8
03062 201406  2.422 -106.5214   35.8584    22.9     4.7    13.8    15.4     5.3    28.3 C    48.3    -0.7    18.6
03062 201407  2.422 -106.5214   35.8584    23.0     8.0    15.5    15.1   134.1    20.7 C    41.0     6.1    17.6
03062 201408  2.422 -106.5214   35.8584 -9999.0 -9999.0 -9999.0 -9999.0 -9999.0 -9999.0 U -9999.0 -9999.0 -9999.0
03062 201409  2.422 -106.5214   35.8584    19.8     4.7    12.2    12.3    14.6    16.9 C    33.2     1.4    12.8
03062 201410  2.422 -106.5214   35.8584    15.8    -1.6     7.1     7.1    65.5    14.4 C    27.5    -5.7     6.0
03062 201411  2.422 -106.5214   35.8584     8.1    -7.0     0.5     0.7    32.1    11.1 C    15.3   -10.9    -1.4
03062 201412  2.422 -106.5214   35.8584     2.7   -10.2    -3.7    -3.6    50.6     8.1 C     2.9   -16.7    -7.7
03062 201501  2.422 -106.5214   35.8584     4.1   -10.5    -3.2    -2.8    49.0     9.8 C    -0.6   -17.4    -8.6
03062 201502  2.422 -106.5214   35.8584     5.9    -8.4    -1.2    -0.7    53.5    12.4 C     6.1   -12.0    -3.9
03062 201503  2.422 -106.5214   35.8584     9.5    -5.6     2.0     2.3    58.2    16.9 C    13.7   -10.0    -0.4
03062 201504  2.422 -106.5214   35.8584    11.7    -3.1     4.3     4.7    36.0    20.7 C    31.2    -7.2     6.7
03062 201505  2.422 -106.5214   35.8584    13.4    -0.6     6.4     6.7   113.7    21.0 C    32.5    -2.7     9.8
03062 201506  2.422 -106.5214   35.8584    21.8     5.4    13.6    14.2    44.1    22.9 C    38.1     3.0    16.1
03062 201507  2.422 -106.5214   35.8584    21.2     7.5    14.3    13.9   201.5    19.1 C    31.7     6.1    15.5
03062 201508  2.422 -106.5214   35.8584    22.3     6.9    14.6    14.6    65.6    20.2 C    32.2     4.5    15.0
03062 201509  2.422 -106.5214   35.8584    20.5     4.3    12.4    12.5    24.9    17.6 C    29.7     1.3    12.0
03062 201510  2.422 -106.5214   35.8584    14.3    -0.5     6.9     6.9    78.9    12.7 C    24.1    -3.0     6.7
03062 201511  2.422 -106.5214   35.8584     6.7    -8.2    -0.8    -0.6    53.8    11.6 C    10.4   -11.3    -2.7
03062 201512  2.422 -106.5214   35.8584     2.2   -11.3    -4.5    -4.1    68.7     9.0 C     2.4   -17.3    -8.0
03062 201601  2.422 -106.5214   35.8584     0.9   -13.5    -6.3    -5.7    32.5    10.7 C    -2.9   -21.3   -12.2
03062 201602  2.422 -106.5214   35.8584     5.7   -12.0    -3.2    -2.2    37.8    15.4 C    -0.9   -19.4    -9.7
03062 201603  2.422 -106.5214   35.8584     9.0    -5.6     1.7     2.5     4.1    19.6 C    19.3    -9.9     1.0
03062 201604  2.422 -106.5214   35.8584    10.3    -3.7     3.3     3.9    63.0    20.0 C    26.6    -7.7     5.0
03062 201605  2.422 -106.5214   35.8584    14.8    -0.5     7.2     7.9    28.6    23.8 C    34.8    -4.3    10.2
03062 201606  2.422 -106.5214   35.8584    23.5     5.2    14.3    15.0    31.1    25.4 C    41.1     2.0    16.7
03062 201607  2.422 -106.5214   35.8584    25.4     7.9    16.7    16.9    45.3    24.1 C    45.9     4.2    19.2
03062 201608  2.422 -106.5214   35.8584    19.9     5.7    12.8    12.2   104.0    18.1 C    32.7     4.1    13.5
03062 201609  2.422 -106.5214   35.8584    19.3     3.0    11.2    11.4    44.6    19.0 C    29.3     0.2    11.2
03062 201610  2.422 -106.5214   35.8584    16.7    -1.9     7.4     8.1    17.1    16.5 C    28.0    -6.2     6.6
03062 201611  2.422 -106.5214   35.8584     8.2    -7.0     0.6     0.6    72.9    10.8 C    13.9   -11.1    -1.4
03062 201612  2.422 -106.5214   35.8584     3.7    -9.5    -2.9    -2.4    64.8     8.6 C     0.9   -16.2    -7.6
03062 201701  2.422 -106.5214   35.8584     0.7    -9.7    -4.5    -3.9   102.3     9.2 C    -1.9   -16.5    -8.8
03062 201702  2.422 -106.5214   35.8584     4.8    -6.0    -0.6     0.0    25.6    13.1 C     0.0   -12.9    -5.6
03062 201703  2.422 -106.5214   35.8584    10.7    -5.3     2.7     3.3    39.9    19.1 C    11.1   -11.3    -1.6
03062 201704  2.422 -106.5214   35.8584    11.3    -3.7     3.8     4.7    50.2    22.1 C    26.3    -8.6     5.5
03062 201705  2.422 -106.5214   35.8584    15.8    -0.5     7.7     8.6    23.5    25.0 C    35.2    -4.3    10.8
03062 201706  2.422 -106.5214   35.8584    23.9     4.8    14.4    15.6    15.3    27.2 C    43.5     0.3    17.3
03062 201707  2.422 -106.5214   35.8584    23.1     7.6    15.3    15.3   151.1    19.2 C    40.3     5.0    16.8
