96404 201109  2.504 -141.2083   62.7370 -9999.0 -9999.0 -9999.0 -9999.0 -9999.0 -9999.0 U -9999.0 -9999.0 -9999.0
96404 201110  2.504 -141.2083   62.7370 -9999.0 -9999.0 -9999.0 -9999.0 -9999.0     3.8 R     2.7   -13.2    -5.7
96404 201111  2.504 -141.2083   62.7370   -18.2   -28.7   -23.5   -22.7    31.9     0.4 R   -17.4   -30.8   -24.1
96404 201112  2.504 -141.2083   62.7370 -9999.0 -9999.0 -9999.0 -9999.0 -9999.0     0.0 R    -8.4   -24.9   -16.9
96404 201201  2.504 -141.2083   62.7370   -26.1   -36.4   -31.3   -31.1     4.5     0.1 R   -25.3   -36.3   -31.1
96404 201202  2.504 -141.2083   62.7370    -7.8   -22.6   -15.2   -14.8    10.1     2.5 R    -9.0   -23.3   -15.8
96404 201203  2.504 -141.2083   62.7370    -6.6   -23.7   -15.2   -14.3    22.1     8.7 R    -7.0   -24.4   -15.5
96404 201204  2.504 -141.2083   62.7370     9.0    -7.4     0.8     1.4    16.6    15.5 R    10.4    -7.1     0.2
96404 201205  2.504 -141.2083   62.7370    12.6    -3.1     4.7     5.7    48.3    17.5 R    25.0    -2.9     7.2
96404 201206  2.504 -141.2083   62.7370    19.4     3.6    11.5    12.2    60.2    18.4 R    38.6     2.3    15.4
96404 201207  2.504 -141.2083   62.7370    20.7     4.5    12.6    13.3    52.5    18.6 R    41.5     2.7    16.8
96404 201208  2.514 -141.2083   62.7370    19.7     2.0    10.9    11.3    29.5    14.6 U -9999.0 -9999.0 -9999.0
96404 201209  2.514 -141.2083   62.7370    13.7    -0.9     6.4     7.1    20.6     8.3 C    24.5    -4.9     6.4
96404 201210  2.514 -141.2083   62.7370 -9999.0 -9999.0 -9999.0 -9999.0 -9999.0 -9999.0 U -9999.0 -9999.0 -9999.0
96404 201211  2.514 -141.2083   62.7370 -9999.0 -9999.0 -9999.0 -9999.0 -9999.0 -9999.0 U -9999.0 -9999.0 -9999.0
96404 201212 -9.000 -141.2083   62.7370 -9999.0 -9999.0 -9999.0 -9999.0 -9999.0 -9999.0 U -9999.0 -9999.0 -9999.0
96404 201301 -9.000 -141.2083   62.7370 -9999.0 -9999.0 -9999.0 -9999.0 -9999.0 -9999.0 U -9999.0 -9999.0 -9999.0
96404 201302 -9.000 -141.2083   62.7370 -9999.0 -9999.0 -9999.0 -9999.0 -9999.0 -9999.0 U -9999.0 -9999.0 -9999.0
96404 201303 -9.000 -141.2083   62.7370 -9999.0 -9999.0 -9999.0 -9999.0 -9999.0 -9999.0 U -9999.0 -9999.0 -9999.0
96404 201304  2.514 -141.2083   62.7370    -1.7   -21.6   -11.6   -10.0 -9999.0    16.9 C    -3.9   -23.4   -12.7
96404 201305  2.514 -141.2083   62.7370    12.4    -3.7     4.3     5.3    36.5    17.9 C    18.3    -4.8     5.1
96404 201306  2.514 -141.2083   62.7370    23.3     4.2    13.7    14.9    40.7    21.3 C    43.6     1.1    18.7
96404 201307  2.514 -141.2083   62.7370    21.9     6.0    13.9    14.6    48.5    16.8 C    42.5     3.0    18.4
96404 201308  2.514 -141.2083   62.7370    20.9     4.1    12.5    12.8    56.8    13.8 C    39.5     0.8    15.7
96404 201309  2.514 -141.2083   62.7370    10.0    -1.1     4.4     4.3    39.5     6.1 C    17.3    -3.3     4.5
96404 201310  2.514 -141.2083   62.7370     5.2    -5.5    -0.1    -0.2    14.8     3.3 C     3.7    -6.7    -2.3
96404 201311  2.514 -141.2083   62.7370   -12.6   -21.4   -17.0   -16.7    14.0     0.3 C   -12.8   -24.1   -18.3
96404 201312  2.514 -141.2083   62.7370   -19.2   -29.2   -24.2   -23.4    32.0     0.0 C   -18.9   -32.1   -25.0
96404 201401  2.514 -141.2083   62.7370   -10.3   -20.3   -15.3   -15.0    19.9     0.2 C   -11.6   -23.1   -16.9
96404 201402  2.514 -141.2083   62.7370   -16.8   -31.5   -24.2   -24.4    11.9     2.7 C   -19.2   -34.5   -27.6
96404 201403  2.514 -141.2083   62.7370    -2.8   -23.9   -13.3   -12.7     2.2    10.5 C    -6.8   -27.1   -17.4
96404 201404  2.514 -141.2083   62.7370     6.9   -10.2    -1.7    -0.9    10.2    15.3 C     7.4   -11.5    -3.1
96404 201405  2.514 -141.2083   62.7370    16.5    -1.7     7.4     8.6    26.1    19.0 C    30.6    -2.5    11.1
96404 201406  2.514 -141.2083   62.7370    18.3     1.3     9.8    11.1    52.8    18.1 C    37.5    -0.3    14.9
96404 201407  2.514 -141.2083   62.7370    20.4     4.8    12.6    13.5    91.3    16.2 C    37.8     3.0    16.8
96404 201408  2.514 -141.2083   62.7370    19.9     2.5    11.2    11.8    27.2    14.4 C    39.4     0.0    14.7
96404 201409  2.514 -141.2083   62.7370    12.0    -2.2     4.9     4.8    60.2     8.8 C    20.6    -4.0     5.3
96404 201410  2.514 -141.2083   62.7370    -0.9    -9.9    -5.4    -5.2    13.7     2.8 C     0.5   -10.1    -5.2
96404 201411  2.514 -141.2083   62.7370   -12.5   -20.9   -16.7   -16.6     6.0     0.1 C   -13.1   -22.5   -17.7
96404 201412  2.514 -141.2083   62.7370 -9999.0 -9999.0 -9999.0 -9999.0 -9999.0 -9999.0 U -9999.0 -9999.0 -9999.0
96404 201501  2.514 -141.2083   62.7370 -9999.0 -9999.0 -9999.0 -9999.0 -9999.0 -9999.0 U -9999.0 -9999.0 -9999.0
96404 201502  2.514 -141.2083   62.7370 -9999.0 -9999.0 -9999.0 -9999.0 -9999.0 -9999.0 U -9999.0 -9999.0 -9999.0
96404 201503  2.514 -141.2083   62.7370 -9999.0 -9999.0 -9999.0 -9999.0    15.3     9.0 C    -5.0   -21.6   -13.3
96404 201504  2.514 -141.2083   62.7370     8.4    -6.3     1.0     1.4    19.0    13.8 C    14.3    -5.3     2.1
96404 201505  2.514 -141.2083   62.7370    20.3    -1.0     9.7    11.1    11.5    20.8 C    34.1    -1.6    12.9
96404 201506  2.514 -141.2083   62.7370    21.0     2.8    11.9    13.0    37.9    19.3 C    41.0     0.3    16.4
96404 201507  2.514 -141.2083   62.7370    20.8     5.2    13.0    13.7   116.5    15.9 C    37.5     3.0    16.0
96404 201508  2.514 -141.2083   62.7370    16.4     2.4     9.4    10.0    82.2    12.3 C    28.3     1.2    12.1
96404 201509  2.514 -141.2083   62.7370    11.1    -2.3     4.4     4.3     9.1     8.7 C    22.1    -4.1     5.3
96404 201510  2.514 -141.2083   62.7370     2.4    -6.5    -2.0    -1.9    13.2     3.4 C     5.1    -6.5    -2.1
96404 201511  2.514 -141.2083   62.7370   -10.4   -21.1   -15.7   -15.0    19.8     0.2 C   -11.4   -24.7   -17.3
96404 201512  2.514 -141.2083   62.7370   -17.7   -27.1   -22.4   -22.0     7.8     0.0 C   -18.1   -29.0   -23.1
96404 201601  2.514 -141.2083   62.7370   -11.9   -21.0   -16.5   -16.0     4.8     0.1 C   -13.1   -22.4   -17.5
96404 201602  2.514 -141.2083   62.7370    -9.1   -24.1   -16.6   -16.6     9.8     2.1 C   -11.6   -26.6   -19.3
96404 201603  2.514 -141.2083   62.7370     1.6   -16.0    -7.2    -7.0     5.9     8.5 C    -3.2   -18.2   -10.7
96404 201604  2.514 -141.2083   62.7370    11.3    -4.3     3.5     3.8    19.4    13.5 C    18.8    -3.1     4.5
96404 201605  2.514 -141.2083   62.7370    16.8    -1.0     7.9     8.9    59.0    17.3 C    29.0    -1.5    10.5
96404 201606  2.514 -141.2083   62.7370    20.7     4.0    12.4    13.4    73.2    20.5 C    39.1     2.2    16.9
96404 201607  2.514 -141.2083   62.7370    21.1     8.1    14.6    14.4   130.8    15.4 C    34.1     7.3    17.1
96404 201608  2.514 -141.2083   62.7370    21.2     3.5    12.3    12.8    30.3    14.3 C    37.8     1.8    15.2
96404 201609  2.514 -141.2083   62.7370    14.0    -2.0     6.0     5.8    14.9     9.3 C    24.4    -4.4     6.1
96404 201610  2.514 -141.2083   62.7370    -0.4   -15.6    -8.0    -8.0     3.4     4.6 C     3.2   -16.2    -8.7
96404 201611  2.514 -141.2083   62.7370 -9999.0 -9999.0 -9999.0 -9999.0 -9999.0 -9999.0 U -9999.0 -9999.0 -9999.0
96404 201612 -9.000 -141.2083   62.7370 -9999.0 -9999.0 -9999.0 -9999.0 -9999.0 -9999.0 U -9999.0 -9999.0 -9999.0
96404 201701 -9.000 -141.2083   62.7370 -9999.0 -9999.0 -9999.0 -9999.0 -9999.0 -9999.0 U -9999.0 -9999.0 -9999.0
96404 201702 -9.000 -141.2083   62.7370 -9999.0 -9999.0 -9999.0 -9999.0 -9999.0 -9999.0 U -9999.0 -9999.0 -9999.0
96404 201703 -9.000 -141.2083   62.7370 -9999.0 -9999.0 -9999.0 -9999.0 -9999.0 -9999.0 U -9999.0 -9999.0 -9999.0
96404 201704  2.514 -141.2083   62.7370 -9999.0 -9999.0 -9999.0 -9999.0 -9999.0 -9999.0 U -9999.0 -9999.0 -9999.0
96404 201705  2.514 -141.2083   62.7370    15.5    -2.0     6.8     7.7    26.9    17.9 C    29.7    -2.0     9.9
96404 201706  2.514 -141.2083   62.7370    20.6     3.7    12.1    12.8   126.1    17.2 C    32.4     2.8    14.9
96404 201707  2.514 -141.2083   62.7370    22.5     6.6    14.5    14.9    89.8    16.5 C    35.1     5.2    17.2
