03092 201005  6.101 -103.9818   36.7779 -9999.0 -9999.0 -9999.0 -9999.0 -9999.0 -9999.0 U -9999.0 -9999.0 -9999.0
03092 201006  6.101 -103.9818   36.7779    26.3    12.4    19.3    19.2    16.0 -9999.0 U -9999.0 -9999.0 -9999.0
03092 201007  6.101 -103.9818   36.7779    25.9    13.3    19.6    19.0   165.1 -9999.0 U -9999.0 -9999.0 -9999.0
03092 201008  6.101 -103.9818   36.7779    26.8    13.1    19.9    19.5    42.3 -9999.0 U -9999.0 -9999.0 -9999.0
03092 201009  6.101 -103.9818   36.7779    25.4    10.5    18.0    17.8    23.0 -9999.0 U -9999.0 -9999.0 -9999.0
03092 201010  6.101 -103.9818   36.7779    17.6     4.6    11.1    10.7    26.8 -9999.0 U -9999.0 -9999.0 -9999.0
03092 201011  6.101 -103.9818   36.7779     9.7    -3.6     3.1     3.0     0.7 -9999.0 U -9999.0 -9999.0 -9999.0
03092 201012  6.101 -103.9818   36.7779     7.7    -3.8     2.0     1.9    10.8 -9999.0 U -9999.0 -9999.0 -9999.0
03092 201101  6.101 -103.9818   36.7779     6.0    -8.3    -1.2    -1.1     3.6 -9999.0 U -9999.0 -9999.0 -9999.0
03092 201102  6.101 -103.9818   36.7779     5.1    -7.9    -1.4    -1.7     7.2 -9999.0 U -9999.0 -9999.0 -9999.0
03092 201103  6.101 -103.9818   36.7779    13.2    -1.4     5.9     5.8    10.3 -9999.0 U -9999.0 -9999.0 -9999.0
03092 201104  6.101 -103.9818   36.7779    16.5     0.7     8.6     8.7     7.1 -9999.0 U -9999.0 -9999.0 -9999.0
03092 201105  6.101 -103.9818   36.7779    19.4     4.3    11.8    12.0    11.8 -9999.0 U -9999.0 -9999.0 -9999.0
03092 201106  6.101 -103.9818   36.7779    28.3    12.4    20.4    20.5    14.9 -9999.0 U -9999.0 -9999.0 -9999.0
03092 201107  6.101 -103.9818   36.7779    29.6    15.1    22.4    21.6    90.9 -9999.0 U -9999.0 -9999.0 -9999.0
03092 201108  6.101 -103.9818   36.7779    27.9    14.6    21.3    20.7    76.4 -9999.0 U -9999.0 -9999.0 -9999.0
03092 201109  6.101 -103.9818   36.7779    21.7     9.0    15.3    15.0    19.5 -9999.0 U -9999.0 -9999.0 -9999.0
03092 201110  6.101 -103.9818   36.7779    17.1     3.2    10.1    10.0     4.1 -9999.0 U -9999.0 -9999.0 -9999.0
03092 201111  6.101 -103.9818   36.7779    10.7    -2.3     4.2     3.8    10.9 -9999.0 U -9999.0 -9999.0 -9999.0
03092 201112  6.101 -103.9818   36.7779     2.6    -7.4    -2.4    -2.5     6.8 -9999.0 U -9999.0 -9999.0 -9999.0
03092 201201  6.101 -103.9818   36.7779     7.4    -5.3     1.1     1.3     1.7 -9999.0 U -9999.0 -9999.0 -9999.0
03092 201202  6.101 -103.9818   36.7779     4.7    -6.7    -1.0    -1.3     5.8 -9999.0 U -9999.0 -9999.0 -9999.0
03092 201203  6.101 -103.9818   36.7779    13.7     0.2     7.0     7.1     9.7 -9999.0 U -9999.0 -9999.0 -9999.0
03092 201204  6.101 -103.9818   36.7779    17.2     2.9    10.0    10.0    23.9 -9999.0 U -9999.0 -9999.0 -9999.0
03092 201205  6.101 -103.9818   36.7779    21.1     6.6    13.9    14.0    40.7 -9999.0 U -9999.0 -9999.0 -9999.0
03092 201206  6.101 -103.9818   36.7779    28.1    13.0    20.5    20.4    26.4 -9999.0 U -9999.0 -9999.0 -9999.0
03092 201207  6.101 -103.9818   36.7779    29.0    14.6    21.8    21.3    16.3 -9999.0 U -9999.0 -9999.0 -9999.0
03092 201208  6.101 -103.9818   36.7779    27.3    13.1    20.2    19.6    35.4 -9999.0 U -9999.0 -9999.0 -9999.0
03092 201209  6.101 -103.9818   36.7779    22.8     9.0    15.9    15.8    25.5 -9999.0 U -9999.0 -9999.0 -9999.0
03092 201210  6.101 -103.9818   36.7779    17.1     2.3     9.7     9.6    10.3 -9999.0 U -9999.0 -9999.0 -9999.0
03092 201211  6.101 -103.9818   36.7779    13.8    -0.4     6.7     6.7     0.0 -9999.0 U -9999.0 -9999.0 -9999.0
03092 201212  6.101 -103.9818   36.7779     6.5    -6.7    -0.1    -0.4     7.7 -9999.0 U -9999.0 -9999.0 -9999.0
03092 201301  6.101 -103.9818   36.7779     4.2    -7.1    -1.5    -1.4     6.0 -9999.0 U -9999.0 -9999.0 -9999.0
03092 201302  6.101 -103.9818   36.7779     4.3    -7.0    -1.3    -1.6     8.2 -9999.0 U -9999.0 -9999.0 -9999.0
03092 201303  6.101 -103.9818   36.7779    10.9    -3.7     3.6     3.5     5.8 -9999.0 U -9999.0 -9999.0 -9999.0
03092 201304  6.101 -103.9818   36.7779    14.1    -2.0     6.0     5.8     4.8 -9999.0 U -9999.0 -9999.0 -9999.0
03092 201305  6.101 -103.9818   36.7779    19.5     5.6    12.6    12.4    39.3 -9999.0 U -9999.0 -9999.0 -9999.0
03092 201306  6.101 -103.9818   36.7779    27.4    12.6    20.0    19.5    58.8 -9999.0 U -9999.0 -9999.0 -9999.0
03092 201307  6.101 -103.9818   36.7779    25.9    13.0    19.5    18.8   104.6 -9999.0 U -9999.0 -9999.0 -9999.0
03092 201308  6.101 -103.9818   36.7779    26.0    13.0    19.5    19.1    68.9 -9999.0 U -9999.0 -9999.0 -9999.0
03092 201309  6.101 -103.9818   36.7779    22.6    10.4    16.5    16.1    90.1 -9999.0 U -9999.0 -9999.0 -9999.0
03092 201310  6.101 -103.9818   36.7779    15.1     1.8     8.4     8.3     7.6 -9999.0 U -9999.0 -9999.0 -9999.0
03092 201311  6.101 -103.9818   36.7779     9.2    -3.6     2.8     2.8     3.7 -9999.0 U -9999.0 -9999.0 -9999.0
03092 201312  6.101 -103.9818   36.7779     5.2    -7.0    -0.9    -1.1     1.5 -9999.0 U -9999.0 -9999.0 -9999.0
03092 201401  6.101 -103.9818   36.7779     6.7    -7.5    -0.4    -0.3     4.7 -9999.0 U -9999.0 -9999.0 -9999.0
03092 201402  6.101 -103.9818   36.7779     8.0    -6.7     0.7     0.4     6.3 -9999.0 U -9999.0 -9999.0 -9999.0
03092 201403  6.101 -103.9818   36.7779    11.3    -3.6     3.9     3.8    14.9 -9999.0 U -9999.0 -9999.0 -9999.0
03092 201404  6.101 -103.9818   36.7779    14.1    -0.2     6.9     6.8    21.4 -9999.0 U -9999.0 -9999.0 -9999.0
03092 201405  6.101 -103.9818   36.7779    19.7     5.2    12.5    12.3    11.3 -9999.0 U -9999.0 -9999.0 -9999.0
03092 201406  6.101 -103.9818   36.7779 -9999.0 -9999.0 -9999.0 -9999.0 -9999.0 -9999.0 U -9999.0 -9999.0 -9999.0
