53007 201006  6.101 -105.0879   39.0878 -9999.0 -9999.0 -9999.0 -9999.0 -9999.0 -9999.0 U -9999.0 -9999.0 -9999.0
53007 201007  6.101 -105.0879   39.0878    25.9     8.0    16.9    16.7   166.9 -9999.0 U -9999.0 -9999.0 -9999.0
53007 201008  6.101 -105.0879   39.0878    24.2     7.7    16.0    15.7   100.3 -9999.0 U -9999.0 -9999.0 -9999.0
53007 201009  6.101 -105.0879   39.0878    23.9     2.6    13.3    13.1     1.9 -9999.0 U -9999.0 -9999.0 -9999.0
53007 201010  6.101 -105.0879   39.0878    15.3    -1.8     6.8     6.4    22.1 -9999.0 U -9999.0 -9999.0 -9999.0
53007 201011  6.101 -105.0879   39.0878     7.7    -9.1    -0.7    -0.7     9.9 -9999.0 U -9999.0 -9999.0 -9999.0
53007 201012  6.101 -105.0879   39.0878     7.2    -8.5    -0.6    -1.0     4.2 -9999.0 U -9999.0 -9999.0 -9999.0
53007 201101  6.101 -105.0879   39.0878     3.8   -12.4    -4.3    -4.2     7.0 -9999.0 U -9999.0 -9999.0 -9999.0
53007 201102  6.101 -105.0879   39.0878     2.5   -13.6    -5.6    -4.8    10.1 -9999.0 U -9999.0 -9999.0 -9999.0
53007 201103  6.101 -105.0879   39.0878    10.5    -5.5     2.5     2.6     4.6 -9999.0 U -9999.0 -9999.0 -9999.0
53007 201104  6.101 -105.0879   39.0878    12.6    -4.7     4.0     4.3    12.4 -9999.0 U -9999.0 -9999.0 -9999.0
53007 201105  6.101 -105.0879   39.0878    15.4    -1.6     6.9     7.2    25.7 -9999.0 U -9999.0 -9999.0 -9999.0
53007 201106  6.101 -105.0879   39.0878    25.3     4.1    14.7    15.3    22.5 -9999.0 U -9999.0 -9999.0 -9999.0
53007 201107  6.101 -105.0879   39.0878    27.0     8.7    17.8    17.5    83.2 -9999.0 U -9999.0 -9999.0 -9999.0
53007 201108  6.101 -105.0879   39.0878    26.3     7.9    17.1    16.6    72.2 -9999.0 U -9999.0 -9999.0 -9999.0
53007 201109  6.101 -105.0879   39.0878    20.6     2.4    11.5    10.8    34.6 -9999.0 U -9999.0 -9999.0 -9999.0
53007 201110  6.101 -105.0879   39.0878    15.0    -3.0     6.0     5.4    26.7 -9999.0 U -9999.0 -9999.0 -9999.0
53007 201111  6.101 -105.0879   39.0878     8.5    -7.5     0.5     0.4     6.9 -9999.0 U -9999.0 -9999.0 -9999.0
53007 201112  6.101 -105.0879   39.0878     3.0   -13.3    -5.1    -5.6    13.9 -9999.0 U -9999.0 -9999.0 -9999.0
53007 201201  6.101 -105.0879   39.0878     6.5    -9.9    -1.7    -1.7     0.8 -9999.0 U -9999.0 -9999.0 -9999.0
53007 201202  6.101 -105.0879   39.0878     2.8   -12.3    -4.7    -4.6    14.7 -9999.0 U -9999.0 -9999.0 -9999.0
53007 201203  6.101 -105.0879   39.0878    12.6    -5.7     3.5     3.4     0.9 -9999.0 U -9999.0 -9999.0 -9999.0
53007 201204  6.101 -105.0879   39.0878    15.3    -2.5     6.4     6.4    29.7 -9999.0 U -9999.0 -9999.0 -9999.0
53007 201205  6.101 -105.0879   39.0878    18.8     0.0     9.4     9.7    31.6 -9999.0 U -9999.0 -9999.0 -9999.0
53007 201206  6.101 -105.0879   39.0878    27.5     6.0    16.8    17.7     9.0 -9999.0 U -9999.0 -9999.0 -9999.0
53007 201207  6.101 -105.0879   39.0878    26.8     8.7    17.8    17.6   119.8 -9999.0 U -9999.0 -9999.0 -9999.0
53007 201208  6.101 -105.0879   39.0878    25.5     6.9    16.2    15.9    33.5 -9999.0 U -9999.0 -9999.0 -9999.0
53007 201209  6.101 -105.0879   39.0878    21.0     2.1    11.5    11.1    53.8 -9999.0 U -9999.0 -9999.0 -9999.0
53007 201210  6.101 -105.0879   39.0878    15.4    -3.3     6.0     5.1    11.6 -9999.0 U -9999.0 -9999.0 -9999.0
53007 201211  6.101 -105.0879   39.0878    12.2    -6.4     2.9     2.3     0.6 -9999.0 U -9999.0 -9999.0 -9999.0
53007 201212  6.101 -105.0879   39.0878     3.7   -12.6    -4.4    -4.3     8.4 -9999.0 U -9999.0 -9999.0 -9999.0
53007 201301  6.101 -105.0879   39.0878     4.1   -13.7    -4.8    -5.2     1.5 -9999.0 U -9999.0 -9999.0 -9999.0
53007 201302  6.101 -105.0879   39.0878     3.2   -13.0    -4.9    -4.9    12.0 -9999.0 U -9999.0 -9999.0 -9999.0
53007 201303  6.101 -105.0879   39.0878     8.7    -9.3    -0.3    -0.3     7.2 -9999.0 U -9999.0 -9999.0 -9999.0
53007 201304  6.101 -105.0879   39.0878    10.1    -7.0     1.6     1.5     8.5 -9999.0 U -9999.0 -9999.0 -9999.0
53007 201305  6.101 -105.0879   39.0878    16.3    -1.5     7.4     7.6    36.2 -9999.0 U -9999.0 -9999.0 -9999.0
53007 201306  6.101 -105.0879   39.0878    26.1     4.2    15.2    15.9     5.8 -9999.0 U -9999.0 -9999.0 -9999.0
53007 201307  6.101 -105.0879   39.0878    25.1     7.8    16.5    16.3    84.6 -9999.0 U -9999.0 -9999.0 -9999.0
53007 201308  6.101 -105.0879   39.0878    25.3     7.5    16.4    15.8    41.0 -9999.0 U -9999.0 -9999.0 -9999.0
53007 201309  6.101 -105.0879   39.0878    21.8     5.7    13.7    13.2    95.7 -9999.0 U -9999.0 -9999.0 -9999.0
53007 201310  6.101 -105.0879   39.0878    13.5    -4.0     4.7     3.9     5.9 -9999.0 U -9999.0 -9999.0 -9999.0
53007 201311  6.101 -105.0879   39.0878     9.2    -7.3     1.0     0.5     3.8 -9999.0 U -9999.0 -9999.0 -9999.0
53007 201312  6.101 -105.0879   39.0878     3.7   -13.0    -4.7    -4.7     8.0 -9999.0 U -9999.0 -9999.0 -9999.0
53007 201401  6.101 -105.0879   39.0878     4.2   -12.0    -3.9    -3.7    21.3 -9999.0 U -9999.0 -9999.0 -9999.0
53007 201402  6.101 -105.0879   39.0878     4.5   -11.3    -3.4    -2.7     4.3 -9999.0 U -9999.0 -9999.0 -9999.0
53007 201403  6.101 -105.0879   39.0878     9.1    -7.5     0.8     0.7    15.9 -9999.0 U -9999.0 -9999.0 -9999.0
53007 201404  6.101 -105.0879   39.0878    11.8    -4.9     3.4     3.6    21.0 -9999.0 U -9999.0 -9999.0 -9999.0
53007 201405  6.101 -105.0879   39.0878    16.5    -0.8     7.9     7.9    39.9 -9999.0 U -9999.0 -9999.0 -9999.0
53007 201406  6.101 -105.0879   39.0878 -9999.0 -9999.0 -9999.0 -9999.0 -9999.0 -9999.0 U -9999.0 -9999.0 -9999.0
