63829 200208  1.001  -84.4465   31.1923 -9999.0 -9999.0 -9999.0 -9999.0 -9999.0 -9999.0 U -9999.0 -9999.0 -9999.0
63829 200209  1.001  -84.4465   31.1923    31.0    21.6    26.3    25.7   214.2    15.1 R -9999.0 -9999.0    26.9
63829 200210  1.001  -84.4465   31.1923    26.8    17.4    22.1    21.4    98.3    11.6 R -9999.0 -9999.0    22.6
63829 200211  1.001  -84.4465   31.1923    19.4     6.6    13.0    12.6   164.1    11.0 R -9999.0 -9999.0    13.5
63829 200212  1.001  -84.4465   31.1923    16.1     3.3     9.7     9.2   149.5     8.8 R -9999.0 -9999.0    10.1
63829 200301  1.001  -84.4465   31.1923    14.1     0.9     7.5     7.3     9.6    11.4 R -9999.0 -9999.0     8.2
63829 200302  1.001  -84.4465   31.1923    17.9     4.9    11.4    11.5   136.5    11.3 R -9999.0 -9999.0    12.6
63829 200303  1.001  -84.4465   31.1923    22.2    11.9    17.0    16.7   239.4    13.2 R -9999.0 -9999.0    17.9
63829 200304  1.001  -84.4465   31.1923    25.6    12.7    19.1    19.0   142.5    18.6 R -9999.0 -9999.0    21.0
63829 200305  1.001  -84.4465   31.1923    30.0    18.1    24.1    23.7    58.3    19.8 R -9999.0 -9999.0    27.4
63829 200306  1.001  -84.4465   31.1923    30.8    21.1    25.9    25.4   120.4    19.0 R -9999.0 -9999.0    28.6
63829 200307  1.001  -84.4465   31.1923    31.1    21.6    26.4    25.5   167.7    17.8 R -9999.0 -9999.0    28.7
63829 200308  1.101  -84.4465   31.1923    30.5    21.5    26.0    25.1   127.2    17.7 R -9999.0 -9999.0    28.3
63829 200309  1.101  -84.4465   31.1923    28.9    18.0    23.4    22.9    69.3    17.9 R -9999.0 -9999.0    26.0
63829 200310  1.101  -84.4465   31.1923    25.6    13.3    19.4    18.9    76.6    14.2 R -9999.0 -9999.0    21.3
63829 200311  1.101  -84.4465   31.1923    23.2     8.9    16.0    15.6    49.0    13.1 R -9999.0 -9999.0    16.8
63829 200312  1.101  -84.4465   31.1923    15.8     1.0     8.4     8.0    48.5    11.3 R -9999.0 -9999.0     8.7
63829 200401  1.101  -84.4465   31.1923    16.1     2.5     9.3     8.9    87.2    10.6 R -9999.0 -9999.0     9.7
63829 200402  1.101  -84.4465   31.1923    14.6     4.4     9.5     9.5   168.5     9.7 R -9999.0 -9999.0    10.7
63829 200403  1.101  -84.4465   31.1923    23.5     9.1    16.3    16.4    17.4    17.9 R -9999.0 -9999.0    17.8
63829 200404  1.101  -84.4465   31.1923    25.2     9.8    17.5    17.9   104.0    21.1 R -9999.0 -9999.0    21.3
63829 200405  1.101  -84.4465   31.1923    30.3    17.3    23.8    23.6    35.3    21.8 R -9999.0 -9999.0    28.1
63829 200406  1.101  -84.4465   31.1923    30.6    20.8    25.7    24.8   157.7    19.2 R -9999.0 -9999.0    28.7
63829 200407  1.101  -84.4465   31.1923    31.8    21.4    26.6    26.1   138.4    21.3 R -9999.0 -9999.0    30.2
63829 200408  1.201  -84.4465   31.1923    31.2    21.3    26.3    25.7   142.1    19.1 R -9999.0 -9999.0    29.2
63829 200409  1.201  -84.4465   31.1923    28.9    20.4    24.7    24.2   207.6    15.2 R -9999.0 -9999.0    26.0
63829 200410  1.201  -84.4465   31.1923    27.0    15.9    21.5    20.9    52.4    13.4 R -9999.0 -9999.0    22.5
63829 200411  1.201  -84.4465   31.1923    22.2     9.9    16.0    15.6   112.1    10.6 R -9999.0 -9999.0    16.7
63829 200412  1.201  -84.4465   31.1923    16.0     3.6     9.8     9.4   103.1     9.8 R -9999.0 -9999.0    10.2
63829 200501  1.201  -84.4465   31.1923    17.3     5.9    11.6    11.3    52.3    10.2 R -9999.0 -9999.0    12.1
63829 200502  1.201  -84.4465   31.1923    18.3     6.8    12.5    12.3    78.4    11.1 R -9999.0 -9999.0    13.1
63829 200503  1.201  -84.4465   31.1923    20.1     7.4    13.8    13.9   226.6    15.2 R -9999.0 -9999.0    15.4
63829 200504  1.201  -84.4465   31.1923    23.5    10.3    16.9    17.0   201.1    20.3 R -9999.0 -9999.0    19.5
63829 200505  1.201  -84.4465   31.1923    27.9    15.5    21.7    21.7   110.4    23.7 R -9999.0 -9999.0    25.5
63829 200506  1.201  -84.4465   31.1923    30.4    20.9    25.7    25.2   206.0    19.6 R -9999.0 -9999.0    28.1
63829 200507  1.201  -84.4465   31.1923    32.2    22.8    27.5    26.8   184.3    20.7 R -9999.0 -9999.0    29.6
63829 200508  1.201  -84.4465   31.1923    31.6    22.7    27.1    26.2   256.1    18.0 R -9999.0 -9999.0    28.5
63829 200509  1.201  -84.4465   31.1923    31.7    19.7    25.7    25.1    18.4    19.1 R -9999.0 -9999.0    27.6
63829 200510  1.201  -84.4465   31.1923    26.0    12.9    19.5    18.9    15.3    14.5 R -9999.0 -9999.0    20.9
63829 200511  1.201  -84.4465   31.1923    23.0     8.7    15.9    15.4    80.4    12.0 R -9999.0 -9999.0    16.3
63829 200512  1.201  -84.4465   31.1923    15.7     2.5     9.1     9.0   133.8     9.4 R -9999.0 -9999.0     9.5
63829 200601  1.301  -84.4465   31.1923    19.1     6.6    12.9    12.7   241.0    10.7 R -9999.0 -9999.0    12.9
63829 200602  1.301  -84.4465   31.1923    17.0     3.8    10.4    10.3    98.8    11.8 R    26.5     2.4    11.1
63829 200603  1.301  -84.4465   31.1923    22.8     7.5    15.1    15.2     1.8    17.2 R    37.8     4.9    16.6
63829 200604  1.301  -84.4465   31.1923    27.7    13.9    20.8    20.8    44.8    20.4 R    47.4    12.1    24.3
63829 200605  1.301  -84.4465   31.1923    28.7    16.4    22.6    22.5   138.8    22.4 R    48.3    15.7    26.9
63829 200606  1.301  -84.4465   31.1923    32.1    19.6    25.9    25.6   165.3    22.8 R    51.9    19.6    30.4
63829 200607  1.301  -84.4465   31.1923    33.2    21.2    27.2    26.6   103.7    21.8 R    54.4    21.8    32.0
63829 200608  1.301  -84.4465   31.1923    32.2    22.1    27.2    26.4   188.6    20.4 R    52.0    23.2    31.7
63829 200609  1.301  -84.4465   31.1923    28.7    18.2    23.4    22.8   142.6    16.4 R    47.1    19.0    27.0
63829 200610  1.301  -84.4465   31.1923    25.4    11.4    18.4    18.2    69.9    14.2 R    40.3    11.4    20.9
63829 200611  1.301  -84.4465   31.1923    20.6     6.9    13.7    13.1    88.7    11.4 R    30.2     6.1    14.2
63829 200612  1.301  -84.4465   31.1923    19.0     6.3    12.7    12.3   112.9     8.9 R    26.9     5.3    12.9
63829 200701  1.301  -84.4465   31.1923    16.4     5.7    11.1    10.9   118.3     8.6 R    23.6     5.2    11.9
63829 200702  1.302  -84.4465   31.1923    17.9     3.4    10.7    10.3    76.8    13.0 R    27.8     2.3    11.0
63829 200703  1.302  -84.4465   31.1923    24.5     8.5    16.5    16.4    32.3    18.3 R    39.4     7.1    18.2
63829 200704  1.302  -84.4465   31.1923    24.9    10.0    17.4    17.5    54.9    21.4 R    45.0     9.2    21.3
63829 200705  1.302  -84.4465   31.1923    30.6    15.1    22.9    23.2     0.9    24.2 R    59.9    14.0    29.7
63829 200706  1.302  -84.4465   31.1923    33.3    20.1    26.7    26.4    44.7    21.8 R    58.9    20.2    32.3
63829 200707  1.302  -84.4465   31.1923    33.6    21.9    27.7    26.9    92.1    21.7 R    53.7    22.3    31.4
63829 200708  1.302  -84.4465   31.1923    34.3    22.9    28.6    27.8   158.2    20.2 R    45.4    23.5    30.5
63829 200709  1.302  -84.4465   31.1923    31.4    19.4    25.4    24.8    23.3    18.2 R    43.1    19.5    27.3
63829 200710  1.302  -84.4465   31.1923    27.1    15.4    21.3    20.8   107.6    13.6 R    36.4    15.5    22.4
63829 200711  1.302  -84.4465   31.1923    21.6     6.2    13.9    13.4    56.3    13.6 R    28.5     6.2    14.5
63829 200712  1.302  -84.4465   31.1923    19.8     6.8    13.3    12.9   153.2     9.2 R    24.6     6.7    13.6
63829 200801  1.302  -84.4465   31.1923    15.0     3.1     9.0     8.6    98.4    10.3 R    20.6     2.9     9.5
63829 200802  1.302  -84.4465   31.1923    19.8     3.9    11.8    11.7   232.3    14.4 R    27.3     3.4    12.6
63829 200803  1.302  -84.4465   31.1923    21.8     7.2    14.5    14.4    79.9    17.9 R    33.7     6.1    16.0
63829 200804  1.302  -84.4465   31.1923    25.2    12.2    18.7    18.6    77.8    19.8 R    40.1    11.3    21.2
63829 200805  1.302  -84.4465   31.1923    30.5    17.1    23.8    23.6    23.0    23.3 R    53.3    16.3    28.5
63829 200806  1.302  -84.4465   31.1923    33.7    20.6    27.1    26.4   101.3    23.2 R    52.1    20.8    30.8
63829 200807  1.302  -84.4465   31.1923    33.5    21.5    27.5    26.4    58.3    21.6 R    48.8    21.8    30.0
63829 200808  1.302  -84.4465   31.1923    31.6    21.6    26.6    25.8   404.8    17.3 R    41.6    21.8    27.9
63829 200809  1.302  -84.4465   31.1923    30.9    18.9    24.9    24.2     0.5    19.1 R    44.3    18.4    26.9
63829 200810  1.302  -84.4465   31.1923    24.9    11.9    18.4    17.9   123.5    15.4 R    35.5    11.6    19.8
63829 200811  1.302  -84.4465   31.1923    19.6     5.4    12.5    12.4    67.9    12.5 R    27.2     4.8    13.2
63829 200812  1.302  -84.4465   31.1923    19.6     6.6    13.1    12.8   137.2     9.9 R    25.5     5.5    13.0
63829 200901  1.302  -84.4465   31.1923    16.9     4.2    10.5    10.1    39.1    11.3 R    23.6     2.7    10.4
63829 200902  1.302  -84.4465   31.1923    18.0     3.1    10.5    10.5   108.3    14.8 R    27.2     1.1    10.8
63829 200903  1.302  -84.4465   31.1923    21.8     8.9    15.3    15.0   302.0    16.2 R    30.5     7.1    15.7
63829 200904  1.302  -84.4465   31.1923    24.6    12.1    18.3    18.5   202.6    21.9 R    36.0    10.3    20.2
63829 200905  1.302  -84.4465   31.1923    28.8    18.2    23.5    22.9   107.5    19.3 R    44.5    17.4    25.7
63829 200906  1.302  -84.4465   31.1923    33.7    21.4    27.5    27.2    41.2    23.9 R    48.4    21.0    30.3
63829 200907  1.302  -84.4465   31.1923    31.9    20.8    26.4    25.6   147.7    21.7 R    42.2    20.6    27.6
63829 200908  1.302  -84.4465   31.1923    31.5    21.2    26.3    25.3   185.4    19.9 R    40.9    21.1    27.1
63829 200909  1.302  -84.4465   31.1923    30.1    20.0    25.0    24.5    97.0    17.6 R    37.9    19.8    25.8
63829 200910  1.302  -84.4465   31.1923    26.1    15.1    20.6    20.0    95.1    13.0 R    34.0    14.7    21.1
63829 200911  1.302  -84.4465   31.1923    20.2     7.0    13.6    13.2    49.9    11.7 R    26.5     6.2    13.7
63829 200912  1.302  -84.4465   31.1923    15.3     4.8    10.0     9.9   214.2     7.7 R    19.7     3.9    10.2
63829 201001  2.402  -84.4465   31.1923    12.9     0.6     6.8     6.3   200.6    10.9 R    19.0    -0.6     6.6
63829 201002  2.402  -84.4465   31.1923    12.9     1.2     7.1     7.0    84.9    12.8 R    22.8     0.1     8.1
63829 201003  2.402  -84.4465   31.1923    19.2     5.8    12.5    12.4    82.2    16.0 R    29.5     4.3    13.4
63829 201004  2.402  -84.4465   31.1923    26.7    11.3    19.0    19.2    92.4    22.4 R    43.0    10.0    22.1
63829 201005  2.402  -84.4465   31.1923    30.5    18.3    24.4    24.0    70.1    21.5 R    50.6    17.8    28.0
63829 201006  2.402  -84.4465   31.1923 -9999.0 -9999.0 -9999.0 -9999.0 -9999.0 -9999.0 U -9999.0 -9999.0 -9999.0
63829 201007  2.402  -84.4465   31.1923    34.5    22.7    28.6    28.0    56.4    22.1 R    44.3    22.8    30.0
63829 201008  2.402  -84.4465   31.1923    33.3    23.6    28.4    27.3   114.4    18.2 R    39.1    23.8    28.5
63829 201009  2.402  -84.4465   31.1923    33.5    18.6    26.1    25.6    37.2    19.5 R    41.2    18.5    27.2
63829 201010  2.402  -84.4465   31.1923    28.4    10.7    19.6    19.3     5.3    17.4 R    35.2    10.5    20.5
63829 201011  2.402  -84.4465   31.1923    22.5     6.3    14.4    13.9   116.7    12.0 R    29.4     6.3    15.0
63829 201012  2.402  -84.4465   31.1923    13.4    -0.7     6.4     6.0    20.0    10.6 R    19.9    -0.8     7.1
63829 201101  2.402  -84.4465   31.1923    13.3     0.7     7.0     6.9   106.8     9.8 R    19.5     0.2     7.7
63829 201102  2.402  -84.4465   31.1923    19.3     4.9    12.1    11.8   119.9    13.2 R    27.9     4.2    12.8
63829 201103  2.402  -84.4465   31.1923    23.0     9.7    16.3    16.3   136.1    16.3 R    32.4     8.7    17.5
63829 201104  2.402  -84.4465   31.1923    28.4    12.5    20.5    20.4    38.4    22.9 R    43.2    11.5    23.5
63829 201105  2.402  -84.4465   31.1923    31.2    15.3    23.3    23.3    17.9    25.3 R    54.5    14.5    29.1
63829 201106  2.402  -84.4465   31.1923    36.1    21.1    28.6    28.0    60.9    23.4 R    61.3    20.9    34.3
63829 201107  2.402  -84.4465   31.1923    33.4    22.5    28.0    27.2   157.7    20.6 R    49.9    22.8    31.1
63829 201108  2.402  -84.4465   31.1923    34.9    21.8    28.3    27.7    89.3    22.7 R    49.7    21.9    31.4
63829 201109  2.402  -84.4465   31.1923    30.2    17.7    24.0    23.4    70.3    17.4 R    42.9    18.0    26.1
63829 201110  2.402  -84.4465   31.1923    25.0    10.1    17.6    17.2    48.4    15.7 R    35.2    10.0    19.2
63829 201111  2.402  -84.4465   31.1923    22.5     8.1    15.3    15.1    30.6    12.3 R    30.9     7.5    16.1
63829 201112  2.402  -84.4465   31.1923    18.8     6.6    12.7    12.4    61.8     9.0 R    26.5     5.9    13.3
63829 201201  2.402  -84.4465   31.1923    19.2     4.7    12.0    11.9    62.2    11.1 R    27.2     4.4    12.7
63829 201202  2.402  -84.4465   31.1923    19.1     7.8    13.5    13.4    98.4     9.9 R    27.7     7.4    14.4
63829 201203  2.402  -84.4465   31.1923    26.2    12.9    19.5    19.3   108.4    16.2 R    38.3    11.8    20.8
63829 201204  2.402  -84.4465   31.1923    26.7    13.0    19.8    19.6   126.5    21.5 R    44.9    12.5    23.5
63829 201205  2.402  -84.4465   31.1923    30.3    17.5    23.9    23.5    87.5    22.5 R    46.8    17.6    27.3
63829 201206  2.402  -84.4465   31.1923    30.6    19.5    25.1    24.8   119.5    21.3 R    43.5    19.7    27.8
63829 201207  2.402  -84.4465   31.1923    33.8    22.1    27.9    26.9    75.1    21.3 R    49.6    22.6    30.7
63829 201208  2.402  -84.4465   31.1923    31.1    21.5    26.3    25.5    85.3    16.6 R    40.4    21.8    27.5
63829 201209  2.402  -84.4465   31.1923    30.2    18.5    24.3    23.8    73.6    17.7 R    38.9    18.7    25.6
63829 201210  2.402  -84.4465   31.1923    25.5    13.1    19.3    18.7    58.5    13.7 R    32.5    13.0    20.1
63829 201211  2.412  -84.4465   31.1923    20.2     5.5    12.8    12.8    31.8    11.9 R    30.4     5.0    14.3
63829 201212  2.412  -84.4465   31.1923    18.9     6.1    12.5    12.0   105.0     8.7 C    25.7     6.1    13.2
63829 201301  2.412  -84.4465   31.1923    20.3     7.8    14.0    13.6    33.9    10.3 C    26.5     7.5    14.6
63829 201302  2.412  -84.4465   31.1923    17.7     5.6    11.6    11.5   398.5    11.4 C    24.0     5.6    12.8
63829 201303  2.412  -84.4465   31.1923    18.7     5.4    12.1    12.0    69.3    18.4 C    28.1     5.0    13.9
63829 201304  2.412  -84.4465   31.1923    24.9    12.0    18.5    18.5    77.3    19.0 C    34.5    11.5    20.7
63829 201305  2.412  -84.4465   31.1923    28.2    15.0    21.6    21.7    34.4    22.9 C    42.6    14.9    25.9
63829 201306  2.412  -84.4465   31.1923    31.5    21.2    26.4    25.6   223.5    20.5 C    44.5    21.9    29.4
63829 201307  2.412  -84.4465   31.1923    30.6    21.6    26.1    25.1   220.9    18.4 C    42.0    22.5    28.5
63829 201308  2.412  -84.4465   31.1923    31.8    21.5    26.6    25.7   228.4    19.6 C    45.1    22.4    29.8
63829 201309  2.412  -84.4465   31.1923    30.1    19.6    24.9    24.3    27.9    17.5 C    40.9    20.2    27.4
63829 201310  2.412  -84.4465   31.1923    26.3    13.4    19.9    19.3    11.6    14.6 C    36.1    13.6    21.7
63829 201311  2.412  -84.4465   31.1923    19.9     7.8    13.9    13.6   110.1    10.8 C    26.3     7.9    15.1
63829 201312  2.412  -84.4465   31.1923    18.9     7.1    13.0    12.7    90.1     8.1 C    23.0     7.4    13.6
63829 201401  2.422  -84.4465   31.1923    12.8     0.3     6.5     6.3    67.5    10.3 C    19.0     0.2     7.5
63829 201402  2.422  -84.4465   31.1923    18.2     5.4    11.8    11.8   131.9    12.6 C    25.4     5.2    12.8
63829 201403  2.422  -84.4465   31.1923    19.7     6.8    13.3    13.3   178.7    15.6 C    28.1     6.7    14.9
63829 201404  2.422  -84.4465   31.1923    24.2    12.5    18.3    18.4   266.7    16.7 C    33.7    12.4    20.3
63829 201405  2.422  -84.4465   31.1923    28.8    16.2    22.5    22.3   154.8    22.6 C    40.5    16.1    25.0
63829 201406  2.422  -84.4465   31.1923    31.7    20.8    26.3    25.7    97.9    22.5 C    40.3    21.1    27.6
63829 201407  2.422  -84.4465   31.1923    32.2    21.1    26.6    26.1    91.3    22.1 C    43.3    21.2    28.7
63829 201408  2.422  -84.4465   31.1923    34.2    20.9    27.5    26.7    28.9    21.1 C    45.6    21.2    29.2
63829 201409  2.422  -84.4465   31.1923    30.2    20.1    25.1    24.2    93.5    14.7 C    38.1    20.3    25.9
63829 201410  2.422  -84.4465   31.1923    27.0    11.8    19.4    18.9    85.6    16.7 C    32.2    11.7    19.6
63829 201411  2.422  -84.4465   31.1923    18.9     3.3    11.1    10.6   161.0    12.1 C    24.4     3.4    11.5
63829 201412  2.422  -84.4465   31.1923    18.7     6.3    12.5    12.2   140.4     8.8 C    24.3     5.9    12.7
63829 201501  2.422  -84.4465   31.1923    15.4     2.8     9.1     9.0    85.0    10.3 C    22.6     2.3     9.7
63829 201502  2.422  -84.4465   31.1923    14.9     2.4     8.6     8.4   104.3    12.2 C    23.5     1.3     9.4
63829 201503  2.422  -84.4465   31.1923    23.2    10.8    17.0    16.6    59.6    13.2 C    31.0    10.3    17.7
63829 201504  2.422  -84.4465   31.1923    26.1    15.9    21.0    20.9   156.7    15.5 C    37.3    15.7    23.1
63829 201505  2.422  -84.4465   31.1923    30.2    17.0    23.6    23.3    90.3    24.0 C    47.9    17.1    27.8
63829 201506  2.422  -84.4465   31.1923    32.1    21.0    26.6    25.8   205.8    22.1 C    42.0    21.7    28.4
63829 201507  2.422  -84.4465   31.1923    33.5    22.2    27.9    27.0   139.4    22.9 C    43.8    22.8    29.7
63829 201508  2.422  -84.4465   31.1923    32.7    21.4    27.1    26.3    78.2    20.2 C    43.4    21.9    28.9
63829 201509  2.422  -84.4465   31.1923    29.6    19.3    24.4    23.8   102.5    15.0 C    39.2    19.6    26.0
63829 201510  2.422  -84.4465   31.1923    26.4    13.5    19.9    19.7     6.3    13.5 C    33.6    13.5    20.8
63829 201511  2.422  -84.4465   31.1923    23.4    11.9    17.6    17.2   182.0    10.3 C    28.8    11.9    17.9
63829 201512  2.422  -84.4465   31.1923    22.1    10.9    16.5    16.0   143.7     8.2 C    26.1    10.2    16.1
63829 201601  2.422  -84.4465   31.1923    14.5     2.8     8.7     8.4    86.0    10.1 C    20.1     2.1     8.9
63829 201602  2.422  -84.4465   31.1923    18.3     4.6    11.5    11.5   135.6    14.8 C    25.1     3.0    11.5
63829 201603  2.422  -84.4465   31.1923    23.5    10.8    17.2    17.0   162.1    15.9 C    30.8     9.1    17.4
63829 201604  2.422  -84.4465   31.1923    25.3    12.8    19.0    19.0   165.2    20.1 C    35.5    11.6    20.6
63829 201605  2.422  -84.4465   31.1923    29.4    16.0    22.7    22.7    39.8    23.3 C    47.1    15.2    26.8
63829 201606  2.422  -84.4465   31.1923    32.3    20.8    26.5    26.0   142.4    22.5 C    43.9    21.0    28.9
63829 201607  2.422  -84.4465   31.1923    34.4    21.9    28.2    27.3    52.2    22.6 C    48.2    22.0    30.3
63829 201608  2.422  -84.4465   31.1923    33.3    22.2    27.8    26.8   108.6    20.3 C    45.3    22.4    29.5
63829 201609  2.422  -84.4465   31.1923    32.4    19.8    26.1    25.3    36.7    17.9 C    49.1    19.6    28.5
63829 201610  2.422  -84.4465   31.1923    29.6    13.0    21.3    20.8     8.6    17.2 C    46.6    11.9    23.7
63829 201611  2.422  -84.4465   31.1923    24.6     7.7    16.1    15.9    16.0    12.5 C    37.3     5.9    17.0
63829 201612  2.422  -84.4465   31.1923    19.6     8.1    13.8    13.6   259.7     8.3 C    26.0     7.8    14.5
63829 201701  2.422  -84.4465   31.1923    20.0     6.9    13.4    13.2   177.3    10.5 C    25.9     5.8    13.2
63829 201702  2.422  -84.4465   31.1923    22.9     8.1    15.5    15.4    49.4    14.0 C    31.3     6.0    15.4
63829 201703  2.422  -84.4465   31.1923    23.3     9.1    16.2    16.3    22.1    17.8 C    39.5     6.3    18.3
63829 201704  2.422  -84.4465   31.1923    28.0    13.3    20.7    20.6    80.9    21.4 C    46.9    12.0    24.1
63829 201705  2.622  -84.4465   31.1923    29.3    16.4    22.9    22.8    88.2    21.7 C    46.1    15.5    26.5
63829 201706  2.622  -84.4465   31.1923    30.2    20.8    25.5    24.8    95.9    17.3 C    45.6    21.0    28.0
63829 201707  2.622  -84.4465   31.1923    32.5    22.1    27.3    26.5    88.4    20.7 C    45.3    22.6    29.3
