03055 200402  1.201 -101.5950   36.5993 -9999.0 -9999.0 -9999.0 -9999.0 -9999.0 -9999.0 U -9999.0 -9999.0 -9999.0
03055 200403  1.201 -101.5950   36.5993    19.7     2.7    11.2    11.0 -9999.0    18.7 R -9999.0 -9999.0    13.0
03055 200404  1.201 -101.5950   36.5993    19.5     4.7    12.1    12.2    55.2    19.2 R -9999.0 -9999.0    14.3
03055 200405  1.201 -101.5950   36.5993    30.1    11.4    20.7    21.0     6.6    25.9 R -9999.0 -9999.0    24.7
03055 200406  1.201 -101.5950   36.5993    30.5    15.0    22.7    22.3   101.2    22.8 R -9999.0 -9999.0    26.0
03055 200407  1.201 -101.5950   36.5993    31.1    17.1    24.1    24.1    90.3    23.9 R -9999.0 -9999.0    27.7
03055 200408  1.201 -101.5950   36.5993    29.1    15.4    22.3    22.1   100.6    21.4 R -9999.0 -9999.0    25.2
03055 200409  1.201 -101.5950   36.5993    29.1    13.6    21.3    21.1    95.9    19.8 R -9999.0 -9999.0    23.9
03055 200410  1.201 -101.5950   36.5993    21.4     6.7    14.1    13.7    19.3    13.5 R -9999.0 -9999.0    14.7
03055 200411  1.201 -101.5950   36.5993    11.3     0.4     5.8     5.1   109.7     7.7 R -9999.0 -9999.0     5.2
03055 200412  1.201 -101.5950   36.5993    11.9    -5.0     3.5     2.9    17.1    10.7 R -9999.0 -9999.0     2.3
03055 200501  1.201 -101.5950   36.5993     8.8    -4.6     2.1     1.6    35.1     7.9 R -9999.0 -9999.0     1.5
03055 200502  1.201 -101.5950   36.5993    11.4    -1.4     5.0     4.5    22.2    11.2 R -9999.0 -9999.0     4.9
03055 200503  1.201 -101.5950   36.5993    14.4    -1.6     6.4     6.3    32.3    16.5 R -9999.0 -9999.0     7.5
03055 200504  1.201 -101.5950   36.5993    20.1     3.3    11.7    11.6    26.6    21.2 R -9999.0 -9999.0    12.8
03055 200505  1.201 -101.5950   36.5993    24.7    10.1    17.4    17.4    78.1    22.2 R -9999.0 -9999.0    20.2
03055 200506  1.201 -101.5950   36.5993    31.7    15.1    23.4    23.4    67.9    26.1 R -9999.0 -9999.0    25.7
03055 200507  1.201 -101.5950   36.5993    34.6    17.2    25.9    26.1    65.1    26.6 R -9999.0 -9999.0    30.1
03055 200508  1.201 -101.5950   36.5993    31.7    17.5    24.6    24.1   101.2    20.0 R -9999.0 -9999.0    27.7
03055 200509  1.201 -101.5950   36.5993    30.9    15.0    22.9    22.3    23.2    19.2 R -9999.0 -9999.0    25.3
03055 200510  1.201 -101.5950   36.5993    22.8     6.6    14.7    14.1    28.6    14.6 R -9999.0 -9999.0    15.8
03055 200511  1.201 -101.5950   36.5993    18.6    -0.4     9.1     8.4     3.4    12.1 R -9999.0 -9999.0     8.6
03055 200512  1.201 -101.5950   36.5993    10.5    -6.8     1.8     1.0     3.5     9.2 R -9999.0 -9999.0     0.8
03055 200601  1.201 -101.5950   36.5993    15.2    -4.0     5.6     5.3     4.1    10.7 R -9999.0 -9999.0     4.7
03055 200602  1.201 -101.5950   36.5993    12.8    -6.5     3.2     2.8     0.5    15.0 R -9999.0 -9999.0     4.2
03055 200603  1.201 -101.5950   36.5993    16.1    -0.1     8.0     8.1    37.0    16.6 R -9999.0 -9999.0     9.0
03055 200604  1.301 -101.5950   36.5993    25.6     6.4    16.0    16.4     6.1    23.8 R -9999.0 -9999.0    19.7
03055 200605  1.301 -101.5950   36.5993    28.0    11.1    19.6    19.8    54.1    25.5 R    48.3    10.6    24.2
03055 200606  1.301 -101.5950   36.5993    33.7    16.5    25.1    25.3    62.4    27.7 R    53.6    15.7    29.7
03055 200607  1.301 -101.5950   36.5993    34.4    19.1    26.7    26.7    55.9    24.8 R    53.5    18.8    31.2
03055 200608  1.301 -101.5950   36.5993    31.4    18.2    24.8    24.2   106.6    20.6 R    49.3    18.5    28.1
03055 200609  1.301 -101.5950   36.5993    25.0    11.0    18.0    17.6    33.1    18.9 R    38.2    10.9    20.3
03055 200610  1.301 -101.5950   36.5993    20.9     5.8    13.4    12.8    55.5    15.2 R    30.6     5.8    14.5
03055 200611  1.301 -101.5950   36.5993    16.3    -1.4     7.4     7.0     3.2    12.1 R    24.4    -1.8     7.5
03055 200612  1.301 -101.5950   36.5993     8.6    -4.6     2.0     1.3   104.3     9.5 R    13.8    -5.0     1.4
03055 200701  1.301 -101.5950   36.5993     4.0    -7.2    -1.6    -2.2    20.1    10.9 R     4.7    -7.3    -2.5
03055 200702  1.301 -101.5950   36.5993     9.6    -5.4     2.1     1.4     5.1    13.2 R    13.7    -5.3     1.8
03055 200703  1.301 -101.5950   36.5993    18.3     2.6    10.5    10.2    55.4    17.8 R    28.4     1.8    11.4
03055 200704  1.302 -101.5950   36.5993    16.7     3.4    10.0    10.1    60.0    20.1 R    23.3     3.0    10.8
03055 200705  1.302 -101.5950   36.5993    24.6    10.2    17.4    17.3    39.9    24.3 R    34.7     9.9    19.3
03055 200706  1.302 -101.5950   36.5993    29.4    14.4    21.9    21.7    44.6    25.1 R    45.1    14.3    25.4
03055 200707  1.302 -101.5950   36.5993    33.5    17.2    25.4    25.4    48.0    26.4 R    50.3    16.7    29.4
03055 200708  1.302 -101.5950   36.5993    35.0    18.9    27.0    26.8     5.4    21.9 R    58.0    18.0    31.4
03055 200709  1.302 -101.5950   36.5993    30.2    14.1    22.2    21.8     8.4    18.5 R    50.2    12.9    25.5
03055 200710  1.302 -101.5950   36.5993    25.5     6.3    15.9    15.8     0.0    16.6 R    43.4     4.5    17.9
03055 200711  1.302 -101.5950   36.5993 -9999.0 -9999.0 -9999.0 -9999.0 -9999.0 -9999.0 U -9999.0 -9999.0 -9999.0
03055 200712  1.302 -101.5950   36.5993     6.0    -6.8    -0.4    -0.5 -9999.0     8.2 R     9.9    -8.0    -1.2
03055 200801  1.302 -101.5950   36.5993    10.3    -6.4     2.0     1.3     7.3    11.4 R    17.7    -7.9     0.8
03055 200802  1.302 -101.5950   36.5993    12.4    -6.2     3.1     2.9     6.8    13.3 R    25.0    -7.2     4.0
03055 200803  1.302 -101.5950   36.5993    15.9    -1.2     7.3     7.2     4.8    17.8 R    35.6    -2.9     9.9
03055 200804  1.302 -101.5950   36.5993    21.3     2.5    11.9    11.9    15.8    22.7 R    42.2     0.6    15.4
03055 200805  1.302 -101.5950   36.5993    27.7     9.4    18.5    18.6    23.5    25.0 R    46.7     7.8    22.6
03055 200806  1.302 -101.5950   36.5993    33.6    15.6    24.6    24.8    43.7    27.0 R    55.7    14.1    29.5
03055 200807  1.302 -101.5950   36.5993    32.4    18.3    25.4    25.2   105.1    24.5 R    47.1    17.7    28.3
03055 200808  1.302 -101.5950   36.5993    30.5    17.3    23.9    23.5   134.8    21.5 R    42.0    17.0    25.6
03055 200809  1.302 -101.5950   36.5993    26.6    11.8    19.2    18.6    11.2    18.7 R    38.1    11.8    21.1
03055 200810  1.302 -101.5950   36.5993    21.3     5.8    13.5    13.2   123.2    14.3 R    28.6     6.2    14.2
03055 200811  1.302 -101.5950   36.5993    16.6    -0.2     8.2     7.5     5.1    11.9 R    22.8    -0.3     7.7
03055 200812  1.302 -101.5950   36.5993    11.0    -6.5     2.2     1.7     4.0     9.6 R    16.0    -6.7     1.9
03055 200901  1.302 -101.5950   36.5993    11.7    -6.8     2.4     1.7     0.2    11.8 R    21.0    -7.5     2.1
03055 200902  1.302 -101.5950   36.5993    15.0    -3.7     5.6     5.1     8.2    15.9 R    27.9    -4.5     6.4
03055 200903  1.302 -101.5950   36.5993    17.3    -0.9     8.2     8.5    43.2    18.9 R    29.8    -2.2     9.6
03055 200904  1.302 -101.5950   36.5993    19.8     3.7    11.8    11.6    53.1    22.1 R    29.9     3.4    12.9
03055 200905  1.302 -101.5950   36.5993    24.4     9.6    17.0    17.1    14.4    23.8 R    37.3     8.8    19.5
03055 200906  2.402 -101.5950   36.5993    32.3    15.2    23.8    23.7    50.5    26.0 R    51.3    14.2    27.5
03055 200907  2.402 -101.5950   36.5993    34.3    17.6    25.9    25.6    60.0    26.5 R    56.8    16.9    30.6
03055 200908  2.402 -101.5950   36.5993    32.4    16.6    24.5    24.3    35.0    25.0 R    51.0    16.2    28.5
03055 200909  2.402 -101.5950   36.5993    27.5    11.7    19.6    19.1    10.4    19.0 R    48.9    11.0    23.2
03055 200910  2.402 -101.5950   36.5993    17.2     3.6    10.4     9.7    62.7    11.0 R    27.8     3.4    11.2
03055 200911  2.402 -101.5950   36.5993    16.9     0.4     8.7     7.8     8.2    11.4 R    24.9    -0.4     8.1
03055 200912  2.402 -101.5950   36.5993     6.5    -8.6    -1.1    -1.6     3.4     8.7 R    14.7    -9.1    -0.7
03055 201001  2.402 -101.5950   36.5993     8.9    -8.2     0.3    -0.2    29.8    10.5 R    17.9    -9.0     0.4
03055 201002  2.402 -101.5950   36.5993     3.9    -6.4    -1.2    -1.2    37.2    12.1 R     2.7    -8.3    -2.8
03055 201003  2.402 -101.5950   36.5993    15.4    -0.8     7.3     6.8    56.1    16.7 R    25.6    -1.7     7.7
03055 201004  2.402 -101.5950   36.5993    20.5     5.0    12.8    13.0    35.2    20.7 R    32.8     4.1    14.6
03055 201005  2.402 -101.5950   36.5993    24.8     8.7    16.7    17.0    66.9    25.4 R    35.9     7.9    19.1
03055 201006  2.402 -101.5950   36.5993    33.0    17.3    25.2    25.0    66.9    27.0 R    44.4    16.8    27.3
03055 201007  2.402 -101.5950   36.5993    34.0    19.0    26.5    26.2    30.0    25.7 R    50.4    18.6    29.8
03055 201008  2.402 -101.5950   36.5993    34.0    17.9    25.9    25.8   116.0    23.9 R    49.1    17.3    28.7
03055 201009  2.402 -101.5950   36.5993    31.4    13.6    22.5    22.3     3.8    21.3 R    45.8    12.4    24.9
03055 201010  2.402 -101.5950   36.5993    24.5     6.6    15.6    14.9    18.6    16.6 R    38.4     5.5    16.5
03055 201011  2.402 -101.5950   36.5993    16.3    -2.6     6.9     6.6     5.3    12.7 R    24.2    -3.2     7.4
03055 201012  2.402 -101.5950   36.5993    10.4    -5.3     2.5     2.0     8.3     9.2 R    17.6    -5.9     2.6
03055 201101  2.402 -101.5950   36.5993     9.3    -8.4     0.5    -0.2     4.9    10.9 R    17.9    -9.1     0.6
03055 201102  2.402 -101.5950   36.5993    10.8    -7.8     1.5     1.4     6.3    14.6 R    18.6    -8.6     1.8
03055 201103  2.402 -101.5950   36.5993    17.3    -0.7     8.3     8.0     0.8    17.9 R    32.1    -1.7    10.2
03055 201104  2.402 -101.5950   36.5993    23.5     4.1    13.8    14.0    19.7    24.2 R    45.3     2.2    17.7
03055 201105  2.402 -101.5950   36.5993    27.2     8.4    17.8    18.3    16.2    26.9 R    50.8     6.4    22.8
03055 201106  2.402 -101.5950   36.5993    35.8    16.6    26.2    26.5    13.2    27.4 R    59.2    14.4    31.3
03055 201107  2.402 -101.5950   36.5993    38.1    20.3    29.2    29.5     3.3    26.1 R    66.8    19.0    35.7
03055 201108  2.402 -101.5950   36.5993    36.5    20.0    28.3    27.7    48.3    22.7 R    60.6    18.9    32.2
03055 201109  2.402 -101.5950   36.5993    28.4    12.5    20.4    20.2    34.3    18.3 R    48.3    11.1    23.7
03055 201110  2.402 -101.5950   36.5993    23.1     6.5    14.8    14.3    13.5    16.4 R    38.4     4.6    15.9
03055 201111  2.402 -101.5950   36.5993    15.4    -0.3     7.5     7.0    15.4    10.9 R    25.0    -2.4     7.2
03055 201112  2.402 -101.5950   36.5993     4.6    -5.8    -0.6    -0.7    45.3     8.2 R     6.5    -7.5    -1.7
03055 201201  2.402 -101.5950   36.5993    12.5    -4.2     4.2     3.3     1.1    11.4 R    16.8    -5.3     2.2
03055 201202  2.402 -101.5950   36.5993    10.0    -4.5     2.8     2.8     5.6    11.8 R    22.4    -5.7     3.9
03055 201203  2.412 -101.5950   36.5993    21.9     3.6    12.8    12.8    40.6    19.3 C    36.8     0.9    14.2
03055 201204  2.412 -101.5950   36.5993    23.2     7.3    15.3    15.2    55.0    21.3 C    32.7     5.3    16.3
03055 201205  2.412 -101.5950   36.5993    28.9    11.3    20.1    20.4    16.9    25.4 C    44.5    10.4    23.8
03055 201206  2.412 -101.5950   36.5993    34.6    17.6    26.1    26.0    55.8    27.2 C    50.6    17.0    29.8
03055 201207  2.412 -101.5950   36.5993    36.1    19.8    28.0    28.2    44.9    27.8 C    55.5    19.3    33.0
03055 201208  2.412 -101.5950   36.5993    34.2    16.6    25.4    25.2    18.6    24.2 C    55.2    16.0    30.4
03055 201209  2.412 -101.5950   36.5993    29.6    11.8    20.7    20.5    65.5    19.9 C    46.0    11.3    23.6
03055 201210  2.412 -101.5950   36.5993    21.4     4.3    12.9    12.5     6.6    16.1 C    31.3     3.3    13.8
03055 201211  2.412 -101.5950   36.5993    18.9     0.0     9.5     9.0     0.0    12.8 C    29.4    -2.3     9.3
03055 201212  2.412 -101.5950   36.5993    10.5    -5.5     2.5     1.9    19.3     9.4 C    16.6    -7.3     2.0
03055 201301  2.412 -101.5950   36.5993     8.9    -5.8     1.5     0.9     9.5    11.3 C    15.5    -7.2     1.0
03055 201302  2.412 -101.5950   36.5993     9.3    -5.9     1.7     1.7    38.2    14.8 C    16.0    -8.4     1.7
03055 201303  2.412 -101.5950   36.5993    16.1    -1.7     7.2     7.2     9.3    19.4 C    28.0    -3.6     8.3
03055 201304  2.422 -101.5950   36.5993    18.6     0.6     9.6     9.6     4.6    20.4 C    33.0    -0.8    12.6
03055 201305  2.422 -101.5950   36.5993    27.9     8.6    18.3    18.5     4.1    24.6 C    50.2     6.4    23.2
03055 201306  2.422 -101.5950   36.5993    33.8    17.1    25.4    25.2    48.1    25.7 C    53.4    15.3    29.9
03055 201307  2.422 -101.5950   36.5993    32.7    17.9    25.3    25.2    25.3    23.4 C    54.3    16.8    30.2
03055 201308  2.422 -101.5950   36.5993    32.4    18.0    25.2    24.7    96.4    22.2 C    45.3    17.2    27.4
03055 201309  2.422 -101.5950   36.5993    30.1    14.8    22.4    22.1    47.3    18.8 C    39.1    13.8    23.1
03055 201310  2.422 -101.5950   36.5993    22.1     4.4    13.2    12.9    17.9    16.0 C    31.1     3.4    13.8
03055 201311  2.422 -101.5950   36.5993    13.6    -1.3     6.1     5.6    15.4    11.0 C    18.6    -2.3     5.7
03055 201312  2.422 -101.5950   36.5993     7.8    -7.0     0.4    -0.4     6.3     9.3 C    12.8    -8.2    -0.4
03055 201401  2.422 -101.5950   36.5993    10.1    -7.0     1.5     1.0     4.7    10.9 C    16.0    -8.6     0.9
03055 201402  2.422 -101.5950   36.5993     9.1    -7.6     0.8     0.5     3.3    13.3 C    19.5    -8.5     2.3
03055 201403  2.422 -101.5950   36.5993    15.9    -2.5     6.7     6.6     5.7    17.9 C    31.4    -4.1     9.1
03055 201404  2.422 -101.5950   36.5993    21.4     3.4    12.4    12.5    14.6    22.4 C    38.9     1.4    15.4
03055 201405  2.422 -101.5950   36.5993    27.6     9.6    18.6    18.8    83.8    25.3 C    48.4     7.7    23.1
03055 201406  2.422 -101.5950   36.5993    30.9    16.1    23.5    23.4    85.8    26.0 C    38.5    15.4    24.9
03055 201407  2.422 -101.5950   36.5993    32.2    17.7    24.9    24.7    72.8    22.9 C    44.2    17.2    27.4
03055 201408  2.422 -101.5950   36.5993    34.4    17.4    25.9    25.5    20.3    24.0 C    47.4    16.5    28.2
03055 201409  2.422 -101.5950   36.5993    28.1    14.0    21.0    20.4    44.8    18.9 C    37.9    13.3    22.5
03055 201410  2.422 -101.5950   36.5993    24.1     6.6    15.4    14.8    35.3    15.1 C    33.0     5.6    15.7
03055 201411  2.422 -101.5950   36.5993    14.4    -3.0     5.7     4.9     4.8    11.3 C    21.3    -4.0     5.5
03055 201412  2.422 -101.5950   36.5993     9.0    -3.8     2.6     1.9    18.1     8.5 C    13.5    -4.6     2.3
03055 201501  2.422 -101.5950   36.5993     8.7    -4.8     1.9     1.3    29.9     9.0 C    11.8    -5.7     1.1
03055 201502  2.422 -101.5950   36.5993    11.4    -5.5     2.9     2.3    19.9    13.3 C    18.1    -6.3     2.9
03055 201503  2.422 -101.5950   36.5993    18.1     0.4     9.2     8.9    22.5    18.3 C    27.9    -0.7    10.2
03055 201504  2.422 -101.5950   36.5993    22.8     5.1    13.9    13.8    45.5    20.9 C    36.9     3.3    16.2
03055 201505  2.422 -101.5950   36.5993    22.6     9.5    16.0    15.6   153.4    20.6 C    30.4     8.4    16.9
03055 201506  2.422 -101.5950   36.5993    32.1    17.1    24.6    24.5    46.6    26.2 C    39.1    15.7    25.5
03055 201507  2.422 -101.5950   36.5993    34.4    18.5    26.4    26.1    98.1    23.7 C    46.6    17.7    28.9
03055 201508  2.422 -101.5950   36.5993    31.9    17.4    24.7    24.2    78.6    23.0 C    38.3    16.5    25.4
03055 201509  2.422 -101.5950   36.5993    31.8    15.2    23.5    23.0    32.4    19.1 C    40.1    14.0    24.4
03055 201510  2.422 -101.5950   36.5993    22.7     8.4    15.6    14.8   128.5    13.3 C    28.1     7.3    15.1
03055 201511  2.422 -101.5950   36.5993    15.1    -0.7     7.2     6.3    38.5    11.4 C    18.6    -1.6     6.3
03055 201512  2.422 -101.5950   36.5993    10.2    -3.9     3.1     2.5    27.4     8.4 C    13.2    -5.6     1.9
03055 201601  2.422 -101.5950   36.5993    10.5    -6.7     1.9     1.2     8.0    10.1 C    14.4    -8.4     0.7
03055 201602  2.422 -101.5950   36.5993    16.2    -3.1     6.6     6.1    10.5    14.9 C    22.1    -5.3     5.9
03055 201603  2.422 -101.5950   36.5993    19.4    -0.3     9.6     9.3    10.6    19.1 C    27.8    -2.0     9.9
03055 201604  2.422 -101.5950   36.5993    21.6     4.8    13.2    13.0    96.7    20.9 C    29.9     2.8    14.0
03055 201605  2.422 -101.5950   36.5993    24.3     8.4    16.4    16.2    35.6    22.7 C    31.0     6.7    16.8
03055 201606  2.422 -101.5950   36.5993    33.8    16.5    25.1    25.1    56.5    26.8 C    42.9    14.9    26.8
03055 201607  2.422 -101.5950   36.5993    37.1    18.6    27.9    27.6    45.1    25.4 C    48.9    17.2    30.3
03055 201608  2.422 -101.5950   36.5993    31.8    16.9    24.3    23.6    89.2    20.0 C    41.9    15.5    25.4
03055 201609  2.422 -101.5950   36.5993    30.6    13.9    22.3    21.6     1.6    18.7 C    39.5    12.2    22.9
03055 201610  2.422 -101.5950   36.5993    27.3     7.8    17.5    16.8    16.4    15.6 C    34.7     5.3    17.0
03055 201611  2.422 -101.5950   36.5993    18.6     0.8     9.7     9.1     0.8    10.5 C    24.3    -1.3     8.9
03055 201612  2.422 -101.5950   36.5993     9.0    -7.8     0.6     0.2    11.6     8.5 C    12.7   -10.0    -0.3
03055 201701  2.422 -101.5950   36.5993     9.4    -6.2     1.6     1.1    48.3     9.4 C    13.0    -8.3     0.8
03055 201702  2.422 -101.5950   36.5993 -9999.0 -9999.0 -9999.0 -9999.0 -9999.0 -9999.0 U -9999.0 -9999.0 -9999.0
03055 201703  2.422 -101.5950   36.5993    20.0     0.5    10.3    10.2    51.1    16.4 C    27.8    -2.0    10.7
03055 201704  2.422 -101.5950   36.5993    20.7     5.7    13.2    12.8   135.7    18.4 C    29.2     3.9    13.7
03055 201705  2.422 -101.5950   36.5993    25.1     7.7    16.4    16.6    68.4    24.3 C    34.0     5.5    17.6
03055 201706  2.422 -101.5950   36.5993    32.8    15.6    24.2    24.4    20.0    26.3 C    42.3    13.6    26.1
03055 201707  2.422 -101.5950   36.5993    35.4    18.2    26.8    26.8    26.0    24.2 C    46.9    16.7    29.3
