03089 200911  6.101 -103.6948   38.0386    14.8    -3.8     5.5     4.6     5.4 -9999.0 U -9999.0 -9999.0 -9999.0
03089 200912  6.101 -103.6948   38.0386     4.0   -12.0    -4.0    -4.4     5.8 -9999.0 U -9999.0 -9999.0 -9999.0
03089 201001  6.101 -103.6948   38.0386     8.0   -11.1    -1.5    -2.4     8.6 -9999.0 U -9999.0 -9999.0 -9999.0
03089 201002  6.101 -103.6948   38.0386     5.2    -7.2    -1.0    -1.3    19.4 -9999.0 U -9999.0 -9999.0 -9999.0
03089 201003  6.101 -103.6948   38.0386    13.9    -3.0     5.5     5.4    30.2 -9999.0 U -9999.0 -9999.0 -9999.0
03089 201004  6.101 -103.6948   38.0386    20.3     2.4    11.3    11.7    32.1 -9999.0 U -9999.0 -9999.0 -9999.0
03089 201005  6.101 -103.6948   38.0386    24.5     6.8    15.6    16.0    31.9 -9999.0 U -9999.0 -9999.0 -9999.0
03089 201006  6.101 -103.6948   38.0386    31.3    14.4    22.8    23.0    50.2 -9999.0 U -9999.0 -9999.0 -9999.0
03089 201007  6.101 -103.6948   38.0386    32.6    16.5    24.6    24.0   105.3 -9999.0 U -9999.0 -9999.0 -9999.0
03089 201008  6.101 -103.6948   38.0386    32.1    15.5    23.8    23.5    56.1 -9999.0 U -9999.0 -9999.0 -9999.0
03089 201009  6.101 -103.6948   38.0386    31.3     9.7    20.5    20.5     5.5 -9999.0 U -9999.0 -9999.0 -9999.0
03089 201010  6.101 -103.6948   38.0386    23.1     2.6    12.9    12.7     0.9 -9999.0 U -9999.0 -9999.0 -9999.0
03089 201011  6.101 -103.6948   38.0386    14.6    -6.3     4.2     4.3     2.5 -9999.0 U -9999.0 -9999.0 -9999.0
03089 201012  6.101 -103.6948   38.0386     9.3    -7.6     0.8     0.3     8.1 -9999.0 U -9999.0 -9999.0 -9999.0
03089 201101  6.101 -103.6948   38.0386     6.1   -12.0    -2.9    -3.5     4.7 -9999.0 U -9999.0 -9999.0 -9999.0
03089 201102  6.101 -103.6948   38.0386     8.9   -10.8    -0.9    -0.8     5.9 -9999.0 U -9999.0 -9999.0 -9999.0
03089 201103  6.101 -103.6948   38.0386    17.1    -2.5     7.3     7.4    12.5 -9999.0 U -9999.0 -9999.0 -9999.0
03089 201104  6.101 -103.6948   38.0386    21.4     1.5    11.5    11.9     7.8 -9999.0 U -9999.0 -9999.0 -9999.0
03089 201105  6.101 -103.6948   38.0386    24.7     5.9    15.3    16.0     7.7 -9999.0 U -9999.0 -9999.0 -9999.0
03089 201106  6.101 -103.6948   38.0386    32.4    14.2    23.3    23.5    40.7 -9999.0 U -9999.0 -9999.0 -9999.0
03089 201107  6.101 -103.6948   38.0386    34.6    16.7    25.7    25.4    41.7 -9999.0 U -9999.0 -9999.0 -9999.0
03089 201108  6.101 -103.6948   38.0386    33.9    16.6    25.2    24.9    27.3 -9999.0 U -9999.0 -9999.0 -9999.0
03089 201109  6.101 -103.6948   38.0386    27.4     8.5    18.0    17.5    15.0 -9999.0 U -9999.0 -9999.0 -9999.0
03089 201110  6.101 -103.6948   38.0386    22.3     1.0    11.6    11.0     8.6 -9999.0 U -9999.0 -9999.0 -9999.0
03089 201111  6.101 -103.6948   38.0386    14.4    -5.5     4.4     4.3    17.1 -9999.0 U -9999.0 -9999.0 -9999.0
03089 201112  6.101 -103.6948   38.0386     2.1   -14.2    -6.0    -6.0    14.9 -9999.0 U -9999.0 -9999.0 -9999.0
03089 201201  6.101 -103.6948   38.0386     8.5    -7.2     0.7     0.0     0.3 -9999.0 U -9999.0 -9999.0 -9999.0
03089 201202  6.101 -103.6948   38.0386     9.5    -7.6     0.9     1.2     2.6 -9999.0 U -9999.0 -9999.0 -9999.0
03089 201203  6.101 -103.6948   38.0386    20.7    -1.9     9.4    10.1     3.6 -9999.0 U -9999.0 -9999.0 -9999.0
03089 201204  6.101 -103.6948   38.0386    22.5     4.1    13.3    13.6    32.1 -9999.0 U -9999.0 -9999.0 -9999.0
03089 201205  6.101 -103.6948   38.0386    26.8     7.6    17.2    18.0     8.5 -9999.0 U -9999.0 -9999.0 -9999.0
03089 201206  6.101 -103.6948   38.0386    34.8    14.8    24.8    25.5     3.5 -9999.0 U -9999.0 -9999.0 -9999.0
03089 201207  6.101 -103.6948   38.0386    34.9    16.5    25.7    26.0    28.8 -9999.0 U -9999.0 -9999.0 -9999.0
03089 201208  6.101 -103.6948   38.0386    33.0    13.6    23.3    23.4     2.1 -9999.0 U -9999.0 -9999.0 -9999.0
03089 201209  6.101 -103.6948   38.0386    28.1     8.4    18.3    18.0    20.8 -9999.0 U -9999.0 -9999.0 -9999.0
03089 201210  6.101 -103.6948   38.0386    20.1    -0.4     9.8     9.7     5.2 -9999.0 U -9999.0 -9999.0 -9999.0
03089 201211  6.101 -103.6948   38.0386    17.8    -6.1     5.8     5.1     0.4 -9999.0 U -9999.0 -9999.0 -9999.0
03089 201212  6.101 -103.6948   38.0386     8.7   -10.6    -1.0    -1.1     2.9 -9999.0 U -9999.0 -9999.0 -9999.0
03089 201301  6.101 -103.6948   38.0386     9.1   -12.0    -1.5    -2.0     1.6 -9999.0 U -9999.0 -9999.0 -9999.0
03089 201302  6.101 -103.6948   38.0386    10.1    -9.4     0.3     0.4     4.2 -9999.0 U -9999.0 -9999.0 -9999.0
03089 201303  6.101 -103.6948   38.0386    15.1    -5.1     5.0     5.3     7.8 -9999.0 U -9999.0 -9999.0 -9999.0
03089 201304  6.101 -103.6948   38.0386    17.7    -0.9     8.4     8.6     7.3 -9999.0 U -9999.0 -9999.0 -9999.0
03089 201305  6.101 -103.6948   38.0386    25.5     7.2    16.4    16.9     5.3 -9999.0 U -9999.0 -9999.0 -9999.0
03089 201306  6.101 -103.6948   38.0386    32.8    13.4    23.1    23.5    22.8 -9999.0 U -9999.0 -9999.0 -9999.0
03089 201307  6.101 -103.6948   38.0386    32.6    15.8    24.2    24.1    15.5 -9999.0 U -9999.0 -9999.0 -9999.0
03089 201308  6.101 -103.6948   38.0386    32.0    15.5    23.7    23.6    38.5 -9999.0 U -9999.0 -9999.0 -9999.0
03089 201309  6.101 -103.6948   38.0386    29.4    12.3    20.9    20.8    25.2 -9999.0 U -9999.0 -9999.0 -9999.0
03089 201310  6.101 -103.6948   38.0386    20.1     0.3    10.2    10.0     8.1 -9999.0 U -9999.0 -9999.0 -9999.0
03089 201311  6.101 -103.6948   38.0386    13.9    -5.0     4.4     3.8     8.1 -9999.0 U -9999.0 -9999.0 -9999.0
03089 201312  6.101 -103.6948   38.0386     8.2   -11.4    -1.6    -2.3     2.1 -9999.0 U -9999.0 -9999.0 -9999.0
03089 201401  6.101 -103.6948   38.0386     8.4   -11.4    -1.5    -1.9     7.2 -9999.0 U -9999.0 -9999.0 -9999.0
03089 201402  6.101 -103.6948   38.0386     6.4    -8.8    -1.2    -1.5    14.5 -9999.0 U -9999.0 -9999.0 -9999.0
03089 201403  6.101 -103.6948   38.0386    15.2    -4.9     5.2     5.6    11.5 -9999.0 U -9999.0 -9999.0 -9999.0
03089 201404  6.101 -103.6948   38.0386    19.9     2.2    11.1    11.3    19.7 -9999.0 U -9999.0 -9999.0 -9999.0
03089 201405  6.101 -103.6948   38.0386    25.4     7.0    16.2    16.6    20.6 -9999.0 U -9999.0 -9999.0 -9999.0
03089 201406  6.101 -103.6948   38.0386 -9999.0 -9999.0 -9999.0 -9999.0 -9999.0 -9999.0 U -9999.0 -9999.0 -9999.0
