53163 201006  6.101 -107.1872   33.9795 -9999.0 -9999.0 -9999.0 -9999.0 -9999.0 -9999.0 U -9999.0 -9999.0 -9999.0
53163 201007  6.101 -107.1872   33.9795    16.9     9.5    13.2    12.9   162.5 -9999.0 U -9999.0 -9999.0 -9999.0
53163 201008  6.101 -107.1872   33.9795    16.6     9.3    13.0    12.6    75.6 -9999.0 U -9999.0 -9999.0 -9999.0
53163 201009  6.101 -107.1872   33.9795    15.7     8.1    11.9    11.6    56.8 -9999.0 U -9999.0 -9999.0 -9999.0
53163 201010  6.101 -107.1872   33.9795    10.0     1.8     5.9     5.5    11.4 -9999.0 U -9999.0 -9999.0 -9999.0
53163 201011  6.101 -107.1872   33.9795     3.0    -5.5    -1.3    -1.3     7.7 -9999.0 U -9999.0 -9999.0 -9999.0
53163 201012  6.101 -107.1872   33.9795     2.6    -4.1    -0.8    -1.2    12.7 -9999.0 U -9999.0 -9999.0 -9999.0
53163 201101  6.101 -107.1872   33.9795    -0.4    -8.2    -4.3    -4.2     9.9 -9999.0 U -9999.0 -9999.0 -9999.0
53163 201102  6.101 -107.1872   33.9795    -0.6    -9.8    -5.2    -5.2    10.4 -9999.0 U -9999.0 -9999.0 -9999.0
53163 201103  6.101 -107.1872   33.9795     7.8    -2.8     2.5     2.0     3.0 -9999.0 U -9999.0 -9999.0 -9999.0
53163 201104  6.101 -107.1872   33.9795    10.3    -1.6     4.3     4.1     0.0 -9999.0 U -9999.0 -9999.0 -9999.0
53163 201105  6.101 -107.1872   33.9795    12.3     1.0     6.6     6.2     0.2 -9999.0 U -9999.0 -9999.0 -9999.0
53163 201106  6.101 -107.1872   33.9795    20.5     9.4    15.0    14.5     5.7 -9999.0 U -9999.0 -9999.0 -9999.0
53163 201107  6.101 -107.1872   33.9795    19.7    10.7    15.2    14.4    91.5 -9999.0 U -9999.0 -9999.0 -9999.0
53163 201108  6.101 -107.1872   33.9795    18.0    10.9    14.5    14.2   130.5 -9999.0 U -9999.0 -9999.0 -9999.0
53163 201109  6.101 -107.1872   33.9795    13.7     6.6    10.2     9.8    73.1 -9999.0 U -9999.0 -9999.0 -9999.0
53163 201110  6.101 -107.1872   33.9795     9.6     1.9     5.7     5.3    39.8 -9999.0 U -9999.0 -9999.0 -9999.0
53163 201111  6.101 -107.1872   33.9795     3.5    -4.1    -0.3    -0.5    10.3 -9999.0 U -9999.0 -9999.0 -9999.0
53163 201112  6.101 -107.1872   33.9795    -2.6    -8.3    -5.5    -5.4    98.5 -9999.0 U -9999.0 -9999.0 -9999.0
53163 201201  6.101 -107.1872   33.9795     0.1    -5.6    -2.7    -2.7     6.3 -9999.0 U -9999.0 -9999.0 -9999.0
53163 201202  6.101 -107.1872   33.9795    -1.1    -7.9    -4.5    -4.6     6.8 -9999.0 U -9999.0 -9999.0 -9999.0
53163 201203  6.101 -107.1872   33.9795     4.7    -4.1     0.3     0.2    26.9 -9999.0 U -9999.0 -9999.0 -9999.0
53163 201204  6.101 -107.1872   33.9795    10.3     0.1     5.2     4.9    15.7 -9999.0 U -9999.0 -9999.0 -9999.0
53163 201205  6.101 -107.1872   33.9795    14.2     4.0     9.1     8.7    20.7 -9999.0 U -9999.0 -9999.0 -9999.0
53163 201206  6.101 -107.1872   33.9795    20.7    10.3    15.5    15.2    21.0 -9999.0 U -9999.0 -9999.0 -9999.0
53163 201207  6.101 -107.1872   33.9795    17.5     9.1    13.3    12.8    77.8 -9999.0 U -9999.0 -9999.0 -9999.0
53163 201208  6.101 -107.1872   33.9795    18.0     9.5    13.8    13.3   116.1 -9999.0 U -9999.0 -9999.0 -9999.0
53163 201209  6.101 -107.1872   33.9795    13.8     6.8    10.3    10.0    69.6 -9999.0 U -9999.0 -9999.0 -9999.0
53163 201210  6.101 -107.1872   33.9795    11.8     3.0     7.4     6.9     0.0 -9999.0 U -9999.0 -9999.0 -9999.0
53163 201211  6.101 -107.1872   33.9795     6.5    -0.6     3.0     2.4     4.9 -9999.0 U -9999.0 -9999.0 -9999.0
53163 201212  6.101 -107.1872   33.9795    -0.3    -7.8    -4.1    -4.1    25.2 -9999.0 U -9999.0 -9999.0 -9999.0
53163 201301  6.101 -107.1872   33.9795    -2.5    -9.4    -5.9    -5.9     9.5 -9999.0 U -9999.0 -9999.0 -9999.0
53163 201302  6.101 -107.1872   33.9795    -1.4    -9.9    -5.7    -5.8    16.9 -9999.0 U -9999.0 -9999.0 -9999.0
53163 201303  6.101 -107.1872   33.9795     5.3    -3.2     1.0     0.6     6.5 -9999.0 U -9999.0 -9999.0 -9999.0
53163 201304  6.101 -107.1872   33.9795     9.3    -1.8     3.8     3.3     3.1 -9999.0 U -9999.0 -9999.0 -9999.0
53163 201305  6.101 -107.1872   33.9795    13.4     2.8     8.1     7.6    11.9 -9999.0 U -9999.0 -9999.0 -9999.0
53163 201306  6.101 -107.1872   33.9795    20.9    10.5    15.7    15.3    18.9 -9999.0 U -9999.0 -9999.0 -9999.0
53163 201307  6.101 -107.1872   33.9795    16.3     8.8    12.5    12.3   179.9 -9999.0 U -9999.0 -9999.0 -9999.0
53163 201308  6.101 -107.1872   33.9795    16.0     9.0    12.5    12.1    77.1 -9999.0 U -9999.0 -9999.0 -9999.0
53163 201309  6.101 -107.1872   33.9795    13.2     6.3     9.7     9.5   133.4 -9999.0 U -9999.0 -9999.0 -9999.0
53163 201310  6.101 -107.1872   33.9795     8.3     0.0     4.1     3.9     8.0 -9999.0 U -9999.0 -9999.0 -9999.0
53163 201311  6.101 -107.1872   33.9795     4.3    -2.7     0.8     0.7 -9999.0 -9999.0 U -9999.0 -9999.0 -9999.0
53163 201312  6.101 -107.1872   33.9795    -0.2    -6.8    -3.5    -3.5    26.9 -9999.0 U -9999.0 -9999.0 -9999.0
53163 201401  6.101 -107.1872   33.9795     2.3    -5.8    -1.8    -2.0     0.0 -9999.0 U -9999.0 -9999.0 -9999.0
53163 201402  6.101 -107.1872   33.9795     3.0    -5.1    -1.0    -1.5     6.7 -9999.0 U -9999.0 -9999.0 -9999.0
53163 201403  6.101 -107.1872   33.9795     5.2    -4.4     0.4    -0.1     7.5 -9999.0 U -9999.0 -9999.0 -9999.0
53163 201404  6.101 -107.1872   33.9795     7.7    -2.6     2.6     2.3    10.3 -9999.0 U -9999.0 -9999.0 -9999.0
53163 201405  6.101 -107.1872   33.9795    12.7     1.8     7.2     6.8     5.6 -9999.0 U -9999.0 -9999.0 -9999.0
53163 201406  6.101 -107.1872   33.9795 -9999.0 -9999.0 -9999.0 -9999.0 -9999.0 -9999.0 U -9999.0 -9999.0 -9999.0
