25382 201608  2.424 -139.6850   59.5087 -9999.0 -9999.0 -9999.0 -9999.0 -9999.0 -9999.0 U -9999.0 -9999.0 -9999.0
25382 201609 -9.000 -139.6850   59.5087 -9999.0 -9999.0 -9999.0 -9999.0 -9999.0 -9999.0 U -9999.0 -9999.0 -9999.0
25382 201610  2.424 -139.6850   59.5087 -9999.0 -9999.0 -9999.0 -9999.0 -9999.0 -9999.0 U -9999.0 -9999.0 -9999.0
25382 201611  2.424 -139.6850   59.5087     4.2    -1.1     1.5     1.5   400.9     0.7 C     2.9    -4.5    -0.9
25382 201612  2.424 -139.6850   59.5087    -0.4    -5.3    -2.9    -2.9   243.1     0.1 C    -2.7   -10.0    -6.2
25382 201701  2.424 -139.6850   59.5087     0.0    -6.1    -3.1    -3.1   405.2     0.3 C    -3.9   -11.0    -7.4
25382 201702  2.424 -139.6850   59.5087     2.2    -5.8    -1.8    -2.2   265.3     3.0 C    -1.9   -12.0    -6.7
25382 201703  2.424 -139.6850   59.5087     1.3    -8.5    -3.6    -3.4   233.3     6.7 C    -2.6   -16.9    -9.3
25382 201704  2.424 -139.6850   59.5087     9.9    -0.9     4.5     4.5    91.6    12.1 C    15.3    -4.6     3.6
25382 201705  2.424 -139.6850   59.5087    10.8     2.4     6.6     7.0   251.5    11.4 C    21.0    -1.1     8.6
25382 201706  2.424 -139.6850   59.5087    13.8     6.6    10.2    10.4   107.5    10.0 C    24.2     3.4    12.5
25382 201707  2.424 -139.6850   59.5087    15.9     8.8    12.3    12.6   109.9     9.8 C    26.8     5.8    14.6
