25379 200508  1.201 -135.3266   57.0574 -9999.0 -9999.0 -9999.0 -9999.0 -9999.0 -9999.0 U -9999.0 -9999.0 -9999.0
25379 200509  1.201 -135.3266   57.0574    13.8     8.1    11.0    10.8   428.2     5.9 R -9999.0 -9999.0    11.8
25379 200510  1.201 -135.3266   57.0574     9.5     3.5     6.5     6.3   286.9     3.1 R -9999.0 -9999.0     5.8
25379 200511  1.201 -135.3266   57.0574     6.3     1.2     3.8     3.5   411.5     0.8 R -9999.0 -9999.0     1.9
25379 200512  1.201 -135.3266   57.0574     5.9     1.1     3.5     3.6   278.9     0.4 R -9999.0 -9999.0     1.4
25379 200601  1.201 -135.3266   57.0574     2.8    -1.0     0.9     0.9   204.8     0.5 R -9999.0 -9999.0    -1.0
25379 200602  1.201 -135.3266   57.0574     3.5    -2.8     0.3     0.2   127.0     2.2 R -9999.0 -9999.0    -3.3
25379 200603  1.201 -135.3266   57.0574     4.0    -4.0     0.0    -0.2    48.0     8.5 R -9999.0 -9999.0    -1.1
25379 200604  1.201 -135.3266   57.0574     7.5     0.5     4.0     3.9   131.6    10.6 R -9999.0 -9999.0     6.0
25379 200605  1.201 -135.3266   57.0574    11.2     3.8     7.5     7.4   165.8    13.9 R -9999.0 -9999.0    10.3
25379 200606  1.201 -135.3266   57.0574    13.7     7.3    10.5    10.4    88.0    13.5 R -9999.0 -9999.0    12.9
25379 200607  1.201 -135.3266   57.0574    15.8     9.4    12.6    12.3   113.2    13.6 R -9999.0 -9999.0    13.7
25379 200608  1.301 -135.3266   57.0574    13.8     9.9    11.8    11.6   362.3     5.7 R -9999.0 -9999.0    12.6
25379 200609  1.301 -135.3266   57.0574    13.4     7.7    10.6    10.5   477.8     5.0 R    18.0     6.1    10.7
25379 200610  1.301 -135.3266   57.0574     9.8     3.6     6.7     6.6   455.4     2.7 R    13.4     1.8     6.0
25379 200611  1.301 -135.3266   57.0574    -0.3    -5.2    -2.8    -2.7   118.7     0.7 R    -0.3   -10.3    -6.2
25379 200612  1.301 -135.3266   57.0574     4.8     0.3     2.6     2.4   384.3     0.3 R     2.0    -2.0     0.0
25379 200701  1.301 -135.3266   57.0574     2.7    -1.3     0.7     0.6   225.3     0.4 R     2.1    -4.1    -1.1
25379 200702  1.301 -135.3266   57.0574     2.8    -2.2     0.3     0.3   111.0     2.0 R     5.0    -5.6    -1.4
25379 200703  1.301 -135.3266   57.0574     2.5    -2.3     0.1     0.0   241.5     4.7 R     2.8    -6.3    -1.7
25379 200704  1.301 -135.3266   57.0574     8.7     0.3     4.5     4.4    98.0    10.9 R    16.3    -1.9     4.3
25379 200705  1.301 -135.3266   57.0574    11.0     3.6     7.3     7.3   131.8    12.0 R    20.7     2.8     9.5
25379 200706  1.301 -135.3266   57.0574    15.1     7.2    11.2    11.1    28.8    14.8 R    21.1     6.2    12.1
25379 200707  1.301 -135.3266   57.0574    15.9    10.4    13.1    12.9   145.2     9.6 R    19.6     9.5    13.5
25379 200708  1.302 -135.3266   57.0574    17.5     9.4    13.5    13.2    69.1    12.0 R    22.2     7.4    13.3
25379 200709  1.302 -135.3266   57.0574    13.7     7.7    10.7    10.5   371.0     5.9 R    17.2     6.0    10.5
25379 200710  1.302 -135.3266   57.0574     8.8     3.4     6.1     5.8   482.3     2.4 R    11.0     1.3     5.1
25379 200711  1.302 -135.3266   57.0574     5.0     0.5     2.8     2.7   188.9     0.9 R     5.1    -1.7     1.2
25379 200712  1.302 -135.3266   57.0574     1.4    -2.5    -0.5    -0.6   205.1     0.3 R     0.4    -5.1    -2.8
25379 200801  1.302 -135.3266   57.0574     1.2    -3.2    -1.0    -1.0   285.7     0.5 R     0.0    -7.0    -3.6
25379 200802  1.302 -135.3266   57.0574     2.8    -2.0     0.4     0.3   186.0     1.4 R     0.8    -4.7    -1.7
25379 200803  1.302 -135.3266   57.0574     4.7    -0.7     2.0     1.8   195.2     5.3 R     7.2    -3.3     0.5
25379 200804  1.302 -135.3266   57.0574     7.6    -0.4     3.6     3.4   175.3    10.9 R    17.3    -3.1     4.3
25379 200805  1.302 -135.3266   57.0574    11.1     3.1     7.1     7.2    90.4    13.8 R    21.7     1.1     9.1
25379 200806  1.302 -135.3266   57.0574    12.7     5.6     9.2     9.1    56.7    12.1 R    19.6     4.2    10.4
25379 200807  1.302 -135.3266   57.0574    14.3     8.6    11.5    11.1   181.2     9.0 R    18.5     7.4    11.8
25379 200808  1.302 -135.3266   57.0574    14.9     9.3    12.1    11.9   131.5     8.2 R    21.3     7.5    12.8
25379 200809  1.302 -135.3266   57.0574    12.8     8.0    10.4    10.2   394.9     4.6 R    17.4     6.5    10.5
25379 200810  1.302 -135.3266   57.0574     8.5     3.3     5.9     5.8   563.5     2.1 R    10.1     1.7     5.2
25379 200811  1.302 -135.3266   57.0574     5.2     1.1     3.2     3.2   250.4     0.8 R     5.1    -1.1     1.9
25379 200812  1.302 -135.3266   57.0574     0.5    -4.3    -1.9    -1.9   157.1     0.3 R    -1.2    -8.0    -4.6
25379 200901  1.302 -135.3266   57.0574     2.6    -2.4     0.1    -0.1   423.5     0.4 R     0.5    -5.0    -1.9
25379 200902  1.302 -135.3266   57.0574     2.2    -3.3    -0.6    -0.8   238.2     1.9 R     0.9    -7.6    -3.7
25379 200903  1.302 -135.3266   57.0574     2.7    -2.4     0.2     0.0   220.2     5.1 R     1.7    -5.9    -1.8
25379 200904  1.302 -135.3266   57.0574     8.3    -0.1     4.1     3.9    42.9    12.3 R    15.8    -2.2     4.3
25379 200905  1.302 -135.3266   57.0574    12.8     2.9     7.9     7.8    59.0    15.3 R    24.6     0.6     9.8
25379 200906  1.302 -135.3266   57.0574    14.8     6.8    10.8    10.7    49.1    15.2 R    21.7     5.4    12.1
25379 200907  1.302 -135.3266   57.0574    17.9    10.0    13.9    13.8 -9999.0    15.7 R    25.9     8.4    15.8
25379 200908  1.302 -135.3266   57.0574    16.3    10.1    13.2    12.9   312.0     8.5 R    23.1     8.8    14.1
25379 200909  1.302 -135.3266   57.0574    13.6     7.2    10.4    10.2   260.2     5.0 R    18.1     5.4    10.4
25379 200910  1.302 -135.3266   57.0574     9.7     3.9     6.8     6.5   255.1     2.5 R    12.6     1.9     6.1
25379 200911  1.302 -135.3266   57.0574     4.9     0.7     2.8     2.6   360.3     0.7 R     6.2    -0.1     3.0
25379 200912  1.302 -135.3266   57.0574     1.8    -2.5    -0.4    -0.5    99.3     0.2 R     2.6    -3.2    -0.4
25379 201001  1.302 -135.3266   57.0574     5.3     0.8     3.1     3.1   151.0     0.5 R     7.1     0.6     3.6
25379 201002  1.302 -135.3266   57.0574     6.8     0.9     3.9     3.6    74.9     1.8 R     8.8    -1.9     2.1
25379 201003  1.302 -135.3266   57.0574     5.5    -0.1     2.7     2.7   348.7     4.3 R     8.0    -2.4     1.9
25379 201004  1.302 -135.3266   57.0574     9.2     1.0     5.1     4.7    74.8    10.9 R    22.2    -0.3     7.6
25379 201005  1.302 -135.3266   57.0574    13.1     3.8     8.5     8.5    49.6    15.3 R    27.8     3.9    13.4
25379 201006  1.302 -135.3266   57.0574    14.1     6.5    10.3    10.2    92.5    13.5 R    22.7     5.8    12.6
25379 201007  1.302 -135.3266   57.0574    14.2     9.3    11.7    11.6   167.3     9.6 R    25.4    14.4    19.0
25379 201008  2.404 -135.3266   57.0574    16.2    10.4    13.3    12.8   121.6     9.5 R    25.6    12.5    17.5
25379 201009  2.404 -135.3266   57.0574    15.9     6.7    11.3    10.7   145.8     7.9 R    21.3     4.4    10.5
25379 201010  2.404 -135.3266   57.0574     9.3     3.6     6.4     6.3   413.4     2.1 R    11.3     1.7     5.6
25379 201011  2.404 -135.3266   57.0574     5.4     0.5     3.0     2.9   277.8     0.8 R     5.3    -1.8     1.7
25379 201012  2.404 -135.3266   57.0574     3.1    -2.2     0.5     0.4    63.4     0.4 R     1.8    -4.2    -1.1
25379 201101  2.404 -135.3266   57.0574     2.4    -2.2     0.1     0.0   205.5     0.5 R     2.2    -3.2    -0.9
25379 201102  2.404 -135.3266   57.0574     1.3    -4.0    -1.3    -1.2   225.1     1.5 R     3.3    -5.3    -1.7
25379 201103  2.404 -135.3266   57.0574     5.7    -2.5     1.6     1.4    93.7     6.5 R    11.1    -3.5     1.8
25379 201104  2.404 -135.3266   57.0574 -9999.0 -9999.0 -9999.0 -9999.0   131.7    10.2 R    14.6    -1.0     4.8
25379 201105  2.404 -135.3266   57.0574    12.5     4.0     8.2     8.2    39.0    14.4 R    19.5     3.5    10.2
25379 201106  2.404 -135.3266   57.0574    14.4     7.1    10.7    10.6   106.6    12.8 R    20.3     6.7    12.4
25379 201107  2.404 -135.3266   57.0574    15.6     9.2    12.4    12.2   141.0    12.0 R    21.1     8.9    13.8
25379 201108  2.404 -135.3266   57.0574    15.1     9.4    12.3    12.0   364.3     8.3 R    20.5     8.9    13.2
25379 201109  2.404 -135.3266   57.0574    13.4     6.9    10.2     9.9   286.6     5.3 R    17.0     6.3    10.4
25379 201110  2.404 -135.3266   57.0574     8.7     4.2     6.4     6.2   347.3     2.2 R    10.2     3.6     6.3
25379 201111  2.404 -135.3266   57.0574     2.9    -1.6     0.6     0.7   360.1     0.4 R     2.7    -3.0     0.1
25379 201112  2.404 -135.3266   57.0574     3.8    -0.3     1.7     1.7   369.2     0.2 R     3.2    -1.2     1.2
25379 201201  2.404 -135.3266   57.0574     0.9    -3.8    -1.4    -1.4   302.6     0.3 R     0.8    -5.0    -2.3
25379 201202  2.404 -135.3266   57.0574     5.5    -0.4     2.5     2.3   138.6     1.9 R     6.7    -1.3     1.9
25379 201203  2.404 -135.3266   57.0574     4.4    -1.7     1.4     1.1   199.1     5.7 R     9.1    -2.8     1.5
25379 201204  2.404 -135.3266   57.0574    10.2     1.7     6.0     5.7    74.6    11.8 R    18.2     1.1     7.3
25379 201205  2.404 -135.3266   57.0574     9.4     4.0     6.7     6.4   185.8     9.1 R    13.6     4.0     7.6
25379 201206  2.404 -135.3266   57.0574    13.4     6.8    10.1     9.8   146.0    12.5 R    18.6     6.5    11.3
25379 201207  2.414 -135.3266   57.0574    14.4     9.0    11.7    11.5   112.0     9.7 R    18.8     8.8    12.9
25379 201208  2.414 -135.3266   57.0574    15.6     9.5    12.5    12.3   188.0     8.9 C    20.8     9.2    13.8
25379 201209  2.414 -135.3266   57.0574    13.1     7.6    10.4    10.2   484.3     4.3 C    16.1     7.2    10.9
25379 201210  2.414 -135.3266   57.0574     7.7     1.8     4.8     4.3   182.1     2.3 C    10.9     1.1     4.2
25379 201211  2.414 -135.3266   57.0574     5.1     0.8     2.9     2.8   150.0     0.8 C     5.6     0.1     2.4
25379 201212  2.414 -135.3266   57.0574     2.1    -2.3    -0.1    -0.1   218.6     0.2 C     1.7    -3.3    -0.7
25379 201301  2.414 -135.3266   57.0574     4.1     0.0     2.0     2.1   287.8     0.4 C     4.1    -0.4     1.9
25379 201302  2.414 -135.3266   57.0574     5.0     0.7     2.8     2.7   331.1     1.5 C     6.2     0.4     2.8
25379 201303  2.414 -135.3266   57.0574     4.3    -1.8     1.2     1.0   116.1     6.1 C     9.9    -2.9     1.7
25379 201304  2.414 -135.3266   57.0574     7.2    -0.6     3.3     3.1   254.6    10.0 C    13.5    -1.5     4.6
25379 201305  2.414 -135.3266   57.0574    12.2     3.8     8.0     8.0   168.4    13.9 C    18.3     3.4    10.1
25379 201306  2.424 -135.3266   57.0574    16.2     8.6    12.4    12.2    69.9    15.4 C    25.9     7.6    15.1
25379 201307  2.424 -135.3266   57.0574    16.5    10.4    13.5    13.2   147.6    12.0 C    25.6     8.9    15.7
25379 201308  2.424 -135.3266   57.0574    17.7    10.3    14.0    13.8    95.7    10.9 C    24.6     7.8    14.8
25379 201309  2.424 -135.3266   57.0574    14.8     8.3    11.6    11.4   212.8     5.6 C    18.8     5.3    11.2
25379 201310  2.424 -135.3266   57.0574    10.2     5.7     8.0     7.9   414.0     1.8 C    12.3     2.9     7.5
25379 201311  2.424 -135.3266   57.0574     4.5    -0.3     2.1     2.2   376.1     0.5 C     4.2    -4.2     0.1
25379 201312  2.424 -135.3266   57.0574     3.2    -1.0     1.1     1.1   411.8     0.2 C     1.5    -4.6    -1.4
25379 201401  2.424 -135.3266   57.0574     6.7     2.0     4.4     4.2   364.5     0.4 C     5.8    -1.3     2.3
25379 201402  2.424 -135.3266   57.0574     1.9    -5.4    -1.7    -2.2    62.4     1.5 C    -0.5   -12.1    -7.4
25379 201403  2.424 -135.3266   57.0574     5.5    -2.1     1.7     1.4   178.5     6.0 C     9.5    -7.1    -1.8
25379 201404  2.424 -135.3266   57.0574     9.3     1.3     5.3     5.1   104.1    10.6 C    20.2    -2.7     6.1
25379 201405  2.424 -135.3266   57.0574    14.5     5.1     9.8     9.9    20.2    15.5 C    25.7     1.3    11.5
25379 201406  2.424 -135.3266   57.0574    14.4     7.0    10.7    10.6   170.5    12.3 C    22.5     4.8    12.3
25379 201407  2.424 -135.3266   57.0574    16.4    10.4    13.4    13.2   170.2    10.1 C    22.2     8.5    14.3
25379 201408  2.424 -135.3266   57.0574    17.0    10.2    13.6    13.5   379.7     8.7 C    24.6     7.1    14.4
25379 201409  2.424 -135.3266   57.0574    15.0     9.4    12.2    12.0   316.7     5.4 C    20.0     6.7    12.4
25379 201410  2.424 -135.3266   57.0574    10.3     4.3     7.3     7.2   282.7     2.2 C    12.5     0.5     5.8
25379 201411  2.424 -135.3266   57.0574     5.0     0.1     2.5     2.5   250.3     0.8 C     5.0    -4.1    -0.1
25379 201412  2.424 -135.3266   57.0574     5.3     0.9     3.1     3.2   192.7     0.3 C     3.5    -2.9     0.6
25379 201501  2.424 -135.3266   57.0574     6.0     1.6     3.8     3.8   406.7     0.4 C     5.3    -1.7     1.9
25379 201502  2.424 -135.3266   57.0574     6.2    -0.3     2.9     2.7   158.6     1.6 C     6.3    -4.7     0.2
25379 201503  2.424 -135.3266   57.0574     7.9     0.9     4.4     4.0   207.1     5.0 C    12.8    -3.2     3.0
25379 201504  2.424 -135.3266   57.0574     8.8     1.2     5.0     4.8   269.4     8.7 C    19.3    -1.7     5.6
25379 201505  2.424 -135.3266   57.0574    14.5     5.1     9.8     9.7     9.7    18.5 C    28.4     1.3    12.8
25379 201506  2.424 -135.3266   57.0574    15.8     8.5    12.2    11.9   116.6    13.2 C    25.6     6.1    14.2
25379 201507  2.424 -135.3266   57.0574    16.3    10.7    13.5    13.4   325.5    10.9 C    24.6     9.2    15.5
25379 201508  2.424 -135.3266   57.0574    16.8    10.4    13.6    13.3   367.6    10.1 C    23.9     7.9    14.2
25379 201509  2.424 -135.3266   57.0574    13.4     6.9    10.1     9.8   474.0     5.7 C    18.2     3.7     9.7
25379 201510  2.424 -135.3266   57.0574    11.2     5.2     8.2     7.9   298.3     2.7 C    13.4     1.9     6.4
25379 201511  2.424 -135.3266   57.0574     5.2     1.2     3.2     3.1   460.2     0.6 C     4.4    -2.2     1.3
25379 201512  2.424 -135.3266   57.0574     3.6    -0.2     1.7     1.8   149.2     0.4 C     1.8    -4.6    -1.1
25379 201601  2.424 -135.3266   57.0574     6.0     1.9     3.9     3.9   207.0     0.5 C     4.8    -1.6     1.4
25379 201602  2.424 -135.3266   57.0574     7.3     1.5     4.4     4.2   108.0     1.7 C     7.8    -2.3     1.9
25379 201603  2.424 -135.3266   57.0574     9.6     1.6     5.6     5.2    92.5     5.8 C    16.0    -2.7     3.8
25379 201604  2.424 -135.3266   57.0574    10.7     3.5     7.1     6.9   131.7     8.5 C    19.6     0.1     7.9
25379 201605  2.424 -135.3266   57.0574    13.8     5.5     9.7     9.5   198.3    12.9 C    21.9     3.1    10.8
25379 201606  2.424 -135.3266   57.0574    15.6     8.5    12.0    11.7    85.6    14.6 C    22.1     6.9    13.3
25379 201607  2.424 -135.3266   57.0574    17.2    11.8    14.5    14.2   139.1    10.6 C    22.1    10.7    15.3
25379 201608  2.424 -135.3266   57.0574    17.7    11.7    14.7    14.3   230.6     8.4 C    22.3     9.9    14.8
25379 201609  2.424 -135.3266   57.0574    14.9     7.9    11.4    11.0   401.4     6.9 C    18.9     4.7    10.3
25379 201610  2.424 -135.3266   57.0574    10.7     2.8     6.7     6.3   129.1     2.7 C    11.3    -1.3     3.5
25379 201611  2.424 -135.3266   57.0574     6.5     1.8     4.1     3.9   254.1     0.8 C     5.5    -2.1     1.4
25379 201612  2.424 -135.3266   57.0574     1.6    -3.0    -0.7    -0.7   308.4     0.2 C    -1.8    -7.3    -4.2
25379 201701  2.424 -135.3266   57.0574     3.0    -1.7     0.6     0.5   253.3     0.5 C     0.1    -5.7    -2.8
25379 201702  2.424 -135.3266   57.0574     3.6    -2.7     0.4     0.1   188.7     1.6 C     1.8    -8.3    -4.0
25379 201703  2.424 -135.3266   57.0574     2.5    -3.6    -0.5    -0.7   142.8     5.4 C    -0.5    -9.3    -4.9
25379 201704  2.424 -135.3266   57.0574    11.5     1.6     6.6     6.2   105.8    10.7 C    23.5    -3.1     6.6
25379 201705  2.424 -135.3266   57.0574    12.1     4.3     8.2     8.1   110.8    12.8 C    22.5     0.8     9.8
25379 201706  2.424 -135.3266   57.0574    14.0     7.7    10.8    10.6   113.3    10.9 C    22.0     5.5    12.2
25379 201707  2.424 -135.3266   57.0574    15.7     9.7    12.7    12.4   129.7    10.0 C    23.4     7.3    14.1
