25522 201208  2.515 -155.9225   58.2077 -9999.0 -9999.0 -9999.0 -9999.0 -9999.0 -9999.0 U -9999.0 -9999.0 -9999.0
25522 201209  2.515 -155.9225   58.2077    10.1     2.5     6.3     6.6   140.3     5.9 C    13.9     1.8     6.5
25522 201210  2.515 -155.9225   58.2077     4.2    -5.1    -0.5    -0.6    22.0     5.2 C     5.6    -6.0    -1.4
25522 201211  2.515 -155.9225   58.2077    -5.7   -15.4   -10.6   -10.3    24.0     2.0 C    -5.8   -16.2   -11.2
25522 201212  2.515 -155.9225   58.2077    -6.1   -17.3   -11.7   -11.7    62.9     0.8 C    -7.7   -15.9   -11.7
25522 201301  2.515 -155.9225   58.2077 -9999.0 -9999.0 -9999.0 -9999.0    52.3     1.3 C    -1.3    -8.9    -4.5
25522 201302  2.515 -155.9225   58.2077 -9999.0 -9999.0 -9999.0 -9999.0    40.7     3.4 C    -1.5   -11.5    -5.4
25522 201303  2.515 -155.9225   58.2077    -2.0   -11.3    -6.6    -5.7    36.2    10.5 C    -3.4   -14.0    -7.6
25522 201304  2.515 -155.9225   58.2077     2.0    -9.0    -3.5    -2.9     6.1    19.4 C     5.9    -8.8    -2.4
25522 201305  2.515 -155.9225   58.2077    10.2    -1.4     4.4     4.8    11.3    18.5 C    22.1    -2.1     7.4
25522 201306  2.515 -155.9225   58.2077    17.1     4.2    10.6    11.1    31.7    19.3 C    31.5     2.9    14.6
25522 201307  2.515 -155.9225   58.2077    17.8     8.0    12.9    12.9    67.0    15.6 C    30.0     7.6    15.9
25522 201308  2.515 -155.9225   58.2077    14.7     8.5    11.6    11.4   131.0     8.5 C    20.5     8.0    12.2
25522 201309  2.515 -155.9225   58.2077    10.8     2.9     6.8     7.1    50.9     8.1 C    16.6     1.6     7.2
25522 201310  2.515 -155.9225   58.2077     8.1     2.1     5.1     5.2   130.5     3.6 C     9.0     0.8     4.3
25522 201311  2.515 -155.9225   58.2077    -0.1    -7.7    -3.9    -3.4    96.1     2.1 C    -1.1    -9.0    -4.7
25522 201312  2.515 -155.9225   58.2077 -9999.0 -9999.0 -9999.0 -9999.0    29.4     1.0 C    -2.5    -9.3    -5.7
25522 201401  2.515 -155.9225   58.2077 -9999.0 -9999.0 -9999.0 -9999.0   100.2     1.4 C     2.5    -4.1    -0.1
25522 201402  2.515 -155.9225   58.2077    -2.9   -12.7    -7.8    -7.3     3.6     4.1 C    -1.1   -11.3    -6.5
25522 201403  2.515 -155.9225   58.2077     1.4   -11.3    -5.0    -4.3    12.3    10.9 C     4.8   -12.2    -4.5
25522 201404  2.515 -155.9225   58.2077     7.3    -2.4     2.5     2.7    16.7    15.7 C    14.6    -3.3     3.3
25522 201405  2.515 -155.9225   58.2077    14.9     0.5     7.7     8.0    51.2    20.8 C    28.8    -1.1    10.9
25522 201406  2.515 -155.9225   58.2077    12.6     3.2     7.9     8.1   133.2    14.3 C    24.0     2.7    10.9
25522 201407  2.515 -155.9225   58.2077    17.6     6.6    12.1    12.4    54.3    17.1 C    31.6     5.9    15.6
25522 201408  2.515 -155.9225   58.2077    16.6     7.8    12.2    12.3   127.2    10.4 C    25.2     7.1    13.6
25522 201409  2.515 -155.9225   58.2077    13.7     4.6     9.2     9.1   107.2     8.4 C    19.7     3.5     9.2
25522 201410  2.515 -155.9225   58.2077     4.2    -7.1    -1.4    -0.9    18.4     5.8 C     7.7    -7.3    -1.2
25522 201411  2.515 -155.9225   58.2077     4.7    -2.2     1.2     1.5   124.0     1.5 C     2.8    -3.8    -0.3
25522 201412  2.515 -155.9225   58.2077     3.4    -3.4     0.0     0.5    68.9     0.5 C     1.2    -4.8    -1.3
25522 201501  2.515 -155.9225   58.2077    -1.1   -10.5    -5.8    -5.2    22.3     1.5 C    -2.2   -10.3    -6.0
25522 201502  2.515 -155.9225   58.2077     2.3    -7.5    -2.6    -2.4    46.8     3.7 C     1.3    -8.5    -4.1
25522 201503  2.515 -155.9225   58.2077     3.2    -6.0    -1.4    -1.0    46.5     8.5 C     6.5    -6.2    -1.2
25522 201504  2.515 -155.9225   58.2077 -9999.0 -9999.0 -9999.0 -9999.0 -9999.0 -9999.0 U -9999.0 -9999.0 -9999.0
25522 201505 -9.000 -155.9225   58.2077 -9999.0 -9999.0 -9999.0 -9999.0 -9999.0 -9999.0 U -9999.0 -9999.0 -9999.0
25522 201506  2.515 -155.9225   58.2077 -9999.0 -9999.0 -9999.0 -9999.0 -9999.0 -9999.0 U -9999.0 -9999.0 -9999.0
25522 201507  2.515 -155.9225   58.2077    16.0     8.1    12.1    12.0    82.2    12.6 C    26.2     7.5    14.0
25522 201508  2.515 -155.9225   58.2077    16.1     7.1    11.6    11.5    79.1    12.8 C    24.9     6.0    13.1
25522 201509  2.515 -155.9225   58.2077    10.5     2.9     6.7     7.0   192.2     6.0 C    14.5     2.4     7.1
25522 201510  2.515 -155.9225   58.2077     8.6     1.4     5.0     5.3    61.4     3.4 C    10.6     0.2     4.5
25522 201511  2.515 -155.9225   58.2077     1.6    -4.7    -1.6    -1.3   115.0     1.7 C     0.1    -6.0    -2.5
25522 201512  2.515 -155.9225   58.2077 -9999.0 -9999.0 -9999.0 -9999.0    61.0     0.9 C    -1.2    -9.0    -4.3
25522 201601  2.515 -155.9225   58.2077 -9999.0 -9999.0 -9999.0 -9999.0    62.6     1.5 C     1.2    -4.5    -1.4
25522 201602  2.515 -155.9225   58.2077 -9999.0 -9999.0 -9999.0 -9999.0    36.2     4.1 C     3.0    -4.5    -0.8
25522 201603  2.515 -155.9225   58.2077     3.9    -5.4    -0.8    -0.7    54.7     8.4 C     6.3    -5.1    -0.6
25522 201604  2.515 -155.9225   58.2077     9.4    -0.2     4.6     4.8    41.3    12.7 C    18.1    -1.7     5.3
25522 201605  2.515 -155.9225   58.2077    12.9     2.4     7.6     7.8    32.4    15.4 C    25.5     0.9    10.3
25522 201606  2.515 -155.9225   58.2077    16.0     5.6    10.8    11.1    54.7    16.7 C    28.7     4.8    13.7
25522 201607  2.515 -155.9225   58.2077    16.9     9.3    13.1    12.9   162.8    12.5 C    25.3     8.8    14.7
25522 201608  2.515 -155.9225   58.2077 -9999.0 -9999.0 -9999.0 -9999.0   115.1    10.5 C    24.0     8.7    14.0
25522 201609  2.515 -155.9225   58.2077 -9999.0 -9999.0 -9999.0 -9999.0 -9999.0 -9999.0 U -9999.0 -9999.0 -9999.0
25522 201610  2.515 -155.9225   58.2077     8.7    -1.1     3.8     4.2    54.2     4.8 C    10.1    -1.9     3.1
25522 201611  2.515 -155.9225   58.2077 -9999.0 -9999.0 -9999.0 -9999.0 -9999.0 -9999.0 U -9999.0 -9999.0 -9999.0
25522 201612  2.515 -155.9225   58.2077 -9999.0 -9999.0 -9999.0 -9999.0 -9999.0 -9999.0 U -9999.0 -9999.0 -9999.0
25522 201701  2.515 -155.9225   58.2077 -9999.0 -9999.0 -9999.0 -9999.0 -9999.0 -9999.0 U -9999.0 -9999.0 -9999.0
25522 201702  2.515 -155.9225   58.2077    -4.1   -14.5    -9.3    -9.3    42.7     5.0 C    -6.1   -16.8   -11.3
25522 201703  2.515 -155.9225   58.2077    -7.9   -20.6   -14.2   -13.8     1.1    13.7 C    -9.1   -23.9   -17.1
25522 201704  2.515 -155.9225   58.2077     6.7    -3.0     1.9     2.2    13.1    15.1 C     9.3    -3.7     1.7
25522 201705  2.515 -155.9225   58.2077    11.1     0.3     5.7     5.9    70.2    15.5 C    21.1    -0.7     7.4
25522 201706  2.515 -155.9225   58.2077    15.3     4.2     9.8    10.0    72.8    16.2 C    27.2     3.5    12.6
25522 201707  2.514 -155.9225   58.2077 -9999.0 -9999.0 -9999.0 -9999.0 -9999.0 -9999.0 U -9999.0 -9999.0 -9999.0
