53138 200405  1.201 -114.2090   39.0118 -9999.0 -9999.0 -9999.0 -9999.0 -9999.0 -9999.0 U -9999.0 -9999.0 -9999.0
53138 200406  1.201 -114.2090   39.0118    25.5    12.0    18.8    19.0    16.3    27.3 R -9999.0 -9999.0    23.9
53138 200407  1.201 -114.2090   39.0118    28.6    15.9    22.3    22.4    22.5    24.3 R -9999.0 -9999.0    25.7
53138 200408  1.201 -114.2090   39.0118    26.3    13.5    19.9    20.1    15.9    22.4 R -9999.0 -9999.0    22.9
53138 200409  1.201 -114.2090   39.0118    21.5     8.7    15.1    15.3    28.2    20.0 R -9999.0 -9999.0    16.6
53138 200410  1.201 -114.2090   39.0118    13.2     4.0     8.6     8.4    91.0    12.5 R -9999.0 -9999.0     8.7
53138 200411  1.201 -114.2090   39.0118     4.7    -3.1     0.8     0.7    51.5     9.2 R -9999.0 -9999.0    -0.1
53138 200412  1.201 -114.2090   39.0118     4.4    -5.5    -0.5    -0.6    30.5     8.7 R -9999.0 -9999.0    -2.9
53138 200501  1.201 -114.2090   39.0118     3.9    -4.1    -0.1    -0.2    70.9     8.9 R -9999.0 -9999.0    -2.3
53138 200502  1.201 -114.2090   39.0118     3.4    -4.4    -0.5    -0.7    62.7    10.6 R -9999.0 -9999.0    -1.2
53138 200503  1.201 -114.2090   39.0118     8.3    -2.1     3.1     3.1    30.8    17.9 R -9999.0 -9999.0     4.4
53138 200504  1.201 -114.2090   39.0118    11.6    -0.2     5.7     5.9    85.6    21.1 R -9999.0 -9999.0     7.9
53138 200505  1.201 -114.2090   39.0118    17.8     5.4    11.6    11.7    41.2    23.1 R -9999.0 -9999.0    14.5
53138 200506  1.201 -114.2090   39.0118    21.8     9.0    15.4    15.9    21.3    25.6 R -9999.0 -9999.0    19.4
53138 200507  1.201 -114.2090   39.0118    31.2    17.0    24.1    24.4    15.4    26.7 R -9999.0 -9999.0    27.9
53138 200508  1.201 -114.2090   39.0118    27.2    14.7    20.9    20.9    27.8    21.3 R -9999.0 -9999.0    22.9
53138 200509  1.201 -114.2090   39.0118    22.0     9.0    15.5    15.6    25.9    21.1 R -9999.0 -9999.0    16.9
53138 200510  1.201 -114.2090   39.0118    14.9     3.9     9.4     9.3    25.1    13.8 R -9999.0 -9999.0     9.3
53138 200511  1.201 -114.2090   39.0118    10.1    -1.5     4.3     4.3     1.6    10.7 R -9999.0 -9999.0     3.0
53138 200512  1.201 -114.2090   39.0118     5.1    -5.7    -0.3    -0.2    17.5     7.9 R -9999.0 -9999.0    -2.0
53138 200601  1.201 -114.2090   39.0118     4.8    -5.4    -0.3    -0.1    26.0     9.3 R -9999.0 -9999.0    -2.4
53138 200602  1.201 -114.2090   39.0118     4.8    -6.9    -1.1    -0.9    33.6    12.4 R -9999.0 -9999.0    -2.5
53138 200603  1.201 -114.2090   39.0118     5.0    -4.9     0.1     0.2    95.6    16.3 R -9999.0 -9999.0    -1.1
53138 200604  1.201 -114.2090   39.0118    13.9     1.5     7.7     8.0    32.6    22.8 R -9999.0 -9999.0    10.3
53138 200605  1.301 -114.2090   39.0118    20.6     7.2    13.9    14.0     4.9    24.0 R -9999.0 -9999.0    18.2
53138 200606  1.301 -114.2090   39.0118    27.5    13.3    20.4    20.4     9.1    26.3 R    45.6    11.5    24.3
53138 200607  1.301 -114.2090   39.0118    30.1    16.8    23.4    23.4    44.8    22.4 R    45.8    15.6    25.9
53138 200608  1.301 -114.2090   39.0118    28.1    14.9    21.5    21.8     0.9    25.6 R    43.6    13.4    24.9
53138 200609  1.301 -114.2090   39.0118    21.4     8.6    15.0    15.0    12.5    19.0 R    32.1     7.2    16.5
53138 200610  1.301 -114.2090   39.0118    13.5     2.5     8.0     8.1    41.1    14.4 R    18.6     1.6     8.1
53138 200611  1.301 -114.2090   39.0118     9.6    -2.6     3.5     3.6     4.4    11.1 R    12.5    -4.0     2.4
53138 200612  1.301 -114.2090   39.0118     3.5    -7.2    -1.9    -1.8    27.6     8.4 R     4.9    -9.7    -4.3
53138 200701  1.301 -114.2090   39.0118    -0.5   -11.2    -5.9    -5.6    28.9    10.4 R    -0.8   -15.3    -9.6
53138 200702  1.301 -114.2090   39.0118     6.0    -4.5     0.7     0.9    55.5    12.1 R     7.4    -7.7    -1.8
53138 200703  1.301 -114.2090   39.0118    11.7    -0.2     5.8     5.9    20.3    17.7 R    18.3    -2.0     5.7
53138 200704  1.301 -114.2090   39.0118    14.3     2.2     8.3     8.3    25.5    20.8 R    25.7     1.1    10.1
53138 200705  1.301 -114.2090   39.0118 -9999.0 -9999.0 -9999.0 -9999.0 -9999.0 -9999.0 U -9999.0 -9999.0 -9999.0
53138 200706  1.302 -114.2090   39.0118    27.4    12.6    20.0    21.0     5.0    29.9 R    43.3    12.2    24.8
53138 200707  1.302 -114.2090   39.0118    31.6    18.1    24.8    25.2     6.4    24.4 R    46.6    17.7    28.0
53138 200708  1.302 -114.2090   39.0118    29.4    16.0    22.7    23.0    15.7    24.0 R    45.7    15.9    25.4
53138 200709  1.302 -114.2090   39.0118    22.5     9.7    16.1    16.2    30.7    20.6 R    36.3     9.6    18.0
53138 200710  1.302 -114.2090   39.0118    15.2     2.3     8.7     9.0     1.6    15.0 R    27.3     2.2    10.2
53138 200711  1.302 -114.2090   39.0118    10.8    -1.4     4.7     4.6     0.8    11.1 R    23.0    -1.7     5.2
53138 200712  1.302 -114.2090   39.0118     0.5    -9.5    -4.5    -4.2    59.8     8.1 R    11.7   -10.3    -4.2
53138 200801  1.302 -114.2090   39.0118     0.7   -10.5    -4.9    -4.2    58.5     8.9 R     9.4   -11.6    -4.5
53138 200802  1.302 -114.2090   39.0118     3.9    -6.7    -1.4    -1.1    36.2    12.6 R    10.9    -7.7    -0.9
53138 200803  1.302 -114.2090   39.0118     8.5    -3.8     2.3     2.4    23.8    18.4 R    18.0    -4.0     3.9
53138 200804  1.302 -114.2090   39.0118    12.2    -1.5     5.3     5.8     1.0    24.6 R    23.6    -1.7     8.3
53138 200805  1.302 -114.2090   39.0118    17.0     4.3    10.6    10.9    15.5    23.6 R    27.8     4.3    13.4
53138 200806  1.302 -114.2090   39.0118    25.8    11.0    18.4    18.9    18.5    29.1 R    37.2    10.9    21.9
53138 200807  1.302 -114.2090   39.0118    30.5    16.9    23.7    23.8     6.6    26.0 R    43.3    16.7    26.7
53138 200808  1.302 -114.2090   39.0118    28.9    15.1    22.0    22.2    51.3    24.9 R    50.2    14.4    25.6
53138 200809  1.302 -114.2090   39.0118    23.1    10.3    16.7    16.8     3.2    20.7 R    41.6     9.4    19.0
53138 200810  1.302 -114.2090   39.0118    16.0     3.8     9.9     9.8    12.7    15.4 R    31.5     2.7    10.5
53138 200811  1.302 -114.2090   39.0118    10.5     0.0     5.2     5.2    14.6    10.5 R    24.3    -1.0     4.7
53138 200812  1.302 -114.2090   39.0118     3.9    -7.6    -1.9    -1.8    22.9     8.7 R    18.8    -9.8    -3.3
53138 200901  1.302 -114.2090   39.0118     5.6    -5.5     0.1    -0.1    35.7    10.1 R    17.8    -7.2    -1.5
53138 200902  1.302 -114.2090   39.0118     3.5    -5.7    -1.1    -0.8    71.4    13.1 R    15.4    -8.7    -2.6
53138 200903  1.302 -114.2090   39.0118     9.2    -3.5     2.9     3.1    20.4    19.2 R    29.2    -4.6     4.5
53138 200904  1.302 -114.2090   39.0118    12.0     0.2     6.1     6.2    48.7    20.8 R    31.3    -0.8     8.4
53138 200905  1.302 -114.2090   39.0118    20.6     7.3    13.9    14.1    11.5    26.5 R    43.5     6.8    18.3
53138 200906  1.302 -114.2090   39.0118    21.6     8.8    15.2    15.2    24.6    22.4 R    43.1     8.8    19.0
53138 200907  1.302 -114.2090   39.0118    29.2    15.4    22.3    22.4    26.0    24.1 R    52.4    14.8    26.3
53138 200908  1.302 -114.2090   39.0118    28.1    14.6    21.3    21.5     1.1    25.6 R    50.8    13.8    25.9
53138 200909  1.302 -114.2090   39.0118    24.6    12.4    18.5    18.6    10.3    20.4 R    43.6    11.3    21.2
53138 200910  1.302 -114.2090   39.0118    13.1     0.6     6.8     6.7    31.8    15.3 R    27.1     0.3     8.3
53138 200911  1.302 -114.2090   39.0118     9.4    -2.4     3.5     3.5     0.6    11.2 R    18.8    -3.6     3.2
53138 200912  1.302 -114.2090   39.0118     0.0   -10.4    -5.2    -5.1    29.2     8.3 R     5.2   -13.0    -6.6
53138 201001  1.302 -114.2090   39.0118     2.8    -6.4    -1.8    -1.6    52.1     9.6 R     7.3    -9.3    -3.4
53138 201002  1.302 -114.2090   39.0118     2.5    -5.2    -1.4    -1.4    40.5    11.5 R     6.8    -7.3    -2.2
53138 201003  1.302 -114.2090   39.0118     8.0    -3.1     2.5     2.4    46.0    17.7 R    21.1    -3.8     4.5
53138 201004  1.302 -114.2090   39.0118    11.3    -1.1     5.1     5.4    47.2    22.2 R    24.6    -2.6     7.7
53138 201005  1.302 -114.2090   39.0118    14.5     1.9     8.2     8.3    23.4    25.8 R    32.4     1.7    12.9
53138 201006  1.302 -114.2090   39.0118    24.5    10.5    17.5    17.9    11.9    27.7 R    45.0    10.6    23.5
53138 201007  1.302 -114.2090   39.0118    29.5    15.8    22.6    23.0    30.1    25.6 R    50.3    15.4    28.0
53138 201008  1.302 -114.2090   39.0118    27.8    14.1    21.0    21.4     8.8    26.0 R    47.5    13.9    25.9
53138 201009  1.302 -114.2090   39.0118    25.2    11.0    18.1    18.4     4.0    23.9 R    41.8    10.0    21.6
53138 201010  2.302 -114.2090   39.0118    15.3     4.8    10.0     9.6    59.8    17.7 R    21.9     4.4    10.5
53138 201011  2.302 -114.2090   39.0118     6.0    -4.4     0.8     0.8    49.5    14.3 R     8.2    -6.3    -0.3
53138 201012  2.302 -114.2090   39.0118     4.9    -4.4     0.2     0.0    78.6    10.2 R     5.5    -6.0    -1.4
53138 201101  2.302 -114.2090   39.0118     2.9    -7.8    -2.4    -2.4    11.4    14.2 R     3.7    -9.8    -4.1
53138 201102  2.302 -114.2090   39.0118     2.6    -8.1    -2.7    -2.4    51.8    18.8 R     5.6   -10.5    -3.4
53138 201103  2.302 -114.2090   39.0118     8.7    -2.2     3.3     3.5    26.5    24.1 R    17.6    -3.6     4.3
53138 201104  2.302 -114.2090   39.0118    10.7    -1.2     4.8     4.9    53.9    29.7 R    23.5    -1.8     7.5
53138 201105  2.302 -114.2090   39.0118    14.5     2.4     8.4     8.6    90.0    30.8 R    27.3     2.3    11.6
53138 201106  2.302 -114.2090   39.0118    23.2     8.7    16.0    16.5     7.5    40.6 R    37.7     8.9    20.8
53138 201107  2.403 -114.2090   39.0118    28.4    14.5    21.5    21.7    20.4    28.8 R    47.9    14.2    26.0
53138 201108  2.403 -114.2090   39.0118    30.0    15.5    22.8    23.0     4.9    24.7 R    50.4    14.4    27.3
53138 201109  2.403 -114.2090   39.0118    24.0    11.6    17.8    17.5    13.7    19.4 R    39.4    10.6    20.6
53138 201110  2.403 -114.2090   39.0118    15.5     3.9     9.7     9.7    31.2    14.8 R    25.7     3.2    11.0
53138 201111  2.403 -114.2090   39.0118     7.7    -4.0     1.8     1.9     3.5    10.0 R    14.0    -5.1     2.0
53138 201112  2.403 -114.2090   39.0118     2.4    -8.1    -2.9    -3.0    12.0     8.6 R     4.4   -11.0    -5.1
53138 201201  2.403 -114.2090   39.0118     6.6    -5.1     0.8     0.6    10.2     9.5 R    11.3    -6.5    -0.1
53138 201202  2.403 -114.2090   39.0118     3.8    -6.6    -1.4    -1.3    42.3    12.8 R     8.1    -8.3    -1.8
53138 201203  2.403 -114.2090   39.0118    11.0    -1.3     4.8     4.9    21.6    17.8 R    23.7    -3.3     6.2
53138 201204  2.403 -114.2090   39.0118    15.4     2.3     8.9     9.0     9.8    22.0 R    35.4     0.7    12.8
53138 201205  2.403 -114.2090   39.0118    20.7     6.4    13.5    14.0     1.7    27.5 R    45.6     5.2    20.3
53138 201206  2.413 -114.2090   39.0118    27.7    12.1    19.9    20.6     0.0    31.7 R    54.9     9.0    27.5
53138 201207  2.413 -114.2090   39.0118    29.5    15.6    22.5    22.6    27.0    23.6 C    52.3    13.0    26.8
53138 201208  2.413 -114.2090   39.0118    28.8    15.6    22.2    22.1    36.9    19.1 C    47.8    13.3    24.5
53138 201209  2.413 -114.2090   39.0118    23.7    11.7    17.7    17.6    56.2    19.4 C    38.6     8.7    19.2
53138 201210  2.413 -114.2090   39.0118    16.4     4.5    10.5    10.4    12.5    14.6 C    27.0     2.0    10.7
53138 201211  2.413 -114.2090   39.0118    10.4    -0.1     5.2     5.0    37.7    10.3 C    16.0    -3.5     3.2
53138 201212  2.413 -114.2090   39.0118     2.3    -6.7    -2.2    -1.8    56.6     6.6 C     2.3   -11.2    -5.0
53138 201301  2.413 -114.2090   39.0118     0.4   -10.0    -4.8    -4.7    13.6     9.4 C    -2.8   -15.2    -9.4
53138 201302  2.413 -114.2090   39.0118     3.1    -8.2    -2.5    -2.5    14.0    13.2 C     8.1    -9.9    -3.1
53138 201303  2.413 -114.2090   39.0118    10.2    -1.0     4.6     4.6    34.2    17.2 C    23.1    -4.1     5.6
53138 201304  2.413 -114.2090   39.0118    12.6     0.3     6.4     6.6    45.0    22.2 C    26.0    -2.4     8.4
53138 201305  2.413 -114.2090   39.0118    18.6     4.9    11.8    12.2    25.9    25.3 C    39.5     3.5    17.1
53138 201306  2.423 -114.2090   39.0118    27.3    12.0    19.6    20.4     0.0    28.8 C    50.9     9.6    26.7
53138 201307  2.423 -114.2090   39.0118    30.4    17.1    23.8    23.8    19.3    22.4 C    52.9    14.7    28.3
53138 201308  2.423 -114.2090   39.0118    28.3    14.9    21.6    21.5    16.4    21.2 C    49.5    12.4    25.2
53138 201309  2.423 -114.2090   39.0118    20.2     9.5    14.8    14.7   103.5    17.2 C    33.6     8.4    16.9
53138 201310  2.423 -114.2090   39.0118    12.8     1.5     7.2     6.8    34.1    14.4 C    22.4    -0.5     7.5
53138 201311  2.423 -114.2090   39.0118     8.5    -1.4     3.6     3.3    45.2     9.9 C    11.3    -4.5     1.2
53138 201312  2.423 -114.2090   39.0118     2.5    -8.5    -3.0    -3.1    47.5     8.7 C    -0.4   -12.7    -7.3
53138 201401  2.423 -114.2090   39.0118     6.7    -4.4     1.1     0.8    31.6    10.6 C    11.5    -7.8    -1.5
53138 201402  2.423 -114.2090   39.0118     7.8    -3.5     2.2     2.7    15.6    13.2 C    13.9    -7.5     0.6
53138 201403  2.423 -114.2090   39.0118    10.7    -1.8     4.4     4.4    20.1    17.8 C    23.8    -4.6     5.7
53138 201404  2.423 -114.2090   39.0118    14.0     1.2     7.6     7.8    15.8    21.8 C    33.7    -1.2    11.2
53138 201405  2.423 -114.2090   39.0118 -9999.0 -9999.0 -9999.0 -9999.0 -9999.0 -9999.0 U -9999.0 -9999.0 -9999.0
53138 201406  2.423 -114.2090   39.0118    26.1    10.9    18.5    19.1     3.7    28.4 C    51.1     9.4    26.0
53138 201407  2.423 -114.2090   39.0118    29.7    16.5    23.1    23.2    79.6    23.6 C    51.1    14.9    27.6
53138 201408  2.423 -114.2090   39.0118    25.2    12.8    19.0    18.8    93.2    22.1 C    39.6    11.8    21.6
53138 201409  2.423 -114.2090   39.0118    23.2    10.9    17.0    17.0    41.7    18.5 C    36.8     9.1    18.9
53138 201410  2.423 -114.2090   39.0118    17.9     5.7    11.8    11.9     0.0    16.1 C    30.3     2.8    12.7
53138 201411  2.423 -114.2090   39.0118     9.4    -2.8     3.3     3.2    10.7    10.6 C    16.4    -5.3     2.4
53138 201412  2.423 -114.2090   39.0118     4.7    -4.4     0.2     0.0    23.5     6.8 C     8.7    -7.3    -1.4
53138 201501  2.423 -114.2090   39.0118     5.9    -3.9     1.0     0.7    26.9     8.6 C     9.0    -6.7    -1.1
53138 201502  2.423 -114.2090   39.0118     9.4    -1.6     3.9     3.9    40.9    12.7 C    16.9    -4.9     2.8
53138 201503  2.423 -114.2090   39.0118    12.6     0.4     6.5     6.6    10.7    17.7 C    24.0    -3.2     6.9
53138 201504  2.423 -114.2090   39.0118    14.0     1.4     7.7     7.8    11.0    23.0 C    33.4    -0.9    12.0
53138 201505  2.423 -114.2090   39.0118    16.3     5.4    10.9    10.9    71.1    19.9 C    33.1     4.6    14.4
53138 201506  2.423 -114.2090   39.0118    28.1    14.3    21.2    21.7    18.1    26.4 C    48.4    12.0    25.8
53138 201507  2.423 -114.2090   39.0118    27.7    14.3    21.0    21.4    15.8    24.6 C    49.3    12.9    26.5
53138 201508  2.423 -114.2090   39.0118    29.1    14.8    22.0    22.2    18.3    21.4 C    48.8    12.9    26.1
53138 201509  2.423 -114.2090   39.0118    25.7    12.8    19.2    19.2     5.1    19.7 C    43.7    10.6    22.5
53138 201510  2.423 -114.2090   39.0118    17.1     6.6    11.8    11.7    41.0    12.5 C    26.6     4.7    12.6
53138 201511  2.423 -114.2090   39.0118     5.2    -5.4    -0.1     0.1    40.3    10.5 C    10.3    -7.7    -0.9
53138 201512  2.423 -114.2090   39.0118     3.2    -7.1    -1.9    -1.8    20.7     7.9 C     6.0    -9.7    -3.6
53138 201601  2.423 -114.2090   39.0118     2.0    -7.6    -2.8    -2.6    66.8     8.3 C     0.0   -12.1    -5.8
53138 201602  2.423 -114.2090   39.0118     7.4    -3.9     1.7     1.6    15.6    15.1 C    12.1    -7.9    -0.3
53138 201603  2.423 -114.2090   39.0118    11.4    -0.8     5.3     5.3    32.0    16.9 C    25.1    -3.3     7.0
53138 201604  2.423 -114.2090   39.0118    13.5     2.2     7.8     7.9    55.9    19.4 C    28.6     0.9    10.7
53138 201605  2.423 -114.2090   39.0118    17.4     5.0    11.2    11.4    23.0    23.0 C    33.4     4.2    15.0
53138 201606  2.423 -114.2090   39.0118    28.6    13.8    21.2    21.3    11.5    26.2 C    47.0    12.2    25.7
53138 201607  2.423 -114.2090   39.0118    30.9    16.0    23.4    24.1     1.3    26.5 C    51.4    14.1    29.1
53138 201608  2.423 -114.2090   39.0118    29.2    15.1    22.2    22.4     7.2    22.3 C    48.6    13.1    26.3
53138 201609  2.423 -114.2090   39.0118    23.2     9.0    16.1    16.2    11.1    20.3 C    40.1     7.7    19.9
53138 201610  2.423 -114.2090   39.0118    17.7     5.6    11.7    11.6     9.5    14.2 C    30.5     3.3    13.0
53138 201611  2.423 -114.2090   39.0118    11.1    -0.2     5.4     5.1    14.2    10.2 C    17.9    -2.8     4.3
53138 201612  2.423 -114.2090   39.0118     4.1    -7.8    -1.9    -1.7    36.5     7.4 C     5.5    -9.6    -3.4
53138 201701  2.423 -114.2090   39.0118     1.2    -8.5    -3.6    -3.3    67.3     7.7 C     0.1   -12.6    -6.1
53138 201702  2.423 -114.2090   39.0118     6.8    -2.8     2.0     2.0    48.8    11.7 C    12.7    -5.0     1.4
53138 201703  2.423 -114.2090   39.0118    12.8     0.4     6.6     6.7    46.5    16.8 C    24.8    -2.0     7.8
53138 201704  2.423 -114.2090   39.0118    13.0     0.5     6.8     6.8    41.7    22.7 C    28.6    -0.5    10.0
53138 201705  2.423 -114.2090   39.0118    19.3     5.9    12.6    12.8     7.7    27.8 C    38.2     4.9    17.9
53138 201706  2.423 -114.2090   39.0118    28.0    13.0    20.5    20.9     1.5    29.1 C    49.8    11.5    27.1
53138 201707  2.423 -114.2090   39.0118    30.6    17.0    23.8    23.8    50.3    21.8 C    49.9    15.4    27.4
