94096 201109  6.101 -109.6429   40.1346 -9999.0 -9999.0 -9999.0 -9999.0 -9999.0 -9999.0 U -9999.0 -9999.0 -9999.0
94096 201110  6.101 -109.6429   40.1346    17.7     1.1     9.4     9.5    25.3 -9999.0 U -9999.0 -9999.0 -9999.0
94096 201111  6.101 -109.6429   40.1346     7.6    -6.7     0.5     0.7     2.6 -9999.0 U -9999.0 -9999.0 -9999.0
94096 201112  6.101 -109.6429   40.1346    -2.6   -14.6    -8.6    -8.4     7.5 -9999.0 U -9999.0 -9999.0 -9999.0
94096 201201  6.101 -109.6429   40.1346     3.0   -13.2    -5.1    -5.3     1.3 -9999.0 U -9999.0 -9999.0 -9999.0
94096 201202  6.101 -109.6429   40.1346     6.8    -8.6    -0.9    -0.6     9.5 -9999.0 U -9999.0 -9999.0 -9999.0
94096 201203  6.101 -109.6429   40.1346    16.7    -3.5     6.6     7.3     0.0 -9999.0 U -9999.0 -9999.0 -9999.0
94096 201204  6.101 -109.6429   40.1346    20.8     1.8    11.3    11.9    10.3 -9999.0 U -9999.0 -9999.0 -9999.0
94096 201205  6.101 -109.6429   40.1346    26.0     5.8    15.9    17.2     0.8 -9999.0 U -9999.0 -9999.0 -9999.0
94096 201206  6.101 -109.6429   40.1346    33.5    10.3    21.9    23.4     0.0 -9999.0 U -9999.0 -9999.0 -9999.0
94096 201207  6.101 -109.6429   40.1346    33.5    14.6    24.0    24.5     2.6 -9999.0 U -9999.0 -9999.0 -9999.0
94096 201208  6.101 -109.6429   40.1346    33.6    13.0    23.3    23.8     7.1 -9999.0 U -9999.0 -9999.0 -9999.0
94096 201209  6.101 -109.6429   40.1346    27.6     6.7    17.1    17.4    17.0 -9999.0 U -9999.0 -9999.0 -9999.0
94096 201210  6.101 -109.6429   40.1346    18.7     0.2     9.5     9.5    25.2 -9999.0 U -9999.0 -9999.0 -9999.0
94096 201211  6.101 -109.6429   40.1346    11.4    -6.3     2.5     2.5     0.0 -9999.0 U -9999.0 -9999.0 -9999.0
94096 201212  6.101 -109.6429   40.1346    -0.6   -13.2    -6.9    -6.5    26.1 -9999.0 U -9999.0 -9999.0 -9999.0
94096 201301  6.101 -109.6429   40.1346   -12.4   -25.0   -18.7   -18.6    11.8 -9999.0 U -9999.0 -9999.0 -9999.0
94096 201302  6.101 -109.6429   40.1346    -5.2   -18.4   -11.8   -11.3     5.0 -9999.0 U -9999.0 -9999.0 -9999.0
94096 201303  6.101 -109.6429   40.1346    10.4    -5.5     2.5     2.7    13.2 -9999.0 U -9999.0 -9999.0 -9999.0
94096 201304  6.101 -109.6429   40.1346    15.8     0.0     7.9     8.1    19.9 -9999.0 U -9999.0 -9999.0 -9999.0
94096 201305  6.101 -109.6429   40.1346    24.5     5.7    15.1    15.9     6.8 -9999.0 U -9999.0 -9999.0 -9999.0
94096 201306  6.101 -109.6429   40.1346    33.4     9.9    21.6    23.2     0.0 -9999.0 U -9999.0 -9999.0 -9999.0
94096 201307  6.101 -109.6429   40.1346    34.8    15.7    25.2    25.4    26.2 -9999.0 U -9999.0 -9999.0 -9999.0
94096 201308  6.101 -109.6429   40.1346    32.0    12.7    22.4    22.7     9.4 -9999.0 U -9999.0 -9999.0 -9999.0
94096 201309  6.101 -109.6429   40.1346    25.5     9.9    17.7    17.5    59.2 -9999.0 U -9999.0 -9999.0 -9999.0
94096 201310  6.101 -109.6429   40.1346    16.3    -0.7     7.8     7.7    27.3 -9999.0 U -9999.0 -9999.0 -9999.0
94096 201311  6.101 -109.6429   40.1346     7.1    -5.0     1.1     0.9     7.8 -9999.0 U -9999.0 -9999.0 -9999.0
94096 201312  6.101 -109.6429   40.1346 -9999.0 -9999.0 -9999.0 -9999.0 -9999.0 -9999.0 U -9999.0 -9999.0 -9999.0
94096 201401  6.101 -109.6429   40.1346    -4.4   -18.7   -11.6   -11.7     1.5 -9999.0 U -9999.0 -9999.0 -9999.0
94096 201402  6.101 -109.6429   40.1346     6.6    -8.8    -1.1    -1.0     3.5 -9999.0 U -9999.0 -9999.0 -9999.0
94096 201403  6.101 -109.6429   40.1346    14.5    -3.4     5.6     5.9    10.8 -9999.0 U -9999.0 -9999.0 -9999.0
94096 201404  6.101 -109.6429   40.1346    18.2     0.0     9.1    10.0     4.3 -9999.0 U -9999.0 -9999.0 -9999.0
94096 201405  6.101 -109.6429   40.1346    25.0     5.6    15.3    16.0    25.0 -9999.0 U -9999.0 -9999.0 -9999.0
94096 201406  6.101 -109.6429   40.1346 -9999.0 -9999.0 -9999.0 -9999.0 -9999.0 -9999.0 U -9999.0 -9999.0 -9999.0
