03090 200911  6.101 -105.9721   36.6519     9.1    -6.9     1.1     0.9 -9999.0 -9999.0 U -9999.0 -9999.0 -9999.0
03090 200912  6.101 -105.9721   36.6519    -2.1   -15.8    -8.9    -8.3    26.0 -9999.0 U -9999.0 -9999.0 -9999.0
03090 201001  6.101 -105.9721   36.6519     0.6   -14.4    -6.9    -6.3    25.2 -9999.0 U -9999.0 -9999.0 -9999.0
03090 201002  6.101 -105.9721   36.6519     0.1   -13.7    -6.8    -5.9    19.6 -9999.0 U -9999.0 -9999.0 -9999.0
03090 201003  6.101 -105.9721   36.6519     5.7    -8.8    -1.6    -0.9    31.7 -9999.0 U -9999.0 -9999.0 -9999.0
03090 201004  6.101 -105.9721   36.6519    12.3    -2.9     4.7     5.2    16.1 -9999.0 U -9999.0 -9999.0 -9999.0
03090 201005  6.101 -105.9721   36.6519    17.4     0.2     8.8     9.9     9.3 -9999.0 U -9999.0 -9999.0 -9999.0
03090 201006  6.101 -105.9721   36.6519    25.7     6.1    15.9    17.2     2.9 -9999.0 U -9999.0 -9999.0 -9999.0
03090 201007  6.101 -105.9721   36.6519    25.8     9.9    17.9    17.5    69.1 -9999.0 U -9999.0 -9999.0 -9999.0
03090 201008  6.101 -105.9721   36.6519    24.6     8.7    16.7    16.6    60.4 -9999.0 U -9999.0 -9999.0 -9999.0
03090 201009  6.101 -105.9721   36.6519    23.6     5.0    14.3    15.0    23.0 -9999.0 U -9999.0 -9999.0 -9999.0
03090 201010  6.101 -105.9721   36.6519    15.8    -1.0     7.4     7.7    14.8 -9999.0 U -9999.0 -9999.0 -9999.0
03090 201011  6.101 -105.9721   36.6519     7.0    -9.8    -1.4    -1.2     2.9 -9999.0 U -9999.0 -9999.0 -9999.0
03090 201012  6.101 -105.9721   36.6519     5.4    -7.9    -1.2    -1.2    15.2 -9999.0 U -9999.0 -9999.0 -9999.0
03090 201101  6.101 -105.9721   36.6519     2.0   -14.1    -6.1    -5.9     0.7 -9999.0 U -9999.0 -9999.0 -9999.0
03090 201102  6.101 -105.9721   36.6519     2.5   -12.7    -5.1    -4.5     6.9 -9999.0 U -9999.0 -9999.0 -9999.0
03090 201103  6.101 -105.9721   36.6519    10.8    -5.1     2.9     3.2     9.1 -9999.0 U -9999.0 -9999.0 -9999.0
03090 201104  6.101 -105.9721   36.6519    13.3    -3.0     5.1     6.0    19.2 -9999.0 U -9999.0 -9999.0 -9999.0
03090 201105  6.101 -105.9721   36.6519    16.3    -0.1     8.1     9.1    22.0 -9999.0 U -9999.0 -9999.0 -9999.0
03090 201106  6.101 -105.9721   36.6519    26.2     6.5    16.4    17.9     0.6 -9999.0 U -9999.0 -9999.0 -9999.0
03090 201107  6.101 -105.9721   36.6519    27.8    10.5    19.1    19.0    50.8 -9999.0 U -9999.0 -9999.0 -9999.0
03090 201108  6.101 -105.9721   36.6519    26.4    10.2    18.3    18.3    39.2 -9999.0 U -9999.0 -9999.0 -9999.0
03090 201109  6.101 -105.9721   36.6519    19.8     5.0    12.4    12.3    84.8 -9999.0 U -9999.0 -9999.0 -9999.0
03090 201110  6.101 -105.9721   36.6519    14.2    -1.2     6.5     6.3    39.7 -9999.0 U -9999.0 -9999.0 -9999.0
03090 201111  6.101 -105.9721   36.6519     7.0    -6.9     0.1    -0.2    21.1 -9999.0 U -9999.0 -9999.0 -9999.0
03090 201112  6.101 -105.9721   36.6519 -9999.0 -9999.0 -9999.0 -9999.0 -9999.0 -9999.0 U -9999.0 -9999.0 -9999.0
03090 201201  6.101 -105.9721   36.6519     3.1   -12.0    -4.5    -4.0    12.9 -9999.0 U -9999.0 -9999.0 -9999.0
03090 201202  6.101 -105.9721   36.6519     1.9   -12.4    -5.3    -4.3    25.2 -9999.0 U -9999.0 -9999.0 -9999.0
03090 201203  6.101 -105.9721   36.6519    10.6    -5.9     2.3     3.0    10.1 -9999.0 U -9999.0 -9999.0 -9999.0
03090 201204  6.101 -105.9721   36.6519    15.5    -1.9     6.8     7.6    14.7 -9999.0 U -9999.0 -9999.0 -9999.0
03090 201205  6.101 -105.9721   36.6519    19.9     1.2    10.6    11.8    11.1 -9999.0 U -9999.0 -9999.0 -9999.0
03090 201206  6.101 -105.9721   36.6519    27.7     7.2    17.5    18.9     5.5 -9999.0 U -9999.0 -9999.0 -9999.0
03090 201207  6.101 -105.9721   36.6519    27.4     9.5    18.4    18.2    24.9 -9999.0 U -9999.0 -9999.0 -9999.0
03090 201208  6.101 -105.9721   36.6519    25.7     9.3    17.5    17.2    45.1 -9999.0 U -9999.0 -9999.0 -9999.0
03090 201209  6.101 -105.9721   36.6519    22.0     4.4    13.2    13.4    32.6 -9999.0 U -9999.0 -9999.0 -9999.0
03090 201210  6.101 -105.9721   36.6519    16.6    -1.6     7.5     8.0    13.1 -9999.0 U -9999.0 -9999.0 -9999.0
03090 201211  6.101 -105.9721   36.6519    11.2    -7.6     1.8     1.0     7.5 -9999.0 U -9999.0 -9999.0 -9999.0
03090 201212  6.101 -105.9721   36.6519     1.7   -14.7    -6.5    -5.9    28.9 -9999.0 U -9999.0 -9999.0 -9999.0
03090 201301  6.101 -105.9721   36.6519    -0.9   -16.6    -8.7    -8.1    10.3 -9999.0 U -9999.0 -9999.0 -9999.0
03090 201302  6.101 -105.9721   36.6519     2.3   -12.4    -5.1    -4.6    15.8 -9999.0 U -9999.0 -9999.0 -9999.0
03090 201303  6.101 -105.9721   36.6519     9.7    -6.4     1.6     2.0    11.2 -9999.0 U -9999.0 -9999.0 -9999.0
03090 201304  6.101 -105.9721   36.6519    13.3    -3.7     4.8     5.8    11.2 -9999.0 U -9999.0 -9999.0 -9999.0
03090 201305  6.101 -105.9721   36.6519    18.6     0.3     9.4    10.6     5.1 -9999.0 U -9999.0 -9999.0 -9999.0
03090 201306  6.101 -105.9721   36.6519    27.0     6.6    16.8    18.0     6.5 -9999.0 U -9999.0 -9999.0 -9999.0
03090 201307  6.101 -105.9721   36.6519    25.8     9.8    17.8    17.4    76.7 -9999.0 U -9999.0 -9999.0 -9999.0
03090 201308  6.101 -105.9721   36.6519    24.9     8.7    16.8    16.7    34.6 -9999.0 U -9999.0 -9999.0 -9999.0
03090 201309  6.101 -105.9721   36.6519    21.1     6.0    13.6    13.5    80.7 -9999.0 U -9999.0 -9999.0 -9999.0
03090 201310  6.101 -105.9721   36.6519    12.9    -3.0     5.0     5.0    32.5 -9999.0 U -9999.0 -9999.0 -9999.0
03090 201311  6.101 -105.9721   36.6519     7.6    -6.3     0.6     0.1 -9999.0 -9999.0 U -9999.0 -9999.0 -9999.0
03090 201312  6.101 -105.9721   36.6519     0.6   -13.9    -6.7    -6.2    10.6 -9999.0 U -9999.0 -9999.0 -9999.0
03090 201401  6.101 -105.9721   36.6519     3.1   -12.2    -4.6    -4.3     5.2 -9999.0 U -9999.0 -9999.0 -9999.0
03090 201402  6.101 -105.9721   36.6519     6.0    -7.7    -0.8    -0.4     4.8 -9999.0 U -9999.0 -9999.0 -9999.0
03090 201403  6.101 -105.9721   36.6519     9.4    -5.6     1.9     2.0    21.7 -9999.0 U -9999.0 -9999.0 -9999.0
03090 201404  6.101 -105.9721   36.6519    12.8    -4.3     4.3     5.0    15.7 -9999.0 U -9999.0 -9999.0 -9999.0
03090 201405  6.101 -105.9721   36.6519    18.0     0.0     9.0     9.8    31.0 -9999.0 U -9999.0 -9999.0 -9999.0
03090 201406  6.101 -105.9721   36.6519 -9999.0 -9999.0 -9999.0 -9999.0 -9999.0 -9999.0 U -9999.0 -9999.0 -9999.0
