92821 200505  1.201  -80.6929   28.6159 -9999.0 -9999.0 -9999.0 -9999.0 -9999.0 -9999.0 U -9999.0 -9999.0 -9999.0
92821 200506  1.201  -80.6929   28.6159    29.5    22.6    26.1    25.7   180.9    16.4 R -9999.0 -9999.0    27.3
92821 200507  1.201  -80.6929   28.6159    31.6    23.9    27.7    27.7    70.3    22.8 R -9999.0 -9999.0    29.1
92821 200508  1.201  -80.6929   28.6159    32.1    23.9    28.0    27.6   105.3    20.1 R -9999.0 -9999.0    29.1
92821 200509  1.201  -80.6929   28.6159    30.0    22.9    26.4    26.3   124.6    16.3 R -9999.0 -9999.0    27.0
92821 200510  1.201  -80.6929   28.6159    27.1    20.2    23.7    23.5   421.9    14.1 R -9999.0 -9999.0    24.1
92821 200511  1.201  -80.6929   28.6159    24.6    16.2    20.4    20.4    37.9    12.5 R -9999.0 -9999.0    20.6
92821 200512  1.201  -80.6929   28.6159    20.3    10.9    15.6    15.4    48.7    10.7 R -9999.0 -9999.0    15.7
92821 200601  1.301  -80.6929   28.6159    21.8    10.8    16.3    16.2     9.3    13.4 R -9999.0 -9999.0    17.0
92821 200602  1.301  -80.6929   28.6159    20.9     9.0    14.9    14.9    33.6    14.6 R    34.6     8.1    16.5
92821 200603  1.301  -80.6929   28.6159    23.4    12.0    17.7    18.1     4.3    20.8 R    46.8    10.3    21.7
92821 200604  1.301  -80.6929   28.6159    27.1    17.0    22.0    22.1    64.2    22.6 R    54.5    15.3    27.1
92821 200605  1.301  -80.6929   28.6159    29.0    18.3    23.6    23.7    17.9    23.0 R    58.3    16.8    29.7
92821 200606  1.301  -80.6929   28.6159    29.4    21.1    25.2    25.3   139.0    22.1 R    50.8    21.1    30.2
92821 200607  1.301  -80.6929   28.6159    29.8    22.2    26.0    25.9   197.6    20.3 R    52.5    22.3    30.7
92821 200608  1.301  -80.6929   28.6159    30.7    22.4    26.5    26.3   200.3    20.7 R    45.7    22.3    29.7
92821 200609  1.301  -80.6929   28.6159    25.0    16.4    20.7    20.5   179.2    18.3 R    37.9    23.2    27.9
92821 200610  1.301  -80.6929   28.6159    27.3    17.8    22.5    22.6    23.4    17.0 R    32.5    16.0    22.2
92821 200611  1.301  -80.6929   28.6159    23.1    13.8    18.4    18.3    64.0    13.3 R    28.2    11.8    18.0
92821 200612  1.301  -80.6929   28.6159    23.6    15.4    19.5    19.6    40.7     9.6 R    28.3    13.7    19.1
92821 200701  1.301  -80.6929   28.6159    21.6    12.8    17.2    17.5    34.2    11.6 R    26.9    11.5    17.5
92821 200702  1.302  -80.6929   28.6159    21.0     9.7    15.4    15.3    50.2    14.6 R    27.8     7.9    15.5
92821 200703  1.302  -80.6929   28.6159    23.8    13.3    18.6    18.8    21.8    18.4 R    32.5    10.8    18.9
92821 200704  1.302  -80.6929   28.6159    25.8    14.3    20.1    20.4    43.8    22.1 R    34.3    12.3    20.9
92821 200705  1.302  -80.6929   28.6159    27.2    18.4    22.8    23.1    68.7    22.1 R    46.1    16.6    26.1
92821 200706  1.302  -80.6929   28.6159    30.1    20.9    25.5    25.5   165.1    21.5 R    52.1    20.3    29.4
92821 200707  1.302  -80.6929   28.6159    31.5    22.9    27.2    26.5   199.0    19.1 R    48.6    22.6    29.4
92821 200708  1.302  -80.6929   28.6159    32.2    22.9    27.6    27.4    27.6    21.5 R    45.0    21.6    29.5
92821 200709  1.302  -80.6929   28.6159    30.5    22.4    26.5    26.0   237.5    16.6 R    38.2    21.4    26.4
92821 200710  1.302  -80.6929   28.6159    28.7    21.8    25.3    25.0   165.6    13.9 R    32.6    20.8    24.6
92821 200711  1.302  -80.6929   28.6159    24.1    14.1    19.1    19.0    11.0    13.9 R    29.4    12.3    18.9
92821 200712  1.302  -80.6929   28.6159    23.8    14.0    18.9    18.8    13.3    12.0 R    33.9    12.7    19.4
92821 200801  1.302  -80.6929   28.6159    20.9    11.2    16.1    16.0    69.6    11.3 R    31.4    10.5    17.3
92821 200802  1.302  -80.6929   28.6159    23.3    12.3    17.8    18.0    33.8    14.7 R    37.4    11.0    19.6
92821 200803  1.302  -80.6929   28.6159    23.4    13.0    18.2    18.5    49.8    18.5 R    42.2    11.8    21.6
92821 200804  1.302  -80.6929   28.6159    25.3    14.8    20.1    20.4    80.0    22.5 R    47.3    14.0    24.8
92821 200805  1.302  -80.6929   28.6159 -9999.0    19.2 -9999.0 -9999.0    10.9    24.2 R    47.0    17.7    27.7
92821 200806  1.302  -80.6929   28.6159 -9999.0    21.2 -9999.0 -9999.0   170.3    23.2 R    43.8    20.1    28.2
92821 200807  1.302  -80.6929   28.6159    30.9    22.0    26.4    25.8   218.6    20.4 R    35.2    20.8    25.6
92821 200808  1.302  -80.6929   28.6159    30.7    23.1    26.9    26.5   289.8    17.8 R    36.1    20.7    25.4
92821 200809  1.302  -80.6929   28.6159    29.4    22.6    26.0    25.8    98.1    18.3 R    35.0    20.3    25.0
92821 200810  1.302  -80.6929   28.6159    26.5    18.8    22.7    22.5   173.5    16.0 R    31.0    17.2    22.2
92821 200811  1.302  -80.6929   28.6159    22.4    12.2    17.3    16.9    30.1    14.5 R    29.2    10.2    16.9
92821 200812  1.302  -80.6929   28.6159    22.7    12.5    17.6    17.6    16.6    12.5 R    29.9    10.9    17.5
92821 200901  1.302  -80.6929   28.6159    20.8     8.0    14.4    14.3    41.5    13.5 R    30.6     5.9    14.2
92821 200902  1.302  -80.6929   28.6159    20.7     8.5    14.6    14.7    14.6    16.6 R    34.3     6.6    16.0
92821 200903  1.302  -80.6929   28.6159    23.9    12.4    18.1    18.4    30.2    18.7 R    42.3    10.5    20.8
92821 200904  1.302  -80.6929   28.6159    26.2    14.7    20.5    20.9    32.9    22.6 R    40.5    12.5    23.0
92821 200905  1.302  -80.6929   28.6159    29.1    19.9    24.5    24.2   428.8    21.1 R    37.8    20.2    26.6
92821 200906  1.302  -80.6929   28.6159    31.4    22.7    27.0    26.7   107.6    22.9 R    38.3    23.4    28.7
92821 200907  1.302  -80.6929   28.6159    31.6    22.8    27.2    26.5   227.2    20.5 R    39.8    23.9    29.0
92821 200908  1.302  -80.6929   28.6159    31.7    23.2    27.5    27.1    79.2    21.1 R    43.0    24.0    30.1
92821 200909  1.302  -80.6929   28.6159    30.3    22.1    26.2    25.8    78.6    17.7 R    39.7    22.9    28.5
92821 200910  1.302  -80.6929   28.6159    29.4    20.0    24.7    24.6    28.1    16.1 R    37.1    21.2    27.1
92821 200911  1.302  -80.6929   28.6159    24.8    16.3    20.5    20.2    18.7    11.5 R    30.0    15.1    20.7
92821 200912  1.302  -80.6929   28.6159    22.1    13.2    17.7    17.5   130.5     9.1 R    26.1    12.1    17.7
92821 201001  2.404  -80.6929   28.6159    17.7     6.0    11.9    11.7    97.7    12.0 R    23.7     4.1    11.8
92821 201002  2.404  -80.6929   28.6159    17.5     6.6    12.1    12.0   122.4    13.5 R    25.2     5.3    12.9
92821 201003  2.404  -80.6929   28.6159    21.1    10.5    15.8    15.6   192.0    17.5 R    28.7     8.3    16.0
92821 201004  2.404  -80.6929   28.6159    25.7    15.6    20.6    20.7    50.0    22.1 R    34.6    15.2    23.0
92821 201005  2.404  -80.6929   28.6159    28.8    20.4    24.6    24.6    67.9    23.2 R    41.1    21.3    28.4
92821 201006  2.404  -80.6929   28.6159    31.7    22.4    27.0    26.9    98.7    23.1 R    43.1    23.7    30.6
92821 201007  2.404  -80.6929   28.6159    31.9    23.4    27.6    27.6    60.3    21.3 R    40.4    24.2    30.4
92821 201008  2.404  -80.6929   28.6159    32.1    23.9    28.0    27.5   154.0    19.2 R    39.8    24.8    29.9
92821 201009  2.404  -80.6929   28.6159    30.5    22.0    26.3    26.3   217.4    17.7 R    43.6    22.0    28.9
92821 201010  2.404  -80.6929   28.6159    28.0    16.4    22.2    22.1     0.0    17.9 R    43.5    14.3    24.2
92821 201011  2.404  -80.6929   28.6159    24.4    13.4    18.9    19.0    78.7    12.4 R    35.6    10.5    19.5
92821 201012  2.404  -80.6929   28.6159    17.7     4.0    10.9    10.3     9.6    12.0 R    26.6    -1.5     9.0
92821 201101  2.403  -80.6929   28.6159    19.9     8.4    14.1    14.2   118.9    11.9 R    28.4     4.4    13.8
92821 201102  2.403  -80.6929   28.6159    22.8    11.3    17.1    16.8    12.7    14.9 R    34.9     9.2    18.2
92821 201103  2.403  -80.6929   28.6159    24.5    12.4    18.5    18.5   160.7    18.5 R    39.0    11.3    21.5
92821 201104  2.403  -80.6929   28.6159    27.6    16.2    21.9    22.5    60.1    23.8 R    43.4    16.1    26.5
92821 201105  2.403  -80.6929   28.6159    29.0    17.9    23.5    23.7    28.5    24.7 R    49.8    18.0    29.4
92821 201106  2.403  -80.6929   28.6159    30.9    21.0    25.9    25.7   163.7    21.7 R    45.5    21.1    29.4
92821 201107  2.403  -80.6929   28.6159    31.6    22.4    27.0    26.8    81.3    21.7 R    38.1    22.2    28.2
92821 201108  2.403  -80.6929   28.6159    32.3    23.6    27.9    27.3   181.2    19.0 R    36.2    23.2    27.8
92821 201109  2.403  -80.6929   28.6159    30.6    22.1    26.4    26.0   182.9    18.1 R    35.2    21.8    26.6
92821 201110  2.403  -80.6929   28.6159    26.5    17.7    22.1    22.2   300.0    14.6 R    30.9    17.0    22.8
92821 201111  2.403  -80.6929   28.6159    25.0    16.6    20.8    20.6    17.1    12.9 R    31.9    15.2    21.4
92821 201112  2.403  -80.6929   28.6159    23.8    14.1    19.0    18.9    15.7    10.6 R    34.5    12.8    20.1
92821 201201  2.403  -80.6929   28.6159    21.8     8.8    15.3    15.3     0.6    13.2 R    35.5     7.1    17.1
92821 201202  2.403  -80.6929   28.6159    23.9    14.0    19.0    18.7    72.5    13.2 R    37.9    13.7    21.5
92821 201203  2.403  -80.6929   28.6159    26.4    15.1    20.8    20.8    26.5    19.1 R    45.9    15.1    25.3
92821 201204  2.403  -80.6929   28.6159    27.3    15.9    21.6    21.7    16.2    22.0 R    41.4    16.5    26.1
92821 201205  2.403  -80.6929   28.6159    29.3    19.8    24.6    24.3    93.1    22.1 R    45.2    20.3    28.6
92821 201206  2.403  -80.6929   28.6159    29.6    21.4    25.5    25.3   245.8    18.8 R    40.6    22.0    28.4
92821 201207  2.403  -80.6929   28.6159    31.9    22.5    27.2    26.9   121.1    23.1 R    46.7    23.4    31.3
92821 201208  2.403  -80.6929   28.6159    31.5    23.1    27.3    26.5   231.0    17.7 R    41.3    24.0    29.1
92821 201209  2.403  -80.6929   28.6159    30.3    21.9    26.1    25.6    61.1    18.3 R    42.4    22.6    28.6
92821 201210  2.403  -80.6929   28.6159    27.5    19.4    23.4    23.3   115.0    15.0 R    39.7    19.6    26.0
92821 201211  2.413  -80.6929   28.6159    22.7    12.8    17.8    17.5     7.1    12.9 R    34.9    12.1    19.4
92821 201212  2.413  -80.6929   28.6159    23.2    12.0    17.6    17.4    49.6    10.6 C    31.0    11.6    18.7
92821 201301  2.413  -80.6929   28.6159    23.7    13.2    18.5    18.4    18.8    11.4 C    31.1    12.6    19.5
92821 201302  2.413  -80.6929   28.6159    23.2    11.7    17.4    17.4    46.5    15.2 C    32.3    11.1    18.9
92821 201303  2.413  -80.6929   28.6159    21.3     8.6    15.0    15.3    36.3    20.2 C    31.4     8.0    17.3
92821 201304  2.413  -80.6929   28.6159    26.6    17.3    22.0 -9999.0    97.0    20.5 C    36.8    16.8    24.4
92821 201305  2.413  -80.6929   28.6159    27.2    18.1    22.7    22.9   222.1    22.6 C    35.3    17.7    24.7
92821 201306  2.413  -80.6929   28.6159    30.9    22.4    26.6    26.2   132.1    20.3 C    40.7    22.4    28.3
92821 201307  2.413  -80.6929   28.6159    30.6    22.6    26.6    26.1   162.4    20.8 C    37.5    22.7    27.8
92821 201308  2.413  -80.6929   28.6159    31.6    23.0    27.3    27.0    89.3    21.2 C    43.5    23.3    30.2
92821 201309  2.413  -80.6929   28.6159    30.6    22.1    26.3    25.8    66.5    18.1 C    42.5    22.1    28.5
92821 201310  2.413  -80.6929   28.6159    28.5    18.4    23.5    23.2    34.7    16.4 C    40.8    18.5    26.0
92821 201311  2.413  -80.6929   28.6159    25.3    17.4    21.4    21.2    43.6    10.6 C    31.4    16.8    21.8
92821 201312  2.413  -80.6929   28.6159    24.3    14.3    19.3    19.3    16.7    11.5 C    31.6    14.3    20.8
92821 201401  2.423  -80.6929   28.6159    20.5     9.6    15.1    14.9    73.9     9.9 C    26.9     9.0    15.6
92821 201402  2.423  -80.6929   28.6159    23.3    12.0    17.7    17.5    81.7    13.4 C    29.4    10.5    17.6
92821 201403  2.423  -80.6929   28.6159    23.4    13.1    18.3    18.3    57.0    17.8 C    36.4    10.8    20.2
92821 201404  2.423  -80.6929   28.6159    26.9    15.9    21.4    21.7    55.6    21.4 C    43.6    14.3    24.8
92821 201405  2.423  -80.6929   28.6159    28.9    18.4    23.7    23.9    56.4    23.5 C    45.6    16.9    27.5
92821 201406  2.423  -80.6929   28.6159    30.6    21.1    25.9    25.5   101.5    21.1 C    40.2    20.6    27.4
92821 201407  2.423  -80.6929   28.6159    31.6    22.8    27.2    26.5   254.9    19.4 C    35.3    22.5    26.9
92821 201408  2.423  -80.6929   28.6159    32.2    23.5    27.8    27.2   252.0    20.3 C    41.1    23.6    29.0
92821 201409  2.423  -80.6929   28.6159    30.1    22.4    26.3    25.7   357.8    15.5 C    37.8    23.1    27.5
92821 201410  2.423  -80.6929   28.6159    28.0    18.1    23.0    22.7   115.8    16.9 C    34.0    18.4    23.9
92821 201411  2.423  -80.6929   28.6159    23.0    13.2    18.1    17.8   259.4    11.5 C    26.9    13.0    18.1
92821 201412  2.423  -80.6929   28.6159    22.9    12.7    17.8    17.3    46.6    10.7 C    25.9    12.5    17.3
92821 201501  2.423  -80.6929   28.6159    21.1    11.1    16.1    15.8    28.1    12.0 C    24.9    10.5    15.9
92821 201502  2.423  -80.6929   28.6159    20.2     9.4    14.8    14.8    97.2    13.5 C    22.9     8.9    15.2
92821 201503  2.423  -80.6929   28.6159    25.8    15.8    20.8    20.5    22.1    18.2 C    30.0    15.5    21.4
92821 201504  2.423  -80.6929   28.6159    28.5    19.1    23.8    23.7    76.4    19.2 C    33.4    18.8    24.7
92821 201505  2.423  -80.6929   28.6159    29.0    19.4    24.2    24.6    20.2    23.6 C    35.1    19.2    26.2
92821 201506  2.423  -80.6929   28.6159    31.7    21.7    26.7    26.5    84.1    22.6 C    48.8    21.9    30.8
92821 201507  2.423  -80.6929   28.6159    32.5    23.2    27.8    26.9   171.4    20.1 C    48.1    23.0    30.5
92821 201508  2.423  -80.6929   28.6159    31.8    22.8    27.3    26.9   151.9    18.6 C    45.5    22.3    30.0
92821 201509  2.423  -80.6929   28.6159    30.7    22.6    26.6    26.1   198.4    16.4 C    37.1    22.9    27.5
92821 201510  2.423  -80.6929   28.6159    28.0    20.3    24.2    23.8    18.6    14.6 C    33.2    19.9    24.4
92821 201511  2.423  -80.6929   28.6159    27.1    18.9    23.0    23.0   106.3    12.1 C    31.4    17.9    22.9
92821 201512  2.423  -80.6929   28.6159    26.3    18.2    22.3    22.1    20.1    10.2 C    34.2    16.1    22.0
92821 201601  2.423  -80.6929   28.6159    19.6     9.9    14.8    14.7   130.0    10.1 C    23.7     8.3    14.2
92821 201602  2.423  -80.6929   28.6159    21.5    10.0    15.8    15.9    69.8    15.7 C    25.9     8.2    15.1
92821 201603  2.423  -80.6929   28.6159    26.3    16.0    21.1    21.0   140.9    17.6 C    35.5    14.4    21.9
92821 201604  2.423  -80.6929   28.6159    26.6    16.4    21.5    21.7    38.1    23.5 C    36.5    15.8    23.6
92821 201605  2.423  -80.6929   28.6159    29.1    18.8    24.0    24.0    89.0    23.7 C    44.5    18.2    27.5
92821 201606  2.423  -80.6929   28.6159    31.6    22.4    27.0    26.9   117.3    22.2 C    48.6    22.4    30.8
92821 201607  2.423  -80.6929   28.6159    33.2    23.7    28.5    28.3    84.6    24.8 C    50.4    23.5    32.6
92821 201608  2.423  -80.6929   28.6159    32.5    23.6    28.0    27.6   136.1    20.9 C    48.7    23.5    31.3
92821 201609  2.423  -80.6929   28.6159    30.9    22.6    26.8    26.3   180.5    17.2 C    42.7    22.6    28.7
92821 201610  2.423  -80.6929   28.6159    27.9    20.5    24.2    24.2   165.3    15.0 C    32.5    19.3    23.7
92821 201611  2.423  -80.6929   28.6159    25.1    15.1    20.1    19.9     7.7    13.3 C    35.7    13.6    20.7
92821 201612  2.423  -80.6929   28.6159    24.6    15.3    20.0    19.8    27.9    11.4 C    32.8    13.9    20.2
92821 201701  2.423  -80.6929   28.6159    23.1    11.6    17.3    17.4    36.4    12.2 C    31.6    10.5    17.9
92821 201702  2.423  -80.6929   28.6159    24.2    12.5    18.3    18.5    55.1    15.3 C    35.8    11.1    19.8
92821 201703  2.423  -80.6929   28.6159    24.6    13.8    19.2    19.3    65.7    19.5 C    40.3    11.8    21.7
92821 201704  2.423  -80.6929   28.6159    27.3    16.6    22.0    22.4     4.0    22.9 C    46.7    14.5    26.3
92821 201705  2.423  -80.6929   28.6159    29.9    17.4    23.7    24.4    48.5    23.6 C    47.3    16.1    28.3
92821 201706  2.423  -80.6929   28.6159    30.4    22.6    26.5    25.8   182.5    16.9 C    42.1    21.8    27.8
92821 201707  2.423  -80.6929   28.6159    32.0    23.3    27.7    27.3   114.1    20.6 C    46.9    23.0    30.5
