53026 201110  6.101 -105.3357   32.5122    22.8     7.6    15.2    15.2     9.5 -9999.0 U -9999.0 -9999.0 -9999.0
53026 201111  6.101 -105.3357   32.5122    15.0     0.5     7.7     8.0     0.8 -9999.0 U -9999.0 -9999.0 -9999.0
53026 201112  6.101 -105.3357   32.5122     6.6    -3.8     1.4     1.2    11.9 -9999.0 U -9999.0 -9999.0 -9999.0
53026 201201  6.101 -105.3357   32.5122    12.7    -2.1     5.3     5.3     0.0 -9999.0 U -9999.0 -9999.0 -9999.0
53026 201202  6.101 -105.3357   32.5122    12.1    -1.7     5.2     5.2     3.7 -9999.0 U -9999.0 -9999.0 -9999.0
53026 201203  6.101 -105.3357   32.5122    19.4     1.8    10.6    11.5     1.1 -9999.0 U -9999.0 -9999.0 -9999.0
53026 201204  6.101 -105.3357   32.5122    24.2     7.8    16.0    16.6    20.1 -9999.0 U -9999.0 -9999.0 -9999.0
53026 201205  6.101 -105.3357   32.5122    25.5    11.7    18.6    19.2    31.0 -9999.0 U -9999.0 -9999.0 -9999.0
53026 201206  6.101 -105.3357   32.5122    33.1    16.4    24.7    25.3     0.3 -9999.0 U -9999.0 -9999.0 -9999.0
53026 201207  6.101 -105.3357   32.5122    29.2    17.0    23.1    23.0    86.5 -9999.0 U -9999.0 -9999.0 -9999.0
53026 201208  6.101 -105.3357   32.5122    30.8    17.5    24.1    24.1    28.7 -9999.0 U -9999.0 -9999.0 -9999.0
53026 201209  6.101 -105.3357   32.5122    26.7    12.4    19.6    19.7    35.8 -9999.0 U -9999.0 -9999.0 -9999.0
53026 201210  6.101 -105.3357   32.5122    23.1     7.5    15.3    15.5     4.5 -9999.0 U -9999.0 -9999.0 -9999.0
53026 201211  6.101 -105.3357   32.5122    18.1     3.1    10.6    10.6     0.2 -9999.0 U -9999.0 -9999.0 -9999.0
53026 201212  6.101 -105.3357   32.5122    11.8    -2.6     4.6     5.0     4.5 -9999.0 U -9999.0 -9999.0 -9999.0
53026 201301  6.101 -105.3357   32.5122     8.9    -3.7     2.6     2.5     0.8 -9999.0 U -9999.0 -9999.0 -9999.0
53026 201302  6.101 -105.3357   32.5122    12.2    -2.9     4.6     4.8     5.8 -9999.0 U -9999.0 -9999.0 -9999.0
53026 201303  6.101 -105.3357   32.5122    18.4     1.8    10.1    11.0     0.8 -9999.0 U -9999.0 -9999.0 -9999.0
53026 201304  6.101 -105.3357   32.5122    22.0     5.5    13.8    14.4     0.0 -9999.0 U -9999.0 -9999.0 -9999.0
53026 201305  6.101 -105.3357   32.5122    25.8    10.1    18.0    18.7    20.1 -9999.0 U -9999.0 -9999.0 -9999.0
53026 201306  6.101 -105.3357   32.5122    32.2    16.8    24.5    24.9    23.3 -9999.0 U -9999.0 -9999.0 -9999.0
53026 201307  6.101 -105.3357   32.5122    28.1    16.6    22.4    22.2   118.8 -9999.0 U -9999.0 -9999.0 -9999.0
53026 201308  6.101 -105.3357   32.5122    29.5    16.8    23.1    23.2    30.1 -9999.0 U -9999.0 -9999.0 -9999.0
53026 201309  6.101 -105.3357   32.5122    25.2    13.9    19.6    19.4   134.0 -9999.0 U -9999.0 -9999.0 -9999.0
53026 201310  6.101 -105.3357   32.5122    20.9     5.8    13.4    13.5     1.5 -9999.0 U -9999.0 -9999.0 -9999.0
53026 201311  6.101 -105.3357   32.5122    14.0     1.2     7.6     7.5     2.4 -9999.0 U -9999.0 -9999.0 -9999.0
53026 201312  6.101 -105.3357   32.5122     9.6    -3.1     3.3     3.4    19.0 -9999.0 U -9999.0 -9999.0 -9999.0
53026 201401  6.101 -105.3357   32.5122    11.6    -4.1     3.8     3.9     0.0 -9999.0 U -9999.0 -9999.0 -9999.0
53026 201402  6.101 -105.3357   32.5122    15.6    -0.1     7.7     8.2     0.8 -9999.0 U -9999.0 -9999.0 -9999.0
53026 201403  6.101 -105.3357   32.5122    17.3     2.1     9.7    10.2     9.1 -9999.0 U -9999.0 -9999.0 -9999.0
53026 201404  6.101 -105.3357   32.5122    20.5     5.5    13.0    13.8     7.3 -9999.0 U -9999.0 -9999.0 -9999.0
53026 201405  6.101 -105.3357   32.5122    25.3     9.7    17.5    18.2    37.5 -9999.0 U -9999.0 -9999.0 -9999.0
53026 201406  6.101 -105.3357   32.5122 -9999.0 -9999.0 -9999.0 -9999.0 -9999.0 -9999.0 U -9999.0 -9999.0 -9999.0
