64757 200407  1.201  -79.7810   44.2326 -9999.0 -9999.0 -9999.0 -9999.0 -9999.0 -9999.0 U -9999.0 -9999.0 -9999.0
64757 200408  1.201  -79.7810   44.2326    22.9    11.7    17.3    17.5    30.4    18.3 R -9999.0 -9999.0    20.1
64757 200409  1.201  -79.7810   44.2326    22.9     9.8    16.4    16.4    28.6    16.6 R -9999.0 -9999.0    18.1
64757 200410  1.201  -79.7810   44.2326    13.9     4.0     8.9     9.1    29.9     8.7 R -9999.0 -9999.0     9.8
64757 200411  1.201  -79.7810   44.2326     7.5    -0.6     3.4     3.4    54.4     5.8 R -9999.0 -9999.0     3.2
64757 200412  1.201  -79.7810   44.2326    -1.0    -9.7    -5.3    -5.0   115.3     3.6 R -9999.0 -9999.0    -5.8
64757 200501  1.201  -79.7810   44.2326    -4.4   -13.7    -9.0    -9.0    59.8     5.8 R -9999.0 -9999.0    -9.4
64757 200502  1.201  -79.7810   44.2326    -1.7   -11.2    -6.5    -5.9    37.6     9.1 R -9999.0 -9999.0    -7.1
64757 200503  1.201  -79.7810   44.2326     1.0    -8.6    -3.8    -3.4    31.6    14.4 R -9999.0 -9999.0    -4.5
64757 200504  1.201  -79.7810   44.2326    11.8     0.5     6.1     6.2   131.9    16.5 R -9999.0 -9999.0     6.4
64757 200505  1.201  -79.7810   44.2326    16.8     4.1    10.4    10.8    19.0    21.2 R -9999.0 -9999.0    12.6
64757 200506  1.201  -79.7810   44.2326    26.8    14.5    20.7    20.8    72.5    22.1 R -9999.0 -9999.0    24.2
64757 200507  1.201  -79.7810   44.2326    27.7    14.9    21.3    21.5    89.0    23.0 R -9999.0 -9999.0    25.2
64757 200508  1.201  -79.7810   44.2326    26.2    14.0    20.1    20.1    66.2    18.7 R -9999.0 -9999.0    22.9
64757 200509  1.301  -79.7810   44.2326    23.6    10.3    17.0    17.2    52.5    16.9 R -9999.0 -9999.0    19.2
64757 200510  1.301  -79.7810   44.2326    14.2     5.5     9.9     9.9    43.9     8.4 R    19.0     4.7    10.1
64757 200511  1.301  -79.7810   44.2326     7.8    -0.9     3.4     3.4    76.8     5.0 R     9.3    -2.5     2.8
64757 200512  1.301  -79.7810   44.2326    -2.4    -8.1    -5.3    -4.9 -9999.0     4.3 R    -2.3   -10.8    -5.8
64757 200601  1.301  -79.7810   44.2326     1.2    -6.3    -2.6    -2.3    58.8     4.9 R     3.0    -7.6    -1.9
64757 200602  1.301  -79.7810   44.2326    -2.4   -10.3    -6.3    -6.3    91.1     9.4 R     0.1   -13.2    -6.5
64757 200603  1.301  -79.7810   44.2326     3.5    -5.5    -1.0    -1.0    44.4    14.3 R     9.3    -7.2    -0.7
64757 200604  1.301  -79.7810   44.2326    12.9     0.3     6.6     6.7    73.5    17.6 R    20.6    -1.2     7.7
64757 200605  1.301  -79.7810   44.2326    18.9     7.2    13.0    13.3    62.4    19.1 R    27.4     5.4    14.3
64757 200606  1.301  -79.7810   44.2326    23.1    11.5    17.3    17.7    31.9    22.4 R    38.0    10.4    20.8
64757 200607  1.301  -79.7810   44.2326    27.8    15.8    21.8    21.8    58.0    22.5 R    43.9    15.0    25.3
64757 200608  1.301  -79.7810   44.2326    25.2    13.0    19.1    19.2    29.4    20.6 R    43.2    11.9    23.1
64757 200609  1.301  -79.7810   44.2326    18.2     9.1    13.6    13.6    89.5    11.2 R    25.5     8.9    14.8
64757 200610  1.301  -79.7810   44.2326    11.8     2.7     7.2     7.2    96.6     7.8 R    15.8     1.9     7.3
64757 200611  1.301  -79.7810   44.2326     8.0     0.9     4.5     4.2    73.7     4.2 R    10.3     0.0     3.9
64757 200612  1.301  -79.7810   44.2326     3.3    -3.0     0.1     0.3    67.3     3.6 R     4.4    -4.7    -0.5
64757 200701  1.301  -79.7810   44.2326    -1.2    -9.5    -5.3    -4.9    55.6     5.1 R    -0.5   -12.4    -6.0
64757 200702  1.301  -79.7810   44.2326    -5.7   -14.2   -10.0    -9.6    19.0     9.7 R    -5.5   -17.3   -10.9
64757 200703  1.301  -79.7810   44.2326     3.6    -6.1    -1.3    -1.0    33.7    11.6 R     5.9    -7.8    -1.4
64757 200704  1.301  -79.7810   44.2326     9.5     0.2     4.8     5.0    67.9    11.8 R    15.4    -1.2     5.4
64757 200705  1.301  -79.7810   44.2326    19.8     5.5    12.7    13.1    55.6    20.6 R    29.2     4.0    14.6
64757 200706  1.301  -79.7810   44.2326    25.1    11.3    18.2    18.7    25.2    23.0 R    40.3    10.2    22.3
64757 200707  1.301  -79.7810   44.2326    25.5    12.7    19.1    19.5    44.2    20.4 R    45.1    11.8    23.6
64757 200708  1.301  -79.7810   44.2326    26.0    13.4    19.7    20.0    55.4    17.8 R    41.8    12.6    23.1
64757 200709  1.301  -79.7810   44.2326    22.9     9.8    16.4    16.4    48.3    15.3 R    33.7     8.8    17.8
64757 200710  1.302  -79.7810   44.2326    17.8     7.5    12.6    12.7    60.3     7.6 R    22.5     6.5    12.7
64757 200711  1.302  -79.7810   44.2326     4.5    -3.3     0.6     0.7    89.0     5.5 R    12.5    -3.9     2.4
64757 200712  1.302  -79.7810   44.2326    -1.4    -8.2    -4.8    -4.5    89.3     3.7 R     8.9   -10.3    -2.9
64757 200801  1.302  -79.7810   44.2326    -0.4    -7.4    -3.9    -3.9    65.6     5.2 R     8.5    -8.4    -2.5
64757 200802  1.302  -79.7810   44.2326    -3.0   -11.4    -7.2    -6.9    76.2     8.7 R     3.6   -13.0    -6.3
64757 200803  1.302  -79.7810   44.2326    -0.1    -8.4    -4.3    -3.8    63.2    14.5 R     7.8   -10.5    -2.8
64757 200804  1.302  -79.7810   44.2326    13.8     1.9     7.9     8.1    39.9    19.4 R    22.3     0.5     8.7
64757 200805  1.302  -79.7810   44.2326    15.8     4.0     9.9    10.2    76.4    20.0 R    26.4     3.2    11.7
64757 200806  1.302  -79.7810   44.2326    23.0    13.0    18.0    18.0    78.2    19.7 R    34.0    12.2    19.7
64757 200807  1.302  -79.7810   44.2326    25.1    14.1    19.6    19.9   122.3    21.4 R    36.3    13.6    22.0
64757 200808  1.302  -79.7810   44.2326    23.4    11.9    17.7    17.7   110.5    20.7 R    34.4    11.4    19.6
64757 200809  1.302  -79.7810   44.2326    20.8     9.1    15.0    15.0   135.8    13.8 R    28.6     8.4    16.2
64757 200810  1.302  -79.7810   44.2326    12.7     1.8     7.3     7.3    39.8     9.7 R    17.4     0.7     7.4
64757 200811  1.302  -79.7810   44.2326     5.0    -3.0     1.0     1.3   109.5     5.6 R     6.9    -5.3     0.5
64757 200812  1.302  -79.7810   44.2326    -1.0    -9.6    -5.3    -5.0    62.3     4.0 R    -0.5   -11.1    -5.2
64757 200901  1.302  -79.7810   44.2326    -6.5   -15.9   -11.2   -10.5    38.8     5.7 R    -4.8   -18.8   -11.2
64757 200902  1.302  -79.7810   44.2326    -0.9   -10.3    -5.6    -5.3    57.4     9.4 R     2.2   -11.8    -4.8
64757 200903  1.302  -79.7810   44.2326     4.3    -6.0    -0.9    -0.7    50.5    13.3 R    10.0    -6.4     0.1
64757 200904  1.302  -79.7810   44.2326    11.5     0.5     6.0     6.0   112.9    16.3 R    16.9    -1.0     6.0
64757 200905  1.302  -79.7810   44.2326    17.6     4.9    11.3    11.7    90.9    21.1 R    24.5     3.4    12.3
64757 200906  1.302  -79.7810   44.2326    20.9     9.8    15.3    15.5    55.2    20.6 R    28.4     9.0    16.7
64757 200907  1.302  -79.7810   44.2326    22.7    11.7    17.2    17.2    96.8    19.4 R    32.1    10.6    18.5
64757 200908  1.302  -79.7810   44.2326    23.9    12.8    18.3    18.6    95.5    18.6 R    30.8    12.0    19.3
64757 200909  1.302  -79.7810   44.2326    20.6     8.3    14.5    14.6    47.5    16.6 R    29.4     7.2    15.7
64757 200910  1.302  -79.7810   44.2326    11.2     2.8     7.0     7.0    65.9     7.0 R    15.5     2.2     7.3
64757 200911  1.302  -79.7810   44.2326     9.0     0.0     4.5     4.6    27.4     5.9 R    12.6    -1.0     4.4
64757 200912  1.302  -79.7810   44.2326    -1.0    -7.5    -4.2    -3.9    38.9     4.3 R     2.5    -8.0    -2.9
64757 201001  1.302  -79.7810   44.2326    -3.9   -11.7    -7.8    -7.2    20.6     5.7 R    -1.8   -13.4    -7.0
64757 201002  1.302  -79.7810   44.2326    -2.5    -9.0    -5.7    -5.5    34.0     8.1 R     0.6   -10.8    -5.2
64757 201003  1.302  -79.7810   44.2326     7.6    -3.2     2.2     2.2    36.0    14.1 R    11.5    -3.4     2.8
64757 201004  1.302  -79.7810   44.2326    15.3     2.7     9.0     9.1    19.6    19.7 R    23.5     0.8     9.8
64757 201005  1.302  -79.7810   44.2326    20.6     8.0    14.3    14.5    89.0    21.5 R    29.1     6.5    15.5
64757 201006  1.302  -79.7810   44.2326    21.8    12.3    17.0    17.1   127.4    20.1 R    29.8    11.4    18.4
64757 201007  1.302  -79.7810   44.2326    26.5    15.7    21.1    21.5   115.1    22.7 R    34.7    14.5    22.4
64757 201008  1.302  -79.7810   44.2326    26.1    14.6    20.3    20.4    38.2    18.1 R    35.5    13.6    21.6
64757 201009  2.404  -79.7810   44.2326    19.2     9.8    14.5    14.4   101.7    10.7 R    26.1     9.3    15.1
64757 201010  2.404  -79.7810   44.2326    13.5     3.5     8.5     8.7    60.2     6.4 R    17.2     3.0     8.7
64757 201011  2.404  -79.7810   44.2326     7.6    -1.8     2.9     2.7    41.7     3.8 R    10.0    -2.2     2.6
64757 201012  2.404  -79.7810   44.2326    -2.9    -9.1    -6.0    -5.6    97.0     2.6 R    -0.2   -11.1    -5.3
64757 201101  2.404  -79.7810   44.2326    -5.1   -13.5    -9.3    -8.8    34.3     3.6 R    -1.8   -15.9    -8.6
64757 201102  2.404  -79.7810   44.2326    -2.5   -11.4    -7.0    -6.3    27.5     5.8 R    -0.1   -13.2    -6.2
64757 201103  2.404  -79.7810   44.2326     1.6    -6.8    -2.6    -2.4    76.2     8.7 R     5.7    -6.5    -0.9
64757 201104  2.404  -79.7810   44.2326    11.0    -0.1     5.4     5.3    90.7    10.6 R    18.0     0.9     7.4
64757 201105  2.404  -79.7810   44.2326    18.1     8.1    13.1    13.1    86.0    12.1 R    23.9     8.5    14.3
64757 201106  2.404  -79.7810   44.2326    23.0    11.1    17.0    17.3    43.2    22.3 R    31.3     9.3    18.6
64757 201107  2.404  -79.7810   44.2326    28.5    15.8    22.1    22.4    59.7    23.5 R    43.6    13.7    25.5
64757 201108  2.404  -79.7810   44.2326    24.8    14.1    19.5    19.5    85.1    18.7 R    33.6    12.7    20.2
64757 201109  2.404  -79.7810   44.2326    20.9    10.4    15.7    15.6    78.1    13.3 R    28.5     9.5    16.2
64757 201110  2.404  -79.7810   44.2326    13.9     4.9     9.4     9.5    85.1     8.3 R    17.7     4.3     9.4
64757 201111  2.404  -79.7810   44.2326     9.7     0.8     5.2     5.4    95.2     5.7 R    12.3    -0.3     4.9
64757 201112  2.404  -79.7810   44.2326     2.4    -5.2    -1.4    -1.1    66.5     3.3 R     4.2    -6.6    -1.4
64757 201201  2.404  -79.7810   44.2326    -0.3    -8.0    -4.1    -3.8    54.3     4.8 R     1.3    -9.1    -3.8
64757 201202  2.404  -79.7810   44.2326     1.1    -6.0    -2.5    -2.2    42.4     7.5 R     3.9    -6.9    -1.8
64757 201203  2.404  -79.7810   44.2326    11.3    -0.3     5.5     5.5    42.4    13.3 R    15.9    -0.9     6.2
64757 201204  2.404  -79.7810   44.2326    10.6    -0.4     5.1     5.2    44.0    17.5 R    18.8    -1.2     6.4
64757 201205  2.414  -79.7810   44.2326    21.9     7.6    14.8    15.0    42.8    21.6 C    29.1     7.7    17.4
64757 201206  2.414  -79.7810   44.2326    24.8    12.7    18.7    19.0    58.8    22.6 C    32.4    12.9    21.7
64757 201207  2.414  -79.7810   44.2326    28.0    14.8    21.4    21.7   109.8    24.2 C    37.8    15.3    25.2
64757 201208  2.414  -79.7810   44.2326    25.1    13.5    19.3    19.5    46.2    19.2 C    31.9    13.7    21.7
64757 201209  2.414  -79.7810   44.2326    20.2     8.6    14.4    14.5    99.3    14.7 C    25.9     8.7    16.1
64757 201210  2.414  -79.7810   44.2326    12.9     4.5     8.7     8.8   106.1     7.0 C    15.4     4.6     9.3
64757 201211  2.414  -79.7810   44.2326     5.5    -1.8     1.8     1.8    27.5     5.2 C     8.4    -1.9     2.3
64757 201212  2.414  -79.7810   44.2326     1.9    -4.2    -1.2    -0.9 -9999.0     2.8 C     3.2    -4.3    -0.6
64757 201301  2.414  -79.7810   44.2326     0.3    -8.0    -3.9    -4.1 -9999.0     4.8 C     1.5    -8.3    -3.8
64757 201302  2.414  -79.7810   44.2326    -2.6    -9.7    -6.1    -5.8 -9999.0     7.7 C     0.1   -10.3    -5.2
64757 201303  2.414  -79.7810   44.2326     1.9    -5.2    -1.7    -1.6    21.7    13.6 C     6.2    -5.5    -0.6
64757 201304  2.414  -79.7810   44.2326    10.2    -0.3     5.0     4.8    89.9    14.8 C    14.3    -0.4     6.0
64757 201305  2.414  -79.7810   44.2326    20.0     7.0    13.5    13.8    75.5    22.0 C    25.6     7.1    15.6
64757 201306  2.414  -79.7810   44.2326    22.2    12.0    17.1    17.2    78.7    21.0 C    28.9    12.2    19.6
64757 201307  2.414  -79.7810   44.2326    25.7    14.7    20.2    20.3    89.9    21.5 C    33.0    15.0    22.9
64757 201308  2.414  -79.7810   44.2326    24.2    12.7    18.5    18.6    94.8    20.1 C    31.6    12.9    20.9
64757 201309  2.424  -79.7810   44.2326    20.1     8.3    14.2    14.4    70.8    15.0 C    25.3     8.1    15.9
64757 201310  2.424  -79.7810   44.2326    14.3     4.1     9.2     9.4   108.7     9.2 C    18.5     3.0     9.4
64757 201311  2.424  -79.7810   44.2326     4.7    -3.9     0.4     0.8    49.6     5.1 C     6.1    -6.1    -0.1
64757 201312  2.424  -79.7810   44.2326    -3.1   -10.1    -6.6    -6.4    61.5     4.3 C    -2.2   -11.3    -6.5
64757 201401  2.424  -79.7810   44.2326    -6.3   -15.0   -10.7   -10.2    46.1     5.8 C    -5.4   -15.9   -10.3
64757 201402  2.424  -79.7810   44.2326    -6.2   -14.7   -10.4    -9.7    44.0     9.6 C    -2.9   -16.6    -9.8
64757 201403  2.424  -79.7810   44.2326    -1.3   -12.1    -6.7    -6.1    32.1    14.4 C     1.6   -13.3    -5.9
64757 201404  2.424  -79.7810   44.2326     9.9    -0.4     4.8     4.7    76.7    15.7 C    13.9    -1.4     5.3
64757 201405  2.424  -79.7810   44.2326    18.7     6.2    12.4    12.8    38.9    20.0 C    25.4     5.4    14.0
64757 201406  2.424  -79.7810   44.2326    24.1    11.2    17.7    18.0   120.4    22.0 C    33.8    10.6    20.3
64757 201407  2.424  -79.7810   44.2326    23.6    12.5    18.1    18.2    94.2    21.3 C    32.8    11.4    20.0
64757 201408  2.424  -79.7810   44.2326    23.5    12.4    18.0    18.0    85.3    18.5 C    30.3    11.8    19.3
64757 201409  2.424  -79.7810   44.2326    20.6     9.0    14.8    14.9   100.4    14.6 C    26.1     8.4    15.6
64757 201410  2.424  -79.7810   44.2326    13.5     5.0     9.3     9.2    51.1     7.2 C    16.1     4.1     9.2
64757 201411  2.424  -79.7810   44.2326     4.0    -2.9     0.6     0.8    40.1     4.2 C     4.8    -5.1     0.0
64757 201412  2.424  -79.7810   44.2326     1.1    -4.5    -1.7    -1.7    61.5     3.1 C     1.4    -5.8    -2.2
64757 201501  2.424  -79.7810   44.2326    -4.7   -15.4   -10.0    -9.7    30.8     6.1 C    -4.7   -17.5   -10.4
64757 201502  2.424  -79.7810   44.2326    -9.7   -19.4   -14.6   -14.3    26.3    10.2 C    -8.9   -22.7   -15.6
64757 201503  2.424  -79.7810   44.2326     1.5    -8.3    -3.4    -3.2    15.2    15.0 C     4.6   -10.3    -3.3
64757 201504  2.424  -79.7810   44.2326    11.7    -0.1     5.8     5.6    45.5    18.1 C    18.8    -2.3     6.3
64757 201505  2.424  -79.7810   44.2326    21.8     7.3    14.6    15.0    32.5    20.7 C    31.0     5.9    16.6
64757 201506  2.424  -79.7810   44.2326    21.9    10.6    16.3    16.5   154.4    21.3 C    31.6    10.2    19.1
64757 201507  2.424  -79.7810   44.2326    25.9    12.8    19.3    19.7    31.1    23.6 C    35.6    11.6    21.8
64757 201508  2.424  -79.7810   44.2326    24.1    13.3    18.7    18.7    67.4    18.0 C    35.0    12.3    20.8
64757 201509  2.424  -79.7810   44.2326    24.4    11.7    18.1    17.9    29.7    14.2 C    36.5     9.7    19.7
64757 201510  2.424  -79.7810   44.2326    13.3     3.5     8.4     8.5    60.9     8.2 C    19.4     1.5     8.9
64757 201511  2.424  -79.7810   44.2326    10.0     0.5     5.3     5.4    44.4     5.2 C    12.1    -2.0     4.2
64757 201512  2.424  -79.7810   44.2326     5.9    -0.7     2.6     2.8    47.4     2.6 C     6.5    -2.4     2.1
64757 201601  2.424  -79.7810   44.2326    -1.3    -9.7    -5.5    -4.9    35.6     4.6 C    -2.0   -12.0    -6.2
64757 201602  2.424  -79.7810   44.2326     0.1    -9.2    -4.5    -4.4    68.7     7.6 C     1.0   -12.3    -5.4
64757 201603  2.424  -79.7810   44.2326     4.9    -3.9     0.5     0.8   137.9    10.4 C     8.8    -6.5     0.1
64757 201604  2.424  -79.7810   44.2326     8.8    -2.7     3.1     3.2    54.7    17.0 C    18.9    -5.1     4.5
64757 201605  2.424  -79.7810   44.2326    19.2     6.0    12.6    13.0    49.7    21.7 C    30.0     3.6    14.5
64757 201606  2.424  -79.7810   44.2326    24.5    10.2    17.4    17.8    30.0    24.2 C    43.8     7.7    22.5
64757 201607  2.424  -79.7810   44.2326    27.1    14.7    20.9    21.2    79.0    21.5 C    45.1    13.6    25.2
64757 201608  2.424  -79.7810   44.2326    28.3    15.1    21.7    21.8    86.3    19.5 C    46.0    14.0    25.7
64757 201609  2.424  -79.7810   44.2326    23.1    10.4    16.8    17.1    55.6    15.1 C    33.5     8.6    18.3
64757 201610  2.424  -79.7810   44.2326    14.8     5.7    10.3    10.2    62.2     8.1 C    20.5     3.7    10.6
64757 201611  2.424  -79.7810   44.2326    10.2     1.0     5.6     5.6    52.2     5.5 C    12.1    -1.5     4.4
64757 201612  2.424  -79.7810   44.2326    -0.1    -6.6    -3.3    -3.1   121.9     3.3 C    -1.8   -11.6    -5.1
64757 201701  2.424  -79.7810   44.2326    -0.8    -6.4    -3.6    -3.4    70.4     4.3 C    -2.4    -9.5    -5.1
64757 201702  2.424  -79.7810   44.2326     2.0    -5.9    -2.0    -1.8    48.7     6.9 C     1.4    -8.4    -3.3
64757 201703  2.424  -79.7810   44.2326     1.7    -6.8    -2.5    -2.5    59.8    10.7 C     6.0    -8.9    -2.6
64757 201704  2.424  -79.7810   44.2326    13.5     2.1     7.8     7.6   118.7    14.8 C    20.6     0.1     8.4
64757 201705  2.424  -79.7810   44.2326    16.0     6.1    11.1    11.3   105.6    16.5 C    24.8     4.4    12.7
64757 201706  2.424  -79.7810   44.2326    22.5    11.8    17.1    17.3   132.2    18.8 C    31.7    10.3    18.9
64757 201707  2.424  -79.7810   44.2326    24.6    14.5    19.6    19.5    43.4    19.5 C    35.3    13.1    21.6
