53165 201008  6.101 -112.5095   39.3872    32.3    13.8    23.1    23.8     3.8 -9999.0 U -9999.0 -9999.0 -9999.0
53165 201009  6.101 -112.5095   39.3872    29.3     7.7    18.5    19.3     0.0 -9999.0 U -9999.0 -9999.0 -9999.0
53165 201010  6.101 -112.5095   39.3872    18.6     4.2    11.4    11.2    35.7 -9999.0 U -9999.0 -9999.0 -9999.0
53165 201011  6.101 -112.5095   39.3872     7.9    -5.4     1.2     1.4    15.6 -9999.0 U -9999.0 -9999.0 -9999.0
53165 201012  6.101 -112.5095   39.3872     4.9    -3.9     0.5     0.3    43.0 -9999.0 U -9999.0 -9999.0 -9999.0
53165 201101  6.101 -112.5095   39.3872    -0.2   -10.4    -5.3    -5.4     1.0 -9999.0 U -9999.0 -9999.0 -9999.0
53165 201102  6.101 -112.5095   39.3872     5.8    -5.6     0.1    -0.1    10.8 -9999.0 U -9999.0 -9999.0 -9999.0
53165 201103  6.101 -112.5095   39.3872    12.3    -0.9     5.7     5.7    23.0 -9999.0 U -9999.0 -9999.0 -9999.0
53165 201104  6.101 -112.5095   39.3872    14.2     0.2     7.2     7.0    33.3 -9999.0 U -9999.0 -9999.0 -9999.0
53165 201105  6.101 -112.5095   39.3872    18.4     4.1    11.2    11.1    79.1 -9999.0 U -9999.0 -9999.0 -9999.0
53165 201106  6.101 -112.5095   39.3872    28.0     8.6    18.3    19.0    13.4 -9999.0 U -9999.0 -9999.0 -9999.0
53165 201107  6.101 -112.5095   39.3872    33.8    15.9    24.8    25.0     6.7 -9999.0 U -9999.0 -9999.0 -9999.0
53165 201108  6.101 -112.5095   39.3872    34.7    16.3    25.5    25.8    13.5 -9999.0 U -9999.0 -9999.0 -9999.0
53165 201109  6.101 -112.5095   39.3872    28.4     8.8    18.6    18.9     9.4 -9999.0 U -9999.0 -9999.0 -9999.0
53165 201110  6.101 -112.5095   39.3872    18.7     2.0    10.4    10.2    29.7 -9999.0 U -9999.0 -9999.0 -9999.0
53165 201111  6.101 -112.5095   39.3872     9.8    -4.6     2.6     2.4    11.8 -9999.0 U -9999.0 -9999.0 -9999.0
53165 201112  6.101 -112.5095   39.3872     2.5   -11.4    -4.4    -4.4     1.2 -9999.0 U -9999.0 -9999.0 -9999.0
53165 201201  6.101 -112.5095   39.3872     6.6    -8.7    -1.0    -1.0    15.1 -9999.0 U -9999.0 -9999.0 -9999.0
53165 201202  6.101 -112.5095   39.3872     6.9    -6.1     0.4     0.3    25.7 -9999.0 U -9999.0 -9999.0 -9999.0
53165 201203  6.101 -112.5095   39.3872    14.4    -0.6     6.9     7.0    10.0 -9999.0 U -9999.0 -9999.0 -9999.0
53165 201204  6.101 -112.5095   39.3872    19.1     2.0    10.5    10.8    18.9 -9999.0 U -9999.0 -9999.0 -9999.0
53165 201205  6.101 -112.5095   39.3872    24.9     6.1    15.5    16.7     5.0 -9999.0 U -9999.0 -9999.0 -9999.0
53165 201206  6.101 -112.5095   39.3872    32.2    11.7    21.9    23.2     0.0 -9999.0 U -9999.0 -9999.0 -9999.0
53165 201207  6.101 -112.5095   39.3872    34.1    16.3    25.2    25.6    13.9 -9999.0 U -9999.0 -9999.0 -9999.0
53165 201208  6.101 -112.5095   39.3872    34.0    16.8    25.4    25.3     7.1 -9999.0 U -9999.0 -9999.0 -9999.0
53165 201209  6.101 -112.5095   39.3872    28.0    10.0    19.0    19.2    24.6 -9999.0 U -9999.0 -9999.0 -9999.0
53165 201210  6.101 -112.5095   39.3872    19.6     2.5    11.1    10.9    18.9 -9999.0 U -9999.0 -9999.0 -9999.0
53165 201211  6.101 -112.5095   39.3872    11.6    -2.6     4.5     4.2    20.8 -9999.0 U -9999.0 -9999.0 -9999.0
53165 201212  6.101 -112.5095   39.3872     3.0    -6.6    -1.8    -1.5    31.3 -9999.0 U -9999.0 -9999.0 -9999.0
53165 201301  6.101 -112.5095   39.3872    -7.4   -18.1   -12.7   -12.5    12.4 -9999.0 U -9999.0 -9999.0 -9999.0
53165 201302  6.101 -112.5095   39.3872     1.8    -9.3    -3.7    -3.7     4.2 -9999.0 U -9999.0 -9999.0 -9999.0
53165 201303  6.101 -112.5095   39.3872    13.8    -1.6     6.1     6.3     3.6 -9999.0 U -9999.0 -9999.0 -9999.0
53165 201304  6.101 -112.5095   39.3872    15.9     0.4     8.2     8.5    34.5 -9999.0 U -9999.0 -9999.0 -9999.0
53165 201305  6.101 -112.5095   39.3872    23.2     4.9    14.1    14.8     9.6 -9999.0 U -9999.0 -9999.0 -9999.0
53165 201306  6.101 -112.5095   39.3872    32.5    12.3    22.4    23.6     0.0 -9999.0 U -9999.0 -9999.0 -9999.0
53165 201307  6.101 -112.5095   39.3872    35.3    17.5    26.4    26.6    28.6 -9999.0 U -9999.0 -9999.0 -9999.0
53165 201308  6.101 -112.5095   39.3872    32.7    16.2    24.5    24.6    31.8 -9999.0 U -9999.0 -9999.0 -9999.0
53165 201309  6.101 -112.5095   39.3872    25.8    11.2    18.5    18.1    26.2 -9999.0 U -9999.0 -9999.0 -9999.0
53165 201310  6.101 -112.5095   39.3872    16.8     0.6     8.7     8.6    13.5 -9999.0 U -9999.0 -9999.0 -9999.0
53165 201311  6.101 -112.5095   39.3872    10.0    -3.8     3.1     3.1    12.2 -9999.0 U -9999.0 -9999.0 -9999.0
53165 201312  6.101 -112.5095   39.3872    -2.4   -15.8    -9.1    -9.1    13.4 -9999.0 U -9999.0 -9999.0 -9999.0
53165 201401  6.101 -112.5095   39.3872     4.0    -9.5    -2.8    -3.0    12.1 -9999.0 U -9999.0 -9999.0 -9999.0
53165 201402  6.101 -112.5095   39.3872     9.3    -4.1     2.6     2.8    13.1 -9999.0 U -9999.0 -9999.0 -9999.0
53165 201403  6.101 -112.5095   39.3872    13.8    -2.4     5.7     6.0    20.5 -9999.0 U -9999.0 -9999.0 -9999.0
53165 201404  6.101 -112.5095   39.3872    17.9     1.3     9.6    10.2    15.5 -9999.0 U -9999.0 -9999.0 -9999.0
53165 201405  6.101 -112.5095   39.3872    24.5     6.6    15.6    16.2    11.4 -9999.0 U -9999.0 -9999.0 -9999.0
53165 201406  6.101 -112.5095   39.3872 -9999.0 -9999.0 -9999.0 -9999.0 -9999.0 -9999.0 U -9999.0 -9999.0 -9999.0
