03082 200907  6.101 -105.8945   33.6476 -9999.0 -9999.0 -9999.0 -9999.0 -9999.0 -9999.0 U -9999.0 -9999.0 -9999.0
03082 200908  6.101 -105.8945   33.6476    32.1    14.0    23.1    23.5     8.3 -9999.0 U -9999.0 -9999.0 -9999.0
03082 200909  6.101 -105.8945   33.6476    26.9    10.5    18.7    18.5    14.7 -9999.0 U -9999.0 -9999.0 -9999.0
03082 200910  6.101 -105.8945   33.6476    20.6     4.5    12.5    12.8    33.9 -9999.0 U -9999.0 -9999.0 -9999.0
03082 200911  6.101 -105.8945   33.6476    16.7    -2.9     6.9     6.8    19.3 -9999.0 U -9999.0 -9999.0 -9999.0
03082 200912  6.101 -105.8945   33.6476     7.6    -6.2     0.7     0.8    10.9 -9999.0 U -9999.0 -9999.0 -9999.0
03082 201001  6.101 -105.8945   33.6476     9.5    -7.1     1.2     1.0    19.3 -9999.0 U -9999.0 -9999.0 -9999.0
03082 201002  6.101 -105.8945   33.6476    10.6    -4.4     3.1     3.1    20.0 -9999.0 U -9999.0 -9999.0 -9999.0
03082 201003  6.101 -105.8945   33.6476    15.6    -2.7     6.4     7.0    13.0 -9999.0 U -9999.0 -9999.0 -9999.0
03082 201004  6.101 -105.8945   33.6476    21.4     3.6    12.5    13.3    25.6 -9999.0 U -9999.0 -9999.0 -9999.0
03082 201005  6.101 -105.8945   33.6476    26.7     7.9    17.3    18.4     4.9 -9999.0 U -9999.0 -9999.0 -9999.0
03082 201006  6.101 -105.8945   33.6476    33.5    13.2    23.4    24.5     5.7 -9999.0 U -9999.0 -9999.0 -9999.0
03082 201007  6.101 -105.8945   33.6476    31.2    16.2    23.7    23.2    67.1 -9999.0 U -9999.0 -9999.0 -9999.0
03082 201008  6.101 -105.8945   33.6476    31.8    15.3    23.5    23.4    14.2 -9999.0 U -9999.0 -9999.0 -9999.0
03082 201009  6.101 -105.8945   33.6476    30.4    11.5    21.0    21.2     7.3 -9999.0 U -9999.0 -9999.0 -9999.0
03082 201010  6.101 -105.8945   33.6476    23.0     5.8    14.4    14.7    42.4 -9999.0 U -9999.0 -9999.0 -9999.0
03082 201011  6.101 -105.8945   33.6476    15.0    -4.3     5.4     6.1     1.6 -9999.0 U -9999.0 -9999.0 -9999.0
03082 201012  6.101 -105.8945   33.6476    13.7    -4.3     4.7     4.6    12.1 -9999.0 U -9999.0 -9999.0 -9999.0
03082 201101  6.101 -105.8945   33.6476    11.2    -8.9     1.2     1.4     1.5 -9999.0 U -9999.0 -9999.0 -9999.0
03082 201102  6.101 -105.8945   33.6476    11.3    -7.7     1.8     2.5     1.4 -9999.0 U -9999.0 -9999.0 -9999.0
03082 201103  6.101 -105.8945   33.6476    21.0     0.4    10.7    12.1     0.0 -9999.0 U -9999.0 -9999.0 -9999.0
03082 201104  6.101 -105.8945   33.6476    24.3     5.4    14.8    16.0     0.8 -9999.0 U -9999.0 -9999.0 -9999.0
03082 201105  6.101 -105.8945   33.6476    26.2     7.8    17.0    18.5     0.0 -9999.0 U -9999.0 -9999.0 -9999.0
03082 201106  6.101 -105.8945   33.6476    34.6    13.7    24.1    25.9     0.0 -9999.0 U -9999.0 -9999.0 -9999.0
03082 201107  6.101 -105.8945   33.6476    33.7    16.9    25.3    25.4    19.8 -9999.0 U -9999.0 -9999.0 -9999.0
03082 201108  6.101 -105.8945   33.6476    33.9    17.1    25.5    25.5    12.4 -9999.0 U -9999.0 -9999.0 -9999.0
03082 201109  6.101 -105.8945   33.6476    28.9    11.5    20.2    20.3    14.5 -9999.0 U -9999.0 -9999.0 -9999.0
03082 201110  6.101 -105.8945   33.6476    22.7     4.0    13.4    13.6    49.2 -9999.0 U -9999.0 -9999.0 -9999.0
03082 201111  6.101 -105.8945   33.6476    14.6    -1.3     6.6     6.8    21.4 -9999.0 U -9999.0 -9999.0 -9999.0
03082 201112  6.101 -105.8945   33.6476     6.1    -6.1     0.0    -0.3    53.1 -9999.0 U -9999.0 -9999.0 -9999.0
03082 201201  6.101 -105.8945   33.6476    12.8    -5.5     3.7     3.8     0.6 -9999.0 U -9999.0 -9999.0 -9999.0
03082 201202  6.101 -105.8945   33.6476    12.6    -3.9     4.3     4.5     7.3 -9999.0 U -9999.0 -9999.0 -9999.0
03082 201203  6.101 -105.8945   33.6476    19.2    -1.6     8.8     9.6     4.6 -9999.0 U -9999.0 -9999.0 -9999.0
03082 201204  6.101 -105.8945   33.6476    24.5     4.9    14.7    15.9     1.2 -9999.0 U -9999.0 -9999.0 -9999.0
03082 201205  6.101 -105.8945   33.6476    27.5     8.4    18.0    19.4     8.1 -9999.0 U -9999.0 -9999.0 -9999.0
03082 201206  6.101 -105.8945   33.6476    34.7    13.1    23.9    25.6     0.5 -9999.0 U -9999.0 -9999.0 -9999.0
03082 201207  6.101 -105.8945   33.6476    31.8    15.8    23.8    23.9    36.1 -9999.0 U -9999.0 -9999.0 -9999.0
03082 201208  6.101 -105.8945   33.6476    32.2    15.7    24.0    24.0    39.1 -9999.0 U -9999.0 -9999.0 -9999.0
03082 201209  6.101 -105.8945   33.6476    27.7    10.5    19.1    19.3    10.5 -9999.0 U -9999.0 -9999.0 -9999.0
03082 201210  6.101 -105.8945   33.6476    24.1     4.5    14.3    14.8     9.4 -9999.0 U -9999.0 -9999.0 -9999.0
03082 201211  6.101 -105.8945   33.6476    18.1    -1.9     8.1     8.0    10.2 -9999.0 U -9999.0 -9999.0 -9999.0
03082 201212  6.101 -105.8945   33.6476    10.8    -6.3     2.3     2.3    33.9 -9999.0 U -9999.0 -9999.0 -9999.0
03082 201301  6.101 -105.8945   33.6476     8.7    -7.0     0.9     0.8     1.2 -9999.0 U -9999.0 -9999.0 -9999.0
03082 201302  6.101 -105.8945   33.6476    12.0    -6.3     2.9     3.4     6.0 -9999.0 U -9999.0 -9999.0 -9999.0
03082 201303  6.101 -105.8945   33.6476    18.9    -0.3     9.3    10.3     6.5 -9999.0 U -9999.0 -9999.0 -9999.0
03082 201304  6.101 -105.8945   33.6476    22.8     3.6    13.2    14.3     0.2 -9999.0 U -9999.0 -9999.0 -9999.0
03082 201305  6.101 -105.8945   33.6476    26.9     7.7    17.3    18.7     0.5 -9999.0 U -9999.0 -9999.0 -9999.0
03082 201306  6.101 -105.8945   33.6476    34.4    15.2    24.8    25.7    39.6 -9999.0 U -9999.0 -9999.0 -9999.0
03082 201307  6.101 -105.8945   33.6476    30.4    16.5    23.4    23.1    35.9 -9999.0 U -9999.0 -9999.0 -9999.0
03082 201308  6.101 -105.8945   33.6476    29.8    14.9    22.3    22.2    98.5 -9999.0 U -9999.0 -9999.0 -9999.0
03082 201309  6.101 -105.8945   33.6476    26.3    11.3    18.8    19.0    96.6 -9999.0 U -9999.0 -9999.0 -9999.0
03082 201310  6.101 -105.8945   33.6476    21.3     2.1    11.7    12.2     8.2 -9999.0 U -9999.0 -9999.0 -9999.0
03082 201311  6.101 -105.8945   33.6476    14.3    -2.0     6.2     6.1    12.8 -9999.0 U -9999.0 -9999.0 -9999.0
03082 201312  6.101 -105.8945   33.6476    10.1    -6.1     2.0     1.9    16.3 -9999.0 U -9999.0 -9999.0 -9999.0
03082 201401  6.101 -105.8945   33.6476    12.3    -7.8     2.2     2.2     0.0 -9999.0 U -9999.0 -9999.0 -9999.0
03082 201402  6.101 -105.8945   33.6476    15.9    -2.6     6.7     7.4     0.3 -9999.0 U -9999.0 -9999.0 -9999.0
03082 201403  6.101 -105.8945   33.6476    17.8     0.3     9.0     9.9    10.7 -9999.0 U -9999.0 -9999.0 -9999.0
03082 201404  6.101 -105.8945   33.6476    21.3     3.6    12.5    13.8     7.9 -9999.0 U -9999.0 -9999.0 -9999.0
03082 201405  6.101 -105.8945   33.6476    26.3     6.8    16.6    18.1     1.8 -9999.0 U -9999.0 -9999.0 -9999.0
03082 201406  6.101 -105.8945   33.6476 -9999.0 -9999.0 -9999.0 -9999.0 -9999.0 -9999.0 U -9999.0 -9999.0 -9999.0
