26564 201406  2.515 -155.7506   68.4851 -9999.0 -9999.0 -9999.0 -9999.0 -9999.0 -9999.0 U -9999.0 -9999.0 -9999.0
26564 201407  2.515 -155.7506   68.4851    13.6     4.4     9.0     9.3    52.3    14.8 C    18.7     3.4    10.1
26564 201408  2.515 -155.7506   68.4851    11.0     3.0     7.0     6.9    20.7     9.9 C    15.3     1.7     7.4
26564 201409  2.515 -155.7506   68.4851     3.8    -4.3    -0.2     0.0    26.9     6.9 C     3.5    -6.3    -1.2
26564 201410  2.515 -155.7506   68.4851    -7.3   -11.6    -9.5    -9.1    19.4     1.6 C    -6.9   -13.6    -9.8
26564 201411  2.515 -155.7506   68.4851    -7.8   -17.9   -12.9   -13.1     7.5     0.4 C   -13.2   -21.9   -17.6
26564 201412  2.515 -155.7506   68.4851   -20.1   -27.7   -23.9   -23.7    17.6     0.0 C   -18.2   -29.6   -24.2
26564 201501  2.515 -155.7506   68.4851   -16.3   -26.8   -21.6   -21.9     6.2     0.1 C   -18.3   -29.8   -24.4
26564 201502  2.515 -155.7506   68.4851   -12.2   -22.6   -17.4   -17.1    12.0     1.6 C   -14.1   -26.2   -20.0
26564 201503  2.515 -155.7506   68.4851   -15.4   -26.5   -21.0   -20.7    19.8     7.0 C   -16.0   -29.5   -23.0
26564 201504  2.515 -155.7506   68.4851   -10.1   -19.1   -14.6   -14.3     9.9    16.0 C    -8.7   -22.9   -15.6
26564 201505  2.515 -155.7506   68.4851     7.3    -1.7     2.8     3.2    48.0    18.8 C     6.0    -3.7     1.1
26564 201506  2.515 -155.7506   68.4851    13.7     3.2     8.4     9.2    10.4    19.9 C    19.4     1.6     9.6
26564 201507  2.515 -155.7506   68.4851    15.1     4.2     9.7     9.9    68.1    17.3 C    20.9     2.8    11.1
26564 201508  2.515 -155.7506   68.4851     8.8     1.8     5.3     5.4    91.0     8.7 C    12.1     1.3     5.8
26564 201509  2.515 -155.7506   68.4851    -0.3    -7.4    -3.8    -3.4    20.5     7.9 C     0.0    -9.3    -4.3
26564 201510  2.515 -155.7506   68.4851    -6.3   -13.4    -9.8    -9.5    15.4     2.3 C    -7.0   -14.9   -10.8
26564 201511  2.515 -155.7506   68.4851   -13.2   -20.8   -17.0   -16.5    16.9     0.2 C   -13.9   -24.4   -18.9
26564 201512  2.515 -155.7506   68.4851   -21.1   -29.7   -25.4   -25.6     4.2     0.0 C   -21.5   -31.9   -27.4
26564 201601  2.515 -155.7506   68.4851   -14.5   -24.2   -19.4   -19.3     8.2     0.1 C   -16.8   -26.4   -21.6
26564 201602  2.515 -155.7506   68.4851   -12.5   -23.8   -18.1   -18.4     1.1     2.0 C   -15.5   -26.7   -21.3
26564 201603  2.515 -155.7506   68.4851   -21.0   -28.8   -24.9   -24.5    20.9     9.0 C   -19.1   -31.0   -25.8
26564 201604  2.515 -155.7506   68.4851    -8.8   -19.3   -14.1   -13.4     5.4    17.3 C    -8.2   -21.9   -14.5
26564 201605  2.515 -155.7506   68.4851     3.8    -4.1    -0.1     0.2    13.0    20.0 C     1.9    -5.4    -1.4
26564 201606  2.515 -155.7506   68.4851 -9999.0 -9999.0 -9999.0 -9999.0 -9999.0 -9999.0 U -9999.0 -9999.0 -9999.0
26564 201607  2.515 -155.7506   68.4851    16.5     5.1    10.8    11.3    94.8    18.5 C    20.6     5.1    12.0
26564 201608  2.515 -155.7506   68.4851    11.7     3.3     7.5     7.6    77.3     9.8 C    13.4     3.2     7.7
26564 201609  2.515 -155.7506   68.4851     2.6    -4.6    -1.0    -0.5    38.2     6.5 C     1.5    -5.8    -1.5
26564 201610  2.515 -155.7506   68.4851    -0.1    -8.9    -4.5    -4.4     4.6     2.9 C    -3.8   -11.2    -7.4
26564 201611  2.515 -155.7506   68.4851   -15.1   -22.1   -18.6   -18.4     1.3     0.1 C   -16.1   -23.6   -19.6
26564 201612  2.515 -155.7506   68.4851   -13.8   -23.0   -18.4   -18.2     3.4     0.0 C   -17.0   -26.4   -21.4
26564 201701  2.515 -155.7506   68.4851 -9999.0 -9999.0 -9999.0 -9999.0 -9999.0 -9999.0 U -9999.0 -9999.0 -9999.0
26564 201702  2.515 -155.7506   68.4851 -9999.0 -9999.0 -9999.0 -9999.0 -9999.0 -9999.0 U -9999.0 -9999.0 -9999.0
26564 201703  2.515 -155.7506   68.4851   -17.3   -27.9   -22.6   -22.0     1.8     7.4 C   -18.8   -31.6   -25.2
26564 201704  2.515 -155.7506   68.4851    -7.3   -19.4   -13.4   -12.8     0.2    17.4 C    -8.5   -23.7   -16.0
26564 201705  2.515 -155.7506   68.4851     2.7    -5.9    -1.6    -1.4    14.9    20.1 C    -0.4    -7.7    -3.4
26564 201706  2.515 -155.7506   68.4851    13.6     2.4     8.0     8.2    45.9    22.4 C    18.7     1.5     9.0
26564 201707  2.515 -155.7506   68.4851    17.4     7.8    12.6    13.0    50.2    13.0 C    20.1     7.3    12.7
